  0.169550423E+01  0.292986187E+00  0.207233539E-01 -0.312500000E-00
  0.168993217E+01  0.279565505E+00  0.103728669E+00 -0.312500000E-00
  0.167825769E+01  0.282797282E+00  0.164521189E+00 -0.312500000E-00
  0.166330323E+01  0.296807292E+00  0.212931744E+00 -0.312500000E-00
  0.164597375E+01  0.313176635E+00  0.257862608E+00 -0.312500000E-00
  0.162616168E+01  0.322989432E+00  0.307526355E+00 -0.312500000E-00
  0.160281229E+01  0.318803640E+00  0.368343893E+00 -0.312500000E-00
  0.157312250E+01  0.296194262E+00  0.444333480E+00 -0.312500000E-00
  0.153210988E+01  0.254755211E+00  0.535623452E+00 -0.312500000E-00
  0.147412173E+01  0.198517854E+00  0.635652276E+00 -0.312500000E-00
  0.139537824E+01  0.135202073E+00  0.731087451E+00 -0.312500000E-00
  0.129519365E+01  0.740239637E-01  0.806428917E+00 -0.312500000E-00
  0.117637454E+01  0.230437561E-01  0.848372461E+00 -0.312500000E-00
  0.104670116E+01 -0.129301738E-01  0.848266723E+00 -0.312500000E-00
  0.919501262E+00 -0.334010203E-01  0.801885832E+00 -0.312500000E-00
  0.816868323E+00 -0.418627958E-01  0.706656656E+00 -0.312500000E-00
  0.769002224E+00 -0.440191739E-01  0.573279084E+00 -0.312500000E-00
  0.782627389E+00 -0.433123764E-01  0.437962851E+00 -0.312500000E-00
  0.819626844E+00 -0.385953858E-01  0.331536728E+00 -0.312500000E-00
  0.851389077E+00 -0.290470853E-01  0.255548809E+00 -0.312500000E-00
  0.873756825E+00 -0.155987284E-01  0.203173273E+00 -0.312500000E-00
  0.888640969E+00  0.570075634E-03  0.166754517E+00 -0.312500000E-00
  0.899273594E+00  0.185852028E-01  0.138314203E+00 -0.312500000E-00
  0.908894754E+00  0.379871181E-01  0.111003248E+00 -0.312500000E-00
  0.919355422E+00  0.585870590E-01  0.806690364E-01 -0.312500000E-00
  0.930134400E+00  0.801477374E-01  0.469488435E-01 -0.312500000E-00
  0.938770081E+00  0.102107067E+00  0.124975742E-01 -0.312500000E-00
  0.942455588E+00  0.123577178E+00 -0.201869486E-01 -0.312500000E-00
  0.939425540E+00  0.143612328E+00 -0.517405800E-01 -0.312500000E-00
  0.930144135E+00  0.161678952E+00 -0.845820664E-01 -0.312500000E-00
  0.917722893E+00  0.178098036E+00 -0.118549841E+00 -0.312500000E-00
  0.905836031E+00  0.193896314E+00 -0.150273814E+00 -0.312500000E-00
  0.896210147E+00  0.210191276E+00 -0.176875964E+00 -0.312500000E-00
  0.888523772E+00  0.227795549E+00 -0.198576658E+00 -0.312500000E-00
  0.881755786E+00  0.247117054E+00 -0.218195716E+00 -0.312500000E-00
  0.875303747E+00  0.268101173E+00 -0.239391165E+00 -0.312500000E-00
  0.869505934E+00  0.290163687E+00 -0.265414925E+00 -0.312500000E-00
  0.865687382E+00  0.312168986E+00 -0.298880378E+00 -0.312500000E-00
  0.865572323E+00  0.332363583E+00 -0.342436127E+00 -0.312500000E-00
  0.868716311E+00  0.347629109E+00 -0.401180811E+00 -0.312500000E-00
  0.867193731E+00  0.351702708E+00 -0.492108264E+00 -0.312500000E-00
  0.882451680E+00  0.350987938E+00 -0.630830173E+00 -0.312500000E-00
  0.991258494E+00  0.373049362E+00 -0.743753778E+00 -0.312500000E-00
  0.118022363E+01  0.405354691E+00 -0.766967759E+00 -0.312500000E-00
  0.139238014E+01  0.422277840E+00 -0.674458033E+00 -0.312500000E-00
  0.156038172E+01  0.407514865E+00 -0.484687240E+00 -0.312500000E-00
  0.165266296E+01  0.367845328E+00 -0.271336889E+00 -0.312500000E-00
  0.168828631E+01  0.324367440E+00 -0.989748231E-01 -0.312500000E-00
  0.169550423E+01  0.292986187E+00  0.207233539E-01 -0.312500000E-00
  0.141123627E+01  0.891502781E+00  0.972994043E-02 -0.312500000E-00
  0.139480089E+01  0.848063850E+00  0.205782592E+00 -0.312500000E-00
  0.136415423E+01  0.798954590E+00  0.344109432E+00 -0.312500000E-00
  0.132776042E+01  0.750348349E+00  0.450310821E+00 -0.312500000E-00
  0.128288106E+01  0.705740248E+00  0.541679465E+00 -0.312500000E-00
  0.123172461E+01  0.672519249E+00  0.615130626E+00 -0.312500000E-00
  0.117894479E+01  0.656734498E+00  0.666645848E+00 -0.312500000E-00
  0.112545863E+01  0.657419319E+00  0.700312309E+00 -0.312500000E-00
  0.106933397E+01  0.666204807E+00  0.724669805E+00 -0.312500000E-00
  0.101007462E+01  0.670689035E+00  0.747796732E+00 -0.312500000E-00
  0.950236221E+00  0.659166956E+00  0.774720093E+00 -0.312500000E-00
  0.893234987E+00  0.624747645E+00  0.806312388E+00 -0.312500000E-00
  0.840689352E+00  0.567748875E+00  0.838750162E+00 -0.312500000E-00
  0.792452309E+00  0.495789985E+00  0.864464532E+00 -0.312500000E-00
  0.748886110E+00  0.420965866E+00  0.875959386E+00 -0.312500000E-00
  0.711848253E+00  0.354694600E+00  0.870665500E+00 -0.312500000E-00
  0.682404745E+00  0.303248034E+00  0.852408194E+00 -0.312500000E-00
  0.658689179E+00  0.266965814E+00  0.827593519E+00 -0.312500000E-00
  0.637638739E+00  0.242428010E+00  0.800213740E+00 -0.312500000E-00
  0.618035753E+00  0.224795077E+00  0.770836881E+00 -0.312500000E-00
  0.601296535E+00  0.209482715E+00  0.738618020E+00 -0.312500000E-00
  0.590020712E+00  0.193336721E+00  0.703026052E+00 -0.312500000E-00
  0.585896282E+00  0.175135638E+00  0.664000714E+00 -0.312500000E-00
  0.588557040E+00  0.155604808E+00  0.621051647E+00 -0.312500000E-00
  0.596115085E+00  0.137270872E+00  0.572375019E+00 -0.312500000E-00
  0.607063841E+00  0.124004667E+00  0.514616519E+00 -0.312500000E-00
  0.622948498E+00  0.120117435E+00  0.443718698E+00 -0.312500000E-00
  0.649812058E+00  0.129422648E+00  0.357811817E+00 -0.312500000E-00
  0.692970992E+00  0.154253275E+00  0.261204757E+00 -0.312500000E-00
  0.745348175E+00  0.193148440E+00  0.162868760E+00 -0.312500000E-00
  0.791837342E+00  0.240248317E+00  0.715856484E-01 -0.312500000E-00
  0.823805979E+00  0.288998006E+00 -0.120904644E-02 -0.312500000E-00
  0.838625476E+00  0.334917153E+00 -0.502659919E-01 -0.312500000E-00
  0.834844784E+00  0.376007133E+00 -0.895820780E-01 -0.312500000E-00
  0.815493592E+00  0.414013075E+00 -0.135200279E+00 -0.312500000E-00
  0.792501405E+00  0.456043892E+00 -0.188484204E+00 -0.312500000E-00
  0.773031521E+00  0.506905484E+00 -0.242524139E+00 -0.312500000E-00
  0.757301010E+00  0.564969447E+00 -0.291047099E+00 -0.312500000E-00
  0.743504049E+00  0.622690924E+00 -0.334531976E+00 -0.312500000E-00
  0.733429021E+00  0.671240775E+00 -0.381112111E+00 -0.312500000E-00
  0.734878746E+00  0.707079473E+00 -0.439630802E+00 -0.312500000E-00
  0.758564397E+00  0.734045805E+00 -0.508784773E+00 -0.312500000E-00
  0.812800314E+00  0.759159117E+00 -0.574194969E+00 -0.312500000E-00
  0.899961848E+00  0.787464804E+00 -0.619348077E+00 -0.312500000E-00
  0.101760634E+01  0.822203885E+00 -0.628635787E+00 -0.312500000E-00
  0.115666792E+01  0.863295660E+00 -0.577619662E+00 -0.312500000E-00
  0.129170332E+01  0.900064954E+00 -0.441687048E+00 -0.312500000E-00
  0.138347000E+01  0.912762392E+00 -0.227619401E+00 -0.312500000E-00
  0.141123627E+01  0.891502781E+00  0.972994043E-02 -0.312500000E-00
  0.962830204E+00  0.127529006E+01 -0.563519937E-01 -0.312500000E-00
  0.955652553E+00  0.122996255E+01  0.191385684E+00 -0.312500000E-00
  0.905623159E+00  0.115856998E+01  0.383961350E+00 -0.312500000E-00
  0.841682389E+00  0.108937474E+01  0.503754040E+00 -0.312500000E-00
  0.765113915E+00  0.101851336E+01  0.589334901E+00 -0.312500000E-00
  0.675170263E+00  0.943665150E+00  0.656442402E+00 -0.312500000E-00
  0.580801631E+00  0.876759202E+00  0.698626573E+00 -0.312500000E-00
  0.487691051E+00  0.823709515E+00  0.716361431E+00 -0.312500000E-00
  0.396137559E+00  0.776476649E+00  0.717183827E+00 -0.312500000E-00
  0.309015199E+00  0.721565963E+00  0.707456011E+00 -0.312500000E-00
  0.235127075E+00  0.651139460E+00  0.689670960E+00 -0.312500000E-00
  0.183842234E+00  0.567265238E+00  0.664268256E+00 -0.312500000E-00
  0.158763321E+00  0.480074182E+00  0.633501732E+00 -0.312500000E-00
  0.157051493E+00  0.402254815E+00  0.602035524E+00 -0.312500000E-00
  0.173564445E+00  0.341504844E+00  0.571089837E+00 -0.312500000E-00
  0.203930358E+00  0.296985928E+00  0.540616808E+00 -0.312500000E-00
  0.245374505E+00  0.264560116E+00  0.509805448E+00 -0.312500000E-00
  0.300970175E+00  0.245325776E+00  0.467008327E+00 -0.312500000E-00
  0.367503103E+00  0.235748654E+00  0.409301609E+00 -0.312500000E-00
  0.431333070E+00  0.232195117E+00  0.338999624E+00 -0.312500000E-00
  0.485995319E+00  0.238689292E+00  0.259647508E+00 -0.312500000E-00
  0.530959412E+00  0.258143380E+00  0.178123839E+00 -0.312500000E-00
  0.565655089E+00  0.288030997E+00  0.102149454E+00 -0.312500000E-00
  0.590111230E+00  0.322590121E+00  0.379458599E-01 -0.312500000E-00
  0.605776468E+00  0.356284919E+00 -0.114032693E-01 -0.312500000E-00
  0.614837802E+00  0.386311701E+00 -0.466612251E-01 -0.312500000E-00
  0.618991296E+00  0.412962018E+00 -0.715314105E-01 -0.312500000E-00
  0.619377819E+00  0.438532877E+00 -0.904044166E-01 -0.312500000E-00
  0.617452653E+00  0.465835095E+00 -0.106143443E+00 -0.312500000E-00
  0.615003753E+00  0.496497869E+00 -0.119635846E+00 -0.312500000E-00
  0.612851433E+00  0.529304252E+00 -0.131744539E+00 -0.312500000E-00
  0.610444242E+00  0.560316650E+00 -0.144783453E+00 -0.312500000E-00
  0.607726620E+00  0.586347333E+00 -0.159927927E+00 -0.312500000E-00
  0.605081116E+00  0.607527467E+00 -0.176146719E+00 -0.312500000E-00
  0.601325594E+00  0.626678057E+00 -0.192848987E+00 -0.312500000E-00
  0.593683345E+00  0.648165197E+00 -0.210994722E+00 -0.312500000E-00
  0.579400230E+00  0.676660538E+00 -0.232147726E+00 -0.312500000E-00
  0.557329102E+00  0.715507998E+00 -0.256931758E+00 -0.312500000E-00
  0.528847067E+00  0.765350992E+00 -0.284274798E+00 -0.312500000E-00
  0.498582431E+00  0.824292253E+00 -0.312804662E+00 -0.312500000E-00
  0.474681152E+00  0.889603018E+00 -0.341525169E+00 -0.312500000E-00
  0.466472767E+00  0.956974268E+00 -0.370670069E+00 -0.312500000E-00
  0.482452546E+00  0.102163775E+01 -0.406210941E+00 -0.312500000E-00
  0.528245201E+00  0.108146221E+01 -0.445232844E+00 -0.312500000E-00
  0.602230867E+00  0.113362496E+01 -0.468259782E+00 -0.312500000E-00
  0.698169001E+00  0.118093460E+01 -0.461358367E+00 -0.312500000E-00
  0.806361595E+00  0.122900713E+01 -0.406717684E+00 -0.312500000E-00
  0.905988695E+00  0.126947310E+01 -0.274441930E+00 -0.312500000E-00
  0.962830204E+00  0.127529006E+01 -0.563519937E-01 -0.312500000E-00
  0.463880310E+00  0.146818895E+01 -0.681146872E-01 -0.312500000E-00
  0.497272484E+00  0.145551448E+01  0.232207132E-01 -0.312500000E-00
  0.480397175E+00  0.143357574E+01  0.130642464E+00 -0.312500000E-00
  0.421988194E+00  0.138881029E+01  0.239364643E+00 -0.312500000E-00
  0.345340710E+00  0.131660858E+01  0.330220237E+00 -0.312500000E-00
  0.281360623E+00  0.125299806E+01  0.422121885E+00 -0.312500000E-00
  0.235229697E+00  0.118322130E+01  0.509844496E+00 -0.312500000E-00
  0.202290943E+00  0.109501358E+01  0.564998071E+00 -0.312500000E-00
  0.174872513E+00  0.100465209E+01  0.599968379E+00 -0.312500000E-00
  0.141115522E+00  0.915061316E+00  0.620903062E+00 -0.312500000E-00
  0.944714358E-01  0.826934282E+00  0.625364126E+00 -0.312500000E-00
  0.372902556E-01  0.740374432E+00  0.609896285E+00 -0.312500000E-00
 -0.207145605E-01  0.653199822E+00  0.572888025E+00 -0.312500000E-00
 -0.667957419E-01  0.565716812E+00  0.516147012E+00 -0.312500000E-00
 -0.914538623E-01  0.482750187E+00  0.446358061E+00 -0.312500000E-00
 -0.919173628E-01  0.407447640E+00  0.371349418E+00 -0.312500000E-00
 -0.729676291E-01  0.343121351E+00  0.294934458E+00 -0.312500000E-00
 -0.449270821E-01  0.299762662E+00  0.222552382E+00 -0.312500000E-00
 -0.134671120E-01  0.276632380E+00  0.168497285E+00 -0.312500000E-00
  0.198012664E-01  0.264583860E+00  0.135709449E+00 -0.312500000E-00
  0.537670970E-01  0.260597767E+00  0.110512106E+00 -0.312500000E-00
  0.871073101E-01  0.259845929E+00  0.841556746E-01 -0.312500000E-00
  0.119484540E+00  0.262448662E+00  0.581464498E-01 -0.312500000E-00
  0.153583117E+00  0.271858451E+00  0.361254108E-01 -0.312500000E-00
  0.190923137E+00  0.286263900E+00  0.202210880E-01 -0.312500000E-00
  0.231336235E+00  0.302377712E+00  0.837385004E-02 -0.312500000E-00
  0.274336590E+00  0.319416377E+00 -0.505245659E-02 -0.312500000E-00
  0.317968760E+00  0.338578761E+00 -0.264107306E-01 -0.312500000E-00
  0.357688242E+00  0.362266668E+00 -0.602267397E-01 -0.312500000E-00
  0.387357246E+00  0.393677917E+00 -0.107777221E+00 -0.312500000E-00
  0.402550493E+00  0.436461700E+00 -0.166102899E+00 -0.312500000E-00
  0.402915575E+00  0.493803364E+00 -0.227518439E+00 -0.312500000E-00
  0.389557787E+00  0.564671179E+00 -0.284799210E+00 -0.312500000E-00
  0.363437197E+00  0.641033815E+00 -0.337570219E+00 -0.312500000E-00
  0.330843171E+00  0.717612250E+00 -0.381648637E+00 -0.312500000E-00
  0.299676082E+00  0.794831825E+00 -0.403504737E+00 -0.312500000E-00
  0.271487159E+00  0.867572800E+00 -0.401704293E+00 -0.312500000E-00
  0.243847412E+00  0.930122854E+00 -0.391278394E+00 -0.312500000E-00
  0.213351154E+00  0.984119430E+00 -0.382971386E+00 -0.312500000E-00
  0.177232182E+00  0.103556559E+01 -0.377781105E+00 -0.312500000E-00
  0.135984685E+00  0.109018423E+01 -0.372746112E+00 -0.312500000E-00
  0.954452189E-01  0.115100735E+01 -0.363322956E+00 -0.312500000E-00
  0.670631333E-01  0.121890807E+01 -0.346799299E+00 -0.312500000E-00
  0.654940298E-01  0.129711648E+01 -0.326078847E+00 -0.312500000E-00
  0.102971496E+00  0.138093316E+01 -0.298279140E+00 -0.312500000E-00
  0.180351191E+00  0.144098440E+01 -0.252360448E+00 -0.312500000E-00
  0.282784402E+00  0.146813341E+01 -0.197474389E+00 -0.312500000E-00
  0.385958018E+00  0.147399828E+01 -0.139248254E+00 -0.312500000E-00
  0.463880310E+00  0.146818895E+01 -0.681146872E-01 -0.312500000E-00
 -0.463880310E+00  0.146818895E+01  0.681146872E-01 -0.312500000E-00
 -0.385958018E+00  0.147399828E+01  0.139248254E+00 -0.312500000E-00
 -0.282784402E+00  0.146813341E+01  0.197474389E+00 -0.312500000E-00
 -0.180351191E+00  0.144098440E+01  0.252360448E+00 -0.312500000E-00
 -0.102971496E+00  0.138093316E+01  0.298279140E+00 -0.312500000E-00
 -0.654940298E-01  0.129711648E+01  0.326078847E+00 -0.312500000E-00
 -0.670631333E-01  0.121890807E+01  0.346799299E+00 -0.312500000E-00
 -0.954452189E-01  0.115100735E+01  0.363322956E+00 -0.312500000E-00
 -0.135984685E+00  0.109018423E+01  0.372746112E+00 -0.312500000E-00
 -0.177232182E+00  0.103556559E+01  0.377781105E+00 -0.312500000E-00
 -0.213351154E+00  0.984119430E+00  0.382971386E+00 -0.312500000E-00
 -0.243847412E+00  0.930122854E+00  0.391278394E+00 -0.312500000E-00
 -0.271487159E+00  0.867572800E+00  0.401704293E+00 -0.312500000E-00
 -0.299676082E+00  0.794831825E+00  0.403504737E+00 -0.312500000E-00
 -0.330843171E+00  0.717612250E+00  0.381648637E+00 -0.312500000E-00
 -0.363437197E+00  0.641033815E+00  0.337570219E+00 -0.312500000E-00
 -0.389557787E+00  0.564671179E+00  0.284799210E+00 -0.312500000E-00
 -0.402915575E+00  0.493803364E+00  0.227518439E+00 -0.312500000E-00
 -0.402550493E+00  0.436461700E+00  0.166102899E+00 -0.312500000E-00
 -0.387357246E+00  0.393677917E+00  0.107777221E+00 -0.312500000E-00
 -0.357688242E+00  0.362266668E+00  0.602267397E-01 -0.312500000E-00
 -0.317968760E+00  0.338578761E+00  0.264107306E-01 -0.312500000E-00
 -0.274336590E+00  0.319416377E+00  0.505245659E-02 -0.312500000E-00
 -0.231336235E+00  0.302377712E+00 -0.837385004E-02 -0.312500000E-00
 -0.190923137E+00  0.286263900E+00 -0.202210880E-01 -0.312500000E-00
 -0.153583117E+00  0.271858451E+00 -0.361254108E-01 -0.312500000E-00
 -0.119484540E+00  0.262448662E+00 -0.581464498E-01 -0.312500000E-00
 -0.871073101E-01  0.259845929E+00 -0.841556746E-01 -0.312500000E-00
 -0.537670970E-01  0.260597767E+00 -0.110512106E+00 -0.312500000E-00
 -0.198012664E-01  0.264583860E+00 -0.135709449E+00 -0.312500000E-00
  0.134671120E-01  0.276632380E+00 -0.168497285E+00 -0.312500000E-00
  0.449270821E-01  0.299762662E+00 -0.222552382E+00 -0.312500000E-00
  0.729676291E-01  0.343121351E+00 -0.294934458E+00 -0.312500000E-00
  0.919173628E-01  0.407447640E+00 -0.371349418E+00 -0.312500000E-00
  0.914538623E-01  0.482750187E+00 -0.446358061E+00 -0.312500000E-00
  0.667957419E-01  0.565716812E+00 -0.516147012E+00 -0.312500000E-00
  0.207145605E-01  0.653199822E+00 -0.572888025E+00 -0.312500000E-00
 -0.372902556E-01  0.740374432E+00 -0.609896285E+00 -0.312500000E-00
 -0.944714358E-01  0.826934282E+00 -0.625364126E+00 -0.312500000E-00
 -0.141115522E+00  0.915061316E+00 -0.620903062E+00 -0.312500000E-00
 -0.174872513E+00  0.100465209E+01 -0.599968379E+00 -0.312500000E-00
 -0.202290943E+00  0.109501358E+01 -0.564998071E+00 -0.312500000E-00
 -0.235229697E+00  0.118322130E+01 -0.509844496E+00 -0.312500000E-00
 -0.281360623E+00  0.125299806E+01 -0.422121885E+00 -0.312500000E-00
 -0.345340710E+00  0.131660858E+01 -0.330220237E+00 -0.312500000E-00
 -0.421988194E+00  0.138881029E+01 -0.239364643E+00 -0.312500000E-00
 -0.480397175E+00  0.143357574E+01 -0.130642464E+00 -0.312500000E-00
 -0.497272484E+00  0.145551448E+01 -0.232207132E-01 -0.312500000E-00
 -0.463880310E+00  0.146818895E+01  0.681146872E-01 -0.312500000E-00
 -0.962830204E+00  0.127529006E+01  0.563519937E-01 -0.312500000E-00
 -0.905988695E+00  0.126947310E+01  0.274441930E+00 -0.312500000E-00
 -0.806361595E+00  0.122900713E+01  0.406717684E+00 -0.312500000E-00
 -0.698169001E+00  0.118093460E+01  0.461358367E+00 -0.312500000E-00
 -0.602230867E+00  0.113362496E+01  0.468259782E+00 -0.312500000E-00
 -0.528245201E+00  0.108146221E+01  0.445232844E+00 -0.312500000E-00
 -0.482452546E+00  0.102163775E+01  0.406210941E+00 -0.312500000E-00
 -0.466472767E+00  0.956974268E+00  0.370670069E+00 -0.312500000E-00
 -0.474681152E+00  0.889603018E+00  0.341525169E+00 -0.312500000E-00
 -0.498582431E+00  0.824292253E+00  0.312804662E+00 -0.312500000E-00
 -0.528847067E+00  0.765350992E+00  0.284274798E+00 -0.312500000E-00
 -0.557329102E+00  0.715507998E+00  0.256931758E+00 -0.312500000E-00
 -0.579400230E+00  0.676660538E+00  0.232147726E+00 -0.312500000E-00
 -0.593683345E+00  0.648165197E+00  0.210994722E+00 -0.312500000E-00
 -0.601325594E+00  0.626678057E+00  0.192848987E+00 -0.312500000E-00
 -0.605081116E+00  0.607527467E+00  0.176146719E+00 -0.312500000E-00
 -0.607726620E+00  0.586347333E+00  0.159927927E+00 -0.312500000E-00
 -0.610444242E+00  0.560316650E+00  0.144783453E+00 -0.312500000E-00
 -0.612851433E+00  0.529304252E+00  0.131744539E+00 -0.312500000E-00
 -0.615003753E+00  0.496497869E+00  0.119635846E+00 -0.312500000E-00
 -0.617452653E+00  0.465835095E+00  0.106143443E+00 -0.312500000E-00
 -0.619377819E+00  0.438532877E+00  0.904044166E-01 -0.312500000E-00
 -0.618991296E+00  0.412962018E+00  0.715314105E-01 -0.312500000E-00
 -0.614837802E+00  0.386311701E+00  0.466612251E-01 -0.312500000E-00
 -0.605776468E+00  0.356284919E+00  0.114032693E-01 -0.312500000E-00
 -0.590111230E+00  0.322590121E+00 -0.379458599E-01 -0.312500000E-00
 -0.565655089E+00  0.288030997E+00 -0.102149454E+00 -0.312500000E-00
 -0.530959412E+00  0.258143380E+00 -0.178123839E+00 -0.312500000E-00
 -0.485995319E+00  0.238689292E+00 -0.259647508E+00 -0.312500000E-00
 -0.431333070E+00  0.232195117E+00 -0.338999624E+00 -0.312500000E-00
 -0.367503103E+00  0.235748654E+00 -0.409301609E+00 -0.312500000E-00
 -0.300970175E+00  0.245325776E+00 -0.467008327E+00 -0.312500000E-00
 -0.245374505E+00  0.264560116E+00 -0.509805448E+00 -0.312500000E-00
 -0.203930358E+00  0.296985928E+00 -0.540616808E+00 -0.312500000E-00
 -0.173564445E+00  0.341504844E+00 -0.571089837E+00 -0.312500000E-00
 -0.157051493E+00  0.402254815E+00 -0.602035524E+00 -0.312500000E-00
 -0.158763321E+00  0.480074182E+00 -0.633501732E+00 -0.312500000E-00
 -0.183842234E+00  0.567265238E+00 -0.664268256E+00 -0.312500000E-00
 -0.235127075E+00  0.651139460E+00 -0.689670960E+00 -0.312500000E-00
 -0.309015199E+00  0.721565963E+00 -0.707456011E+00 -0.312500000E-00
 -0.396137559E+00  0.776476649E+00 -0.717183827E+00 -0.312500000E-00
 -0.487691051E+00  0.823709515E+00 -0.716361431E+00 -0.312500000E-00
 -0.580801631E+00  0.876759202E+00 -0.698626573E+00 -0.312500000E-00
 -0.675170263E+00  0.943665150E+00 -0.656442402E+00 -0.312500000E-00
 -0.765113915E+00  0.101851336E+01 -0.589334901E+00 -0.312500000E-00
 -0.841682389E+00  0.108937474E+01 -0.503754040E+00 -0.312500000E-00
 -0.905623159E+00  0.115856998E+01 -0.383961350E+00 -0.312500000E-00
 -0.955652553E+00  0.122996255E+01 -0.191385684E+00 -0.312500000E-00
 -0.962830204E+00  0.127529006E+01  0.563519937E-01 -0.312500000E-00
 -0.141123627E+01  0.891502781E+00 -0.972994043E-02 -0.312500000E-00
 -0.138347000E+01  0.912762392E+00  0.227619401E+00 -0.312500000E-00
 -0.129170332E+01  0.900064954E+00  0.441687048E+00 -0.312500000E-00
 -0.115666792E+01  0.863295660E+00  0.577619662E+00 -0.312500000E-00
 -0.101760634E+01  0.822203885E+00  0.628635787E+00 -0.312500000E-00
 -0.899961848E+00  0.787464804E+00  0.619348077E+00 -0.312500000E-00
 -0.812800314E+00  0.759159117E+00  0.574194969E+00 -0.312500000E-00
 -0.758564397E+00  0.734045805E+00  0.508784773E+00 -0.312500000E-00
 -0.734878746E+00  0.707079473E+00  0.439630802E+00 -0.312500000E-00
 -0.733429021E+00  0.671240775E+00  0.381112111E+00 -0.312500000E-00
 -0.743504049E+00  0.622690924E+00  0.334531976E+00 -0.312500000E-00
 -0.757301010E+00  0.564969447E+00  0.291047099E+00 -0.312500000E-00
 -0.773031521E+00  0.506905484E+00  0.242524139E+00 -0.312500000E-00
 -0.792501405E+00  0.456043892E+00  0.188484204E+00 -0.312500000E-00
 -0.815493592E+00  0.414013075E+00  0.135200279E+00 -0.312500000E-00
 -0.834844784E+00  0.376007133E+00  0.895820780E-01 -0.312500000E-00
 -0.838625476E+00  0.334917153E+00  0.502659919E-01 -0.312500000E-00
 -0.823805979E+00  0.288998006E+00  0.120904644E-02 -0.312500000E-00
 -0.791837342E+00  0.240248317E+00 -0.715856484E-01 -0.312500000E-00
 -0.745348175E+00  0.193148440E+00 -0.162868760E+00 -0.312500000E-00
 -0.692970992E+00  0.154253275E+00 -0.261204757E+00 -0.312500000E-00
 -0.649812058E+00  0.129422648E+00 -0.357811817E+00 -0.312500000E-00
 -0.622948498E+00  0.120117435E+00 -0.443718698E+00 -0.312500000E-00
 -0.607063841E+00  0.124004667E+00 -0.514616519E+00 -0.312500000E-00
 -0.596115085E+00  0.137270872E+00 -0.572375019E+00 -0.312500000E-00
 -0.588557040E+00  0.155604808E+00 -0.621051647E+00 -0.312500000E-00
 -0.585896282E+00  0.175135638E+00 -0.664000714E+00 -0.312500000E-00
 -0.590020712E+00  0.193336721E+00 -0.703026052E+00 -0.312500000E-00
 -0.601296535E+00  0.209482715E+00 -0.738618020E+00 -0.312500000E-00
 -0.618035753E+00  0.224795077E+00 -0.770836881E+00 -0.312500000E-00
 -0.637638739E+00  0.242428010E+00 -0.800213740E+00 -0.312500000E-00
 -0.658689179E+00  0.266965814E+00 -0.827593519E+00 -0.312500000E-00
 -0.682404745E+00  0.303248034E+00 -0.852408194E+00 -0.312500000E-00
 -0.711848253E+00  0.354694600E+00 -0.870665500E+00 -0.312500000E-00
 -0.748886110E+00  0.420965866E+00 -0.875959386E+00 -0.312500000E-00
 -0.792452309E+00  0.495789985E+00 -0.864464532E+00 -0.312500000E-00
 -0.840689352E+00  0.567748875E+00 -0.838750162E+00 -0.312500000E-00
 -0.893234987E+00  0.624747645E+00 -0.806312388E+00 -0.312500000E-00
 -0.950236221E+00  0.659166956E+00 -0.774720093E+00 -0.312500000E-00
 -0.101007462E+01  0.670689035E+00 -0.747796732E+00 -0.312500000E-00
 -0.106933397E+01  0.666204807E+00 -0.724669805E+00 -0.312500000E-00
 -0.112545863E+01  0.657419319E+00 -0.700312309E+00 -0.312500000E-00
 -0.117894479E+01  0.656734498E+00 -0.666645848E+00 -0.312500000E-00
 -0.123172461E+01  0.672519249E+00 -0.615130626E+00 -0.312500000E-00
 -0.128288106E+01  0.705740248E+00 -0.541679465E+00 -0.312500000E-00
 -0.132776042E+01  0.750348349E+00 -0.450310821E+00 -0.312500000E-00
 -0.136415423E+01  0.798954590E+00 -0.344109432E+00 -0.312500000E-00
 -0.139480089E+01  0.848063850E+00 -0.205782592E+00 -0.312500000E-00
 -0.141123627E+01  0.891502781E+00 -0.972994043E-02 -0.312500000E-00
 -0.169550423E+01  0.292986187E+00 -0.207233539E-01 -0.312500000E-00
 -0.168828631E+01  0.324367440E+00  0.989748231E-01 -0.312500000E-00
 -0.165266296E+01  0.367845328E+00  0.271336889E+00 -0.312500000E-00
 -0.156038172E+01  0.407514865E+00  0.484687240E+00 -0.312500000E-00
 -0.139238014E+01  0.422277840E+00  0.674458033E+00 -0.312500000E-00
 -0.118022363E+01  0.405354691E+00  0.766967759E+00 -0.312500000E-00
 -0.991258494E+00  0.373049362E+00  0.743753778E+00 -0.312500000E-00
 -0.882451680E+00  0.350987938E+00  0.630830173E+00 -0.312500000E-00
 -0.867193731E+00  0.351702708E+00  0.492108264E+00 -0.312500000E-00
 -0.868716311E+00  0.347629109E+00  0.401180811E+00 -0.312500000E-00
 -0.865572323E+00  0.332363583E+00  0.342436127E+00 -0.312500000E-00
 -0.865687382E+00  0.312168986E+00  0.298880378E+00 -0.312500000E-00
 -0.869505934E+00  0.290163687E+00  0.265414925E+00 -0.312500000E-00
 -0.875303747E+00  0.268101173E+00  0.239391165E+00 -0.312500000E-00
 -0.881755786E+00  0.247117054E+00  0.218195716E+00 -0.312500000E-00
 -0.888523772E+00  0.227795549E+00  0.198576658E+00 -0.312500000E-00
 -0.896210147E+00  0.210191276E+00  0.176875964E+00 -0.312500000E-00
 -0.905836031E+00  0.193896314E+00  0.150273814E+00 -0.312500000E-00
 -0.917722893E+00  0.178098036E+00  0.118549841E+00 -0.312500000E-00
 -0.930144135E+00  0.161678952E+00  0.845820664E-01 -0.312500000E-00
 -0.939425540E+00  0.143612328E+00  0.517405800E-01 -0.312500000E-00
 -0.942455588E+00  0.123577178E+00  0.201869486E-01 -0.312500000E-00
 -0.938770081E+00  0.102107067E+00 -0.124975742E-01 -0.312500000E-00
 -0.930134400E+00  0.801477374E-01 -0.469488435E-01 -0.312500000E-00
 -0.919355422E+00  0.585870590E-01 -0.806690364E-01 -0.312500000E-00
 -0.908894754E+00  0.379871181E-01 -0.111003248E+00 -0.312500000E-00
 -0.899273594E+00  0.185852028E-01 -0.138314203E+00 -0.312500000E-00
 -0.888640969E+00  0.570075634E-03 -0.166754517E+00 -0.312500000E-00
 -0.873756825E+00 -0.155987284E-01 -0.203173273E+00 -0.312500000E-00
 -0.851389077E+00 -0.290470853E-01 -0.255548809E+00 -0.312500000E-00
 -0.819626844E+00 -0.385953858E-01 -0.331536728E+00 -0.312500000E-00
 -0.782627389E+00 -0.433123764E-01 -0.437962851E+00 -0.312500000E-00
 -0.769002224E+00 -0.440191739E-01 -0.573279084E+00 -0.312500000E-00
 -0.816868323E+00 -0.418627958E-01 -0.706656656E+00 -0.312500000E-00
 -0.919501262E+00 -0.334010203E-01 -0.801885832E+00 -0.312500000E-00
 -0.104670116E+01 -0.129301738E-01 -0.848266723E+00 -0.312500000E-00
 -0.117637454E+01  0.230437561E-01 -0.848372461E+00 -0.312500000E-00
 -0.129519365E+01  0.740239637E-01 -0.806428917E+00 -0.312500000E-00
 -0.139537824E+01  0.135202073E+00 -0.731087451E+00 -0.312500000E-00
 -0.147412173E+01  0.198517854E+00 -0.635652276E+00 -0.312500000E-00
 -0.153210988E+01  0.254755211E+00 -0.535623452E+00 -0.312500000E-00
 -0.157312250E+01  0.296194262E+00 -0.444333480E+00 -0.312500000E-00
 -0.160281229E+01  0.318803640E+00 -0.368343893E+00 -0.312500000E-00
 -0.162616168E+01  0.322989432E+00 -0.307526355E+00 -0.312500000E-00
 -0.164597375E+01  0.313176635E+00 -0.257862608E+00 -0.312500000E-00
 -0.166330323E+01  0.296807292E+00 -0.212931744E+00 -0.312500000E-00
 -0.167825769E+01  0.282797282E+00 -0.164521189E+00 -0.312500000E-00
 -0.168993217E+01  0.279565505E+00 -0.103728669E+00 -0.312500000E-00
 -0.169550423E+01  0.292986187E+00 -0.207233539E-01 -0.312500000E-00
 -0.169550420E+01 -0.292986335E+00  0.207233539E-01 -0.312500000E-00
 -0.168993215E+01 -0.279565653E+00  0.103728669E+00 -0.312500000E-00
 -0.167825767E+01 -0.282797429E+00  0.164521189E+00 -0.312500000E-00
 -0.166330320E+01 -0.296807437E+00  0.212931744E+00 -0.312500000E-00
 -0.164597372E+01 -0.313176779E+00  0.257862608E+00 -0.312500000E-00
 -0.162616165E+01 -0.322989574E+00  0.307526355E+00 -0.312500000E-00
 -0.160281226E+01 -0.318803780E+00  0.368343893E+00 -0.312500000E-00
 -0.157312247E+01 -0.296194400E+00  0.444333480E+00 -0.312500000E-00
 -0.153210986E+01 -0.254755345E+00  0.535623452E+00 -0.312500000E-00
 -0.147412171E+01 -0.198517983E+00  0.635652276E+00 -0.312500000E-00
 -0.139537823E+01 -0.135202195E+00  0.731087451E+00 -0.312500000E-00
 -0.129519364E+01 -0.740240769E-01  0.806428917E+00 -0.312500000E-00
 -0.117637454E+01 -0.230438589E-01  0.848372461E+00 -0.312500000E-00
 -0.104670116E+01  0.129300823E-01  0.848266723E+00 -0.312500000E-00
 -0.919501265E+00  0.334009399E-01  0.801885832E+00 -0.312500000E-00
 -0.816868327E+00  0.418627244E-01  0.706656656E+00 -0.312500000E-00
 -0.769002228E+00  0.440191067E-01  0.573279084E+00 -0.312500000E-00
 -0.782627393E+00  0.433123080E-01  0.437962851E+00 -0.312500000E-00
 -0.819626847E+00  0.385953141E-01  0.331536728E+00 -0.312500000E-00
 -0.851389080E+00  0.290470109E-01  0.255548809E+00 -0.312500000E-00
 -0.873756826E+00  0.155986520E-01  0.203173273E+00 -0.312500000E-00
 -0.888640969E+00 -0.570153321E-03  0.166754517E+00 -0.312500000E-00
 -0.899273592E+00 -0.185852814E-01  0.138314203E+00 -0.312500000E-00
 -0.908894751E+00 -0.379871976E-01  0.111003248E+00 -0.312500000E-00
 -0.919355417E+00 -0.585871394E-01  0.806690364E-01 -0.312500000E-00
 -0.930134393E+00 -0.801478187E-01  0.469488435E-01 -0.312500000E-00
 -0.938770072E+00 -0.102107149E+00  0.124975742E-01 -0.312500000E-00
 -0.942455577E+00 -0.123577260E+00 -0.201869486E-01 -0.312500000E-00
 -0.939425527E+00 -0.143612410E+00 -0.517405800E-01 -0.312500000E-00
 -0.930144121E+00 -0.161679033E+00 -0.845820664E-01 -0.312500000E-00
 -0.917722877E+00 -0.178098116E+00 -0.118549841E+00 -0.312500000E-00
 -0.905836014E+00 -0.193896393E+00 -0.150273814E+00 -0.312500000E-00
 -0.896210129E+00 -0.210191354E+00 -0.176875964E+00 -0.312500000E-00
 -0.888523752E+00 -0.227795627E+00 -0.198576658E+00 -0.312500000E-00
 -0.881755764E+00 -0.247117131E+00 -0.218195716E+00 -0.312500000E-00
 -0.875303724E+00 -0.268101250E+00 -0.239391165E+00 -0.312500000E-00
 -0.869505909E+00 -0.290163763E+00 -0.265414925E+00 -0.312500000E-00
 -0.865687355E+00 -0.312169062E+00 -0.298880378E+00 -0.312500000E-00
 -0.865572294E+00 -0.332363659E+00 -0.342436127E+00 -0.312500000E-00
 -0.868716281E+00 -0.347629185E+00 -0.401180811E+00 -0.312500000E-00
 -0.867193700E+00 -0.351702784E+00 -0.492108264E+00 -0.312500000E-00
 -0.882451649E+00 -0.350988015E+00 -0.630830173E+00 -0.312500000E-00
 -0.991258461E+00 -0.373049449E+00 -0.743753778E+00 -0.312500000E-00
 -0.118022359E+01 -0.405354794E+00 -0.766967759E+00 -0.312500000E-00
 -0.139238010E+01 -0.422277962E+00 -0.674458033E+00 -0.312500000E-00
 -0.156038168E+01 -0.407515001E+00 -0.484687240E+00 -0.312500000E-00
 -0.165266293E+01 -0.367845472E+00 -0.271336889E+00 -0.312500000E-00
 -0.168828628E+01 -0.324367588E+00 -0.989748231E-01 -0.312500000E-00
 -0.169550420E+01 -0.292986335E+00  0.207233539E-01 -0.312500000E-00
 -0.141123619E+01 -0.891502904E+00  0.972994043E-02 -0.312500000E-00
 -0.139480082E+01 -0.848063972E+00  0.205782592E+00 -0.312500000E-00
 -0.136415416E+01 -0.798954709E+00  0.344109432E+00 -0.312500000E-00
 -0.132776035E+01 -0.750348465E+00  0.450310821E+00 -0.312500000E-00
 -0.128288100E+01 -0.705740360E+00  0.541679465E+00 -0.312500000E-00
 -0.123172455E+01 -0.672519357E+00  0.615130626E+00 -0.312500000E-00
 -0.117894473E+01 -0.656734601E+00  0.666645848E+00 -0.312500000E-00
 -0.112545857E+01 -0.657419417E+00  0.700312309E+00 -0.312500000E-00
 -0.106933391E+01 -0.666204900E+00  0.724669805E+00 -0.312500000E-00
 -0.101007456E+01 -0.670689123E+00  0.747796732E+00 -0.312500000E-00
 -0.950236163E+00 -0.659167039E+00  0.774720093E+00 -0.312500000E-00
 -0.893234932E+00 -0.624747723E+00  0.806312388E+00 -0.312500000E-00
 -0.840689302E+00 -0.567748948E+00  0.838750162E+00 -0.312500000E-00
 -0.792452266E+00 -0.495790054E+00  0.864464532E+00 -0.312500000E-00
 -0.748886073E+00 -0.420965931E+00  0.875959386E+00 -0.312500000E-00
 -0.711848222E+00 -0.354694662E+00  0.870665500E+00 -0.312500000E-00
 -0.682404718E+00 -0.303248094E+00  0.852408194E+00 -0.312500000E-00
 -0.658689156E+00 -0.266965872E+00  0.827593519E+00 -0.312500000E-00
 -0.637638718E+00 -0.242428066E+00  0.800213740E+00 -0.312500000E-00
 -0.618035733E+00 -0.224795131E+00  0.770836881E+00 -0.312500000E-00
 -0.601296517E+00 -0.209482768E+00  0.738618020E+00 -0.312500000E-00
 -0.590020695E+00 -0.193336773E+00  0.703026052E+00 -0.312500000E-00
 -0.585896267E+00 -0.175135689E+00  0.664000714E+00 -0.312500000E-00
 -0.588557026E+00 -0.155604859E+00  0.621051647E+00 -0.312500000E-00
 -0.596115073E+00 -0.137270924E+00  0.572375019E+00 -0.312500000E-00
 -0.607063830E+00 -0.124004720E+00  0.514616519E+00 -0.312500000E-00
 -0.622948487E+00 -0.120117489E+00  0.443718698E+00 -0.312500000E-00
 -0.649812047E+00 -0.129422705E+00  0.357811817E+00 -0.312500000E-00
 -0.692970979E+00 -0.154253336E+00  0.261204757E+00 -0.312500000E-00
 -0.745348158E+00 -0.193148505E+00  0.162868760E+00 -0.312500000E-00
 -0.791837321E+00 -0.240248386E+00  0.715856484E-01 -0.312500000E-00
 -0.823805954E+00 -0.288998078E+00 -0.120904644E-02 -0.312500000E-00
 -0.838625447E+00 -0.334917226E+00 -0.502659919E-01 -0.312500000E-00
 -0.834844751E+00 -0.376007206E+00 -0.895820780E-01 -0.312500000E-00
 -0.815493556E+00 -0.414013146E+00 -0.135200279E+00 -0.312500000E-00
 -0.792501365E+00 -0.456043961E+00 -0.188484204E+00 -0.312500000E-00
 -0.773031477E+00 -0.506905552E+00 -0.242524139E+00 -0.312500000E-00
 -0.757300961E+00 -0.564969513E+00 -0.291047099E+00 -0.312500000E-00
 -0.743503995E+00 -0.622690989E+00 -0.334531976E+00 -0.312500000E-00
 -0.733428962E+00 -0.671240839E+00 -0.381112111E+00 -0.312500000E-00
 -0.734878684E+00 -0.707079537E+00 -0.439630802E+00 -0.312500000E-00
 -0.758564333E+00 -0.734045871E+00 -0.508784773E+00 -0.312500000E-00
 -0.812800248E+00 -0.759159188E+00 -0.574194969E+00 -0.312500000E-00
 -0.899961779E+00 -0.787464883E+00 -0.619348077E+00 -0.312500000E-00
 -0.101760627E+01 -0.822203974E+00 -0.628635787E+00 -0.312500000E-00
 -0.115666784E+01 -0.863295761E+00 -0.577619662E+00 -0.312500000E-00
 -0.129170324E+01 -0.900065067E+00 -0.441687048E+00 -0.312500000E-00
 -0.138346992E+01 -0.912762513E+00 -0.227619401E+00 -0.312500000E-00
 -0.141123619E+01 -0.891502904E+00  0.972994043E-02 -0.312500000E-00
 -0.962830093E+00 -0.127529014E+01 -0.563519937E-01 -0.312500000E-00
 -0.955652445E+00 -0.122996263E+01  0.191385684E+00 -0.312500000E-00
 -0.905623058E+00 -0.115857006E+01  0.383961350E+00 -0.312500000E-00
 -0.841682294E+00 -0.108937481E+01  0.503754040E+00 -0.312500000E-00
 -0.765113826E+00 -0.101851343E+01  0.589334901E+00 -0.312500000E-00
 -0.675170181E+00 -0.943665209E+00  0.656442402E+00 -0.312500000E-00
 -0.580801554E+00 -0.876759253E+00  0.698626573E+00 -0.312500000E-00
 -0.487690979E+00 -0.823709558E+00  0.716361431E+00 -0.312500000E-00
 -0.396137491E+00 -0.776476684E+00  0.717183827E+00 -0.312500000E-00
 -0.309015136E+00 -0.721565990E+00  0.707456011E+00 -0.312500000E-00
 -0.235127018E+00 -0.651139481E+00  0.689670960E+00 -0.312500000E-00
 -0.183842184E+00 -0.567265254E+00  0.664268256E+00 -0.312500000E-00
 -0.158763279E+00 -0.480074196E+00  0.633501732E+00 -0.312500000E-00
 -0.157051458E+00 -0.402254829E+00  0.602035524E+00 -0.312500000E-00
 -0.173564415E+00 -0.341504859E+00  0.571089837E+00 -0.312500000E-00
 -0.203930332E+00 -0.296985946E+00  0.540616808E+00 -0.312500000E-00
 -0.245374482E+00 -0.264560137E+00  0.509805448E+00 -0.312500000E-00
 -0.300970154E+00 -0.245325802E+00  0.467008327E+00 -0.312500000E-00
 -0.367503082E+00 -0.235748686E+00  0.409301609E+00 -0.312500000E-00
 -0.431333050E+00 -0.232195155E+00  0.338999624E+00 -0.312500000E-00
 -0.485995298E+00 -0.238689334E+00  0.259647508E+00 -0.312500000E-00
 -0.530959389E+00 -0.258143426E+00  0.178123839E+00 -0.312500000E-00
 -0.565655064E+00 -0.288031046E+00  0.102149454E+00 -0.312500000E-00
 -0.590111202E+00 -0.322590173E+00  0.379458599E-01 -0.312500000E-00
 -0.605776437E+00 -0.356284972E+00 -0.114032693E-01 -0.312500000E-00
 -0.614837768E+00 -0.386311755E+00 -0.466612251E-01 -0.312500000E-00
 -0.618991260E+00 -0.412962072E+00 -0.715314105E-01 -0.312500000E-00
 -0.619377781E+00 -0.438532931E+00 -0.904044166E-01 -0.312500000E-00
 -0.617452612E+00 -0.465835149E+00 -0.106143443E+00 -0.312500000E-00
 -0.615003710E+00 -0.496497923E+00 -0.119635846E+00 -0.312500000E-00
 -0.612851387E+00 -0.529304306E+00 -0.131744539E+00 -0.312500000E-00
 -0.610444193E+00 -0.560316703E+00 -0.144783453E+00 -0.312500000E-00
 -0.607726569E+00 -0.586347386E+00 -0.159927927E+00 -0.312500000E-00
 -0.605081063E+00 -0.607527520E+00 -0.176146719E+00 -0.312500000E-00
 -0.601325539E+00 -0.626678110E+00 -0.192848987E+00 -0.312500000E-00
 -0.593683288E+00 -0.648165249E+00 -0.210994722E+00 -0.312500000E-00
 -0.579400171E+00 -0.676660589E+00 -0.232147726E+00 -0.312500000E-00
 -0.557329039E+00 -0.715508047E+00 -0.256931758E+00 -0.312500000E-00
 -0.528847000E+00 -0.765351038E+00 -0.284274798E+00 -0.312500000E-00
 -0.498582359E+00 -0.824292297E+00 -0.312804662E+00 -0.312500000E-00
 -0.474681074E+00 -0.889603059E+00 -0.341525169E+00 -0.312500000E-00
 -0.466472683E+00 -0.956974309E+00 -0.370670069E+00 -0.312500000E-00
 -0.482452457E+00 -0.102163779E+01 -0.406210941E+00 -0.312500000E-00
 -0.528245106E+00 -0.108146226E+01 -0.445232844E+00 -0.312500000E-00
 -0.602230768E+00 -0.113362501E+01 -0.468259782E+00 -0.312500000E-00
 -0.698168898E+00 -0.118093466E+01 -0.461358367E+00 -0.312500000E-00
 -0.806361488E+00 -0.122900720E+01 -0.406717684E+00 -0.312500000E-00
 -0.905988584E+00 -0.126947318E+01 -0.274441930E+00 -0.312500000E-00
 -0.962830093E+00 -0.127529014E+01 -0.563519937E-01 -0.312500000E-00
 -0.463880182E+00 -0.146818899E+01 -0.681146872E-01 -0.312500000E-00
 -0.497272357E+00 -0.145551452E+01  0.232207132E-01 -0.312500000E-00
 -0.480397050E+00 -0.143357578E+01  0.130642464E+00 -0.312500000E-00
 -0.421988073E+00 -0.138881033E+01  0.239364643E+00 -0.312500000E-00
 -0.345340595E+00 -0.131660861E+01  0.330220237E+00 -0.312500000E-00
 -0.281360513E+00 -0.125299808E+01  0.422121885E+00 -0.312500000E-00
 -0.235229594E+00 -0.118322132E+01  0.509844496E+00 -0.312500000E-00
 -0.202290847E+00 -0.109501360E+01  0.564998071E+00 -0.312500000E-00
 -0.174872425E+00 -0.100465211E+01  0.599968379E+00 -0.312500000E-00
 -0.141115442E+00 -0.915061328E+00  0.620903062E+00 -0.312500000E-00
 -0.944713635E-01 -0.826934290E+00  0.625364126E+00 -0.312500000E-00
 -0.372901909E-01 -0.740374435E+00  0.609896285E+00 -0.312500000E-00
  0.207146176E-01 -0.653199820E+00  0.572888025E+00 -0.312500000E-00
  0.667957914E-01 -0.565716806E+00  0.516147012E+00 -0.312500000E-00
  0.914539045E-01 -0.482750179E+00  0.446358061E+00 -0.312500000E-00
  0.919173984E-01 -0.407447632E+00  0.371349418E+00 -0.312500000E-00
  0.729676591E-01 -0.343121345E+00  0.294934458E+00 -0.312500000E-00
  0.449271083E-01 -0.299762658E+00  0.222552382E+00 -0.312500000E-00
  0.134671362E-01 -0.276632379E+00  0.168497285E+00 -0.312500000E-00
 -0.198012433E-01 -0.264583862E+00  0.135709449E+00 -0.312500000E-00
 -0.537670742E-01 -0.260597772E+00  0.110512106E+00 -0.312500000E-00
 -0.871072874E-01 -0.259845937E+00  0.841556746E-01 -0.312500000E-00
 -0.119484517E+00 -0.262448672E+00  0.581464498E-01 -0.312500000E-00
 -0.153583093E+00 -0.271858464E+00  0.361254108E-01 -0.312500000E-00
 -0.190923112E+00 -0.286263917E+00  0.202210880E-01 -0.312500000E-00
 -0.231336209E+00 -0.302377732E+00  0.837385004E-02 -0.312500000E-00
 -0.274336562E+00 -0.319416401E+00 -0.505245659E-02 -0.312500000E-00
 -0.317968730E+00 -0.338578789E+00 -0.264107306E-01 -0.312500000E-00
 -0.357688210E+00 -0.362266699E+00 -0.602267397E-01 -0.312500000E-00
 -0.387357212E+00 -0.393677951E+00 -0.107777221E+00 -0.312500000E-00
 -0.402550455E+00 -0.436461735E+00 -0.166102899E+00 -0.312500000E-00
 -0.402915532E+00 -0.493803399E+00 -0.227518439E+00 -0.312500000E-00
 -0.389557738E+00 -0.564671213E+00 -0.284799210E+00 -0.312500000E-00
 -0.363437141E+00 -0.641033847E+00 -0.337570219E+00 -0.312500000E-00
 -0.330843108E+00 -0.717612279E+00 -0.381648637E+00 -0.312500000E-00
 -0.299676013E+00 -0.794831851E+00 -0.403504737E+00 -0.312500000E-00
 -0.271487083E+00 -0.867572824E+00 -0.401704293E+00 -0.312500000E-00
 -0.243847331E+00 -0.930122875E+00 -0.391278394E+00 -0.312500000E-00
 -0.213351068E+00 -0.984119449E+00 -0.382971386E+00 -0.312500000E-00
 -0.177232091E+00 -0.103556561E+01 -0.377781105E+00 -0.312500000E-00
 -0.135984590E+00 -0.109018424E+01 -0.372746112E+00 -0.312500000E-00
 -0.954451183E-01 -0.115100736E+01 -0.363322956E+00 -0.312500000E-00
 -0.670630267E-01 -0.121890808E+01 -0.346799299E+00 -0.312500000E-00
 -0.654939164E-01 -0.129711649E+01 -0.326078847E+00 -0.312500000E-00
 -0.102971375E+00 -0.138093317E+01 -0.298279140E+00 -0.312500000E-00
 -0.180351065E+00 -0.144098442E+01 -0.252360448E+00 -0.312500000E-00
 -0.282784274E+00 -0.146813343E+01 -0.197474389E+00 -0.312500000E-00
 -0.385957889E+00 -0.147399831E+01 -0.139248254E+00 -0.312500000E-00
 -0.463880182E+00 -0.146818899E+01 -0.681146872E-01 -0.312500000E-00
  0.463880438E+00 -0.146818891E+01  0.681146872E-01 -0.312500000E-00
  0.385958147E+00 -0.147399825E+01  0.139248254E+00 -0.312500000E-00
  0.282784530E+00 -0.146813339E+01  0.197474389E+00 -0.312500000E-00
  0.180351317E+00 -0.144098438E+01  0.252360448E+00 -0.312500000E-00
  0.102971617E+00 -0.138093315E+01  0.298279140E+00 -0.312500000E-00
  0.654941432E-01 -0.129711647E+01  0.326078847E+00 -0.312500000E-00
  0.670632399E-01 -0.121890806E+01  0.346799299E+00 -0.312500000E-00
  0.954453195E-01 -0.115100734E+01  0.363322956E+00 -0.312500000E-00
  0.135984780E+00 -0.109018422E+01  0.372746112E+00 -0.312500000E-00
  0.177232273E+00 -0.103556557E+01  0.377781105E+00 -0.312500000E-00
  0.213351240E+00 -0.984119411E+00  0.382971386E+00 -0.312500000E-00
  0.243847493E+00 -0.930122833E+00  0.391278394E+00 -0.312500000E-00
  0.271487235E+00 -0.867572776E+00  0.401704293E+00 -0.312500000E-00
  0.299676151E+00 -0.794831799E+00  0.403504737E+00 -0.312500000E-00
  0.330843234E+00 -0.717612221E+00  0.381648637E+00 -0.312500000E-00
  0.363437253E+00 -0.641033783E+00  0.337570219E+00 -0.312500000E-00
  0.389557836E+00 -0.564671145E+00  0.284799210E+00 -0.312500000E-00
  0.402915618E+00 -0.493803329E+00  0.227518439E+00 -0.312500000E-00
  0.402550531E+00 -0.436461665E+00  0.166102899E+00 -0.312500000E-00
  0.387357280E+00 -0.393677883E+00  0.107777221E+00 -0.312500000E-00
  0.357688274E+00 -0.362266637E+00  0.602267397E-01 -0.312500000E-00
  0.317968790E+00 -0.338578733E+00  0.264107306E-01 -0.312500000E-00
  0.274336618E+00 -0.319416353E+00  0.505245659E-02 -0.312500000E-00
  0.231336261E+00 -0.302377692E+00 -0.837385004E-02 -0.312500000E-00
  0.190923162E+00 -0.286263883E+00 -0.202210880E-01 -0.312500000E-00
  0.153583141E+00 -0.271858438E+00 -0.361254108E-01 -0.312500000E-00
  0.119484563E+00 -0.262448652E+00 -0.581464498E-01 -0.312500000E-00
  0.871073328E-01 -0.259845921E+00 -0.841556746E-01 -0.312500000E-00
  0.537671198E-01 -0.260597762E+00 -0.110512106E+00 -0.312500000E-00
  0.198012895E-01 -0.264583858E+00 -0.135709449E+00 -0.312500000E-00
 -0.134670878E-01 -0.276632381E+00 -0.168497285E+00 -0.312500000E-00
 -0.449270559E-01 -0.299762666E+00 -0.222552382E+00 -0.312500000E-00
 -0.729675991E-01 -0.343121357E+00 -0.294934458E+00 -0.312500000E-00
 -0.919173272E-01 -0.407447648E+00 -0.371349418E+00 -0.312500000E-00
 -0.914538201E-01 -0.482750195E+00 -0.446358061E+00 -0.312500000E-00
 -0.667956924E-01 -0.565716818E+00 -0.516147012E+00 -0.312500000E-00
 -0.207145034E-01 -0.653199824E+00 -0.572888025E+00 -0.312500000E-00
  0.372903203E-01 -0.740374429E+00 -0.609896285E+00 -0.312500000E-00
  0.944715081E-01 -0.826934274E+00 -0.625364126E+00 -0.312500000E-00
  0.141115602E+00 -0.915061304E+00 -0.620903062E+00 -0.312500000E-00
  0.174872601E+00 -0.100465207E+01 -0.599968379E+00 -0.312500000E-00
  0.202291039E+00 -0.109501356E+01 -0.564998071E+00 -0.312500000E-00
  0.235229800E+00 -0.118322128E+01 -0.509844496E+00 -0.312500000E-00
  0.281360733E+00 -0.125299804E+01 -0.422121885E+00 -0.312500000E-00
  0.345340825E+00 -0.131660855E+01 -0.330220237E+00 -0.312500000E-00
  0.421988315E+00 -0.138881025E+01 -0.239364643E+00 -0.312500000E-00
  0.480397300E+00 -0.143357570E+01 -0.130642464E+00 -0.312500000E-00
  0.497272611E+00 -0.145551444E+01 -0.232207132E-01 -0.312500000E-00
  0.463880438E+00 -0.146818891E+01  0.681146872E-01 -0.312500000E-00
  0.962830315E+00 -0.127528998E+01  0.563519937E-01 -0.312500000E-00
  0.905988806E+00 -0.126947302E+01  0.274441930E+00 -0.312500000E-00
  0.806361702E+00 -0.122900706E+01  0.406717684E+00 -0.312500000E-00
  0.698169104E+00 -0.118093454E+01  0.461358367E+00 -0.312500000E-00
  0.602230966E+00 -0.113362491E+01  0.468259782E+00 -0.312500000E-00
  0.528245296E+00 -0.108146216E+01  0.445232844E+00 -0.312500000E-00
  0.482452635E+00 -0.102163771E+01  0.406210941E+00 -0.312500000E-00
  0.466472851E+00 -0.956974227E+00  0.370670069E+00 -0.312500000E-00
  0.474681230E+00 -0.889602977E+00  0.341525169E+00 -0.312500000E-00
  0.498582503E+00 -0.824292209E+00  0.312804662E+00 -0.312500000E-00
  0.528847134E+00 -0.765350946E+00  0.284274798E+00 -0.312500000E-00
  0.557329165E+00 -0.715507949E+00  0.256931758E+00 -0.312500000E-00
  0.579400289E+00 -0.676660487E+00  0.232147726E+00 -0.312500000E-00
  0.593683402E+00 -0.648165145E+00  0.210994722E+00 -0.312500000E-00
  0.601325649E+00 -0.626678004E+00  0.192848987E+00 -0.312500000E-00
  0.605081169E+00 -0.607527414E+00  0.176146719E+00 -0.312500000E-00
  0.607726671E+00 -0.586347280E+00  0.159927927E+00 -0.312500000E-00
  0.610444291E+00 -0.560316597E+00  0.144783453E+00 -0.312500000E-00
  0.612851479E+00 -0.529304198E+00  0.131744539E+00 -0.312500000E-00
  0.615003796E+00 -0.496497815E+00  0.119635846E+00 -0.312500000E-00
  0.617452694E+00 -0.465835041E+00  0.106143443E+00 -0.312500000E-00
  0.619377857E+00 -0.438532823E+00  0.904044166E-01 -0.312500000E-00
  0.618991332E+00 -0.412961964E+00  0.715314105E-01 -0.312500000E-00
  0.614837836E+00 -0.386311647E+00  0.466612251E-01 -0.312500000E-00
  0.605776499E+00 -0.356284866E+00  0.114032693E-01 -0.312500000E-00
  0.590111258E+00 -0.322590069E+00 -0.379458599E-01 -0.312500000E-00
  0.565655114E+00 -0.288030948E+00 -0.102149454E+00 -0.312500000E-00
  0.530959435E+00 -0.258143334E+00 -0.178123839E+00 -0.312500000E-00
  0.485995340E+00 -0.238689250E+00 -0.259647508E+00 -0.312500000E-00
  0.431333090E+00 -0.232195079E+00 -0.338999624E+00 -0.312500000E-00
  0.367503124E+00 -0.235748622E+00 -0.409301609E+00 -0.312500000E-00
  0.300970196E+00 -0.245325750E+00 -0.467008327E+00 -0.312500000E-00
  0.245374528E+00 -0.264560095E+00 -0.509805448E+00 -0.312500000E-00
  0.203930384E+00 -0.296985910E+00 -0.540616808E+00 -0.312500000E-00
  0.173564475E+00 -0.341504829E+00 -0.571089837E+00 -0.312500000E-00
  0.157051528E+00 -0.402254801E+00 -0.602035524E+00 -0.312500000E-00
  0.158763363E+00 -0.480074168E+00 -0.633501732E+00 -0.312500000E-00
  0.183842284E+00 -0.567265222E+00 -0.664268256E+00 -0.312500000E-00
  0.235127132E+00 -0.651139439E+00 -0.689670960E+00 -0.312500000E-00
  0.309015262E+00 -0.721565936E+00 -0.707456011E+00 -0.312500000E-00
  0.396137627E+00 -0.776476614E+00 -0.717183827E+00 -0.312500000E-00
  0.487691123E+00 -0.823709472E+00 -0.716361431E+00 -0.312500000E-00
  0.580801708E+00 -0.876759151E+00 -0.698626573E+00 -0.312500000E-00
  0.675170345E+00 -0.943665091E+00 -0.656442402E+00 -0.312500000E-00
  0.765114004E+00 -0.101851329E+01 -0.589334901E+00 -0.312500000E-00
  0.841682484E+00 -0.108937467E+01 -0.503754040E+00 -0.312500000E-00
  0.905623260E+00 -0.115856990E+01 -0.383961350E+00 -0.312500000E-00
  0.955652661E+00 -0.122996247E+01 -0.191385684E+00 -0.312500000E-00
  0.962830315E+00 -0.127528998E+01  0.563519937E-01 -0.312500000E-00
  0.141123635E+01 -0.891502658E+00 -0.972994043E-02 -0.312500000E-00
  0.138347008E+01 -0.912762271E+00  0.227619401E+00 -0.312500000E-00
  0.129170340E+01 -0.900064841E+00  0.441687048E+00 -0.312500000E-00
  0.115666800E+01 -0.863295559E+00  0.577619662E+00 -0.312500000E-00
  0.101760641E+01 -0.822203796E+00  0.628635787E+00 -0.312500000E-00
  0.899961917E+00 -0.787464725E+00  0.619348077E+00 -0.312500000E-00
  0.812800380E+00 -0.759159046E+00  0.574194969E+00 -0.312500000E-00
  0.758564461E+00 -0.734045739E+00  0.508784773E+00 -0.312500000E-00
  0.734878808E+00 -0.707079409E+00  0.439630802E+00 -0.312500000E-00
  0.733429080E+00 -0.671240711E+00  0.381112111E+00 -0.312500000E-00
  0.743504103E+00 -0.622690859E+00  0.334531976E+00 -0.312500000E-00
  0.757301059E+00 -0.564969381E+00  0.291047099E+00 -0.312500000E-00
  0.773031565E+00 -0.506905416E+00  0.242524139E+00 -0.312500000E-00
  0.792501445E+00 -0.456043823E+00  0.188484204E+00 -0.312500000E-00
  0.815493628E+00 -0.414013004E+00  0.135200279E+00 -0.312500000E-00
  0.834844817E+00 -0.376007060E+00  0.895820780E-01 -0.312500000E-00
  0.838625505E+00 -0.334917080E+00  0.502659919E-01 -0.312500000E-00
  0.823806004E+00 -0.288997934E+00  0.120904644E-02 -0.312500000E-00
  0.791837363E+00 -0.240248248E+00 -0.715856484E-01 -0.312500000E-00
  0.745348192E+00 -0.193148375E+00 -0.162868760E+00 -0.312500000E-00
  0.692971005E+00 -0.154253214E+00 -0.261204757E+00 -0.312500000E-00
  0.649812069E+00 -0.129422591E+00 -0.357811817E+00 -0.312500000E-00
  0.622948509E+00 -0.120117381E+00 -0.443718698E+00 -0.312500000E-00
  0.607063852E+00 -0.124004614E+00 -0.514616519E+00 -0.312500000E-00
  0.596115097E+00 -0.137270820E+00 -0.572375019E+00 -0.312500000E-00
  0.588557054E+00 -0.155604757E+00 -0.621051647E+00 -0.312500000E-00
  0.585896297E+00 -0.175135587E+00 -0.664000714E+00 -0.312500000E-00
  0.590020729E+00 -0.193336669E+00 -0.703026052E+00 -0.312500000E-00
  0.601296553E+00 -0.209482662E+00 -0.738618020E+00 -0.312500000E-00
  0.618035773E+00 -0.224795023E+00 -0.770836881E+00 -0.312500000E-00
  0.637638760E+00 -0.242427954E+00 -0.800213740E+00 -0.312500000E-00
  0.658689202E+00 -0.266965756E+00 -0.827593519E+00 -0.312500000E-00
  0.682404772E+00 -0.303247974E+00 -0.852408194E+00 -0.312500000E-00
  0.711848284E+00 -0.354694538E+00 -0.870665500E+00 -0.312500000E-00
  0.748886147E+00 -0.420965801E+00 -0.875959386E+00 -0.312500000E-00
  0.792452352E+00 -0.495789916E+00 -0.864464532E+00 -0.312500000E-00
  0.840689402E+00 -0.567748802E+00 -0.838750162E+00 -0.312500000E-00
  0.893235042E+00 -0.624747567E+00 -0.806312388E+00 -0.312500000E-00
  0.950236279E+00 -0.659166873E+00 -0.774720093E+00 -0.312500000E-00
  0.101007468E+01 -0.670688947E+00 -0.747796732E+00 -0.312500000E-00
  0.106933403E+01 -0.666204714E+00 -0.724669805E+00 -0.312500000E-00
  0.112545869E+01 -0.657419221E+00 -0.700312309E+00 -0.312500000E-00
  0.117894485E+01 -0.656734395E+00 -0.666645848E+00 -0.312500000E-00
  0.123172467E+01 -0.672519141E+00 -0.615130626E+00 -0.312500000E-00
  0.128288112E+01 -0.705740136E+00 -0.541679465E+00 -0.312500000E-00
  0.132776049E+01 -0.750348233E+00 -0.450310821E+00 -0.312500000E-00
  0.136415430E+01 -0.798954471E+00 -0.344109432E+00 -0.312500000E-00
  0.139480096E+01 -0.848063728E+00 -0.205782592E+00 -0.312500000E-00
  0.141123635E+01 -0.891502658E+00 -0.972994043E-02 -0.312500000E-00
  0.169550426E+01 -0.292986039E+00 -0.207233539E-01 -0.312500000E-00
  0.168828634E+01 -0.324367292E+00  0.989748231E-01 -0.312500000E-00
  0.165266299E+01 -0.367845184E+00  0.271336889E+00 -0.312500000E-00
  0.156038176E+01 -0.407514729E+00  0.484687240E+00 -0.312500000E-00
  0.139238018E+01 -0.422277718E+00  0.674458033E+00 -0.312500000E-00
  0.118022367E+01 -0.405354588E+00  0.766967759E+00 -0.312500000E-00
  0.991258527E+00 -0.373049275E+00  0.743753778E+00 -0.312500000E-00
  0.882451711E+00 -0.350987861E+00  0.630830173E+00 -0.312500000E-00
  0.867193762E+00 -0.351702632E+00  0.492108264E+00 -0.312500000E-00
  0.868716341E+00 -0.347629033E+00  0.401180811E+00 -0.312500000E-00
  0.865572352E+00 -0.332363507E+00  0.342436127E+00 -0.312500000E-00
  0.865687409E+00 -0.312168910E+00  0.298880378E+00 -0.312500000E-00
  0.869505959E+00 -0.290163611E+00  0.265414925E+00 -0.312500000E-00
  0.875303770E+00 -0.268101096E+00  0.239391165E+00 -0.312500000E-00
  0.881755808E+00 -0.247116977E+00  0.218195716E+00 -0.312500000E-00
  0.888523792E+00 -0.227795471E+00  0.198576658E+00 -0.312500000E-00
  0.896210165E+00 -0.210191198E+00  0.176875964E+00 -0.312500000E-00
  0.905836048E+00 -0.193896235E+00  0.150273814E+00 -0.312500000E-00
  0.917722909E+00 -0.178097956E+00  0.118549841E+00 -0.312500000E-00
  0.930144149E+00 -0.161678871E+00  0.845820664E-01 -0.312500000E-00
  0.939425553E+00 -0.143612246E+00  0.517405800E-01 -0.312500000E-00
  0.942455599E+00 -0.123577096E+00  0.201869486E-01 -0.312500000E-00
  0.938770090E+00 -0.102106985E+00 -0.124975742E-01 -0.312500000E-00
  0.930134407E+00 -0.801476561E-01 -0.469488435E-01 -0.312500000E-00
  0.919355427E+00 -0.585869786E-01 -0.806690364E-01 -0.312500000E-00
  0.908894757E+00 -0.379870386E-01 -0.111003248E+00 -0.312500000E-00
  0.899273596E+00 -0.185851242E-01 -0.138314203E+00 -0.312500000E-00
  0.888640969E+00 -0.569997947E-03 -0.166754517E+00 -0.312500000E-00
  0.873756824E+00  0.155988048E-01 -0.203173273E+00 -0.312500000E-00
  0.851389074E+00  0.290471597E-01 -0.255548809E+00 -0.312500000E-00
  0.819626841E+00  0.385954575E-01 -0.331536728E+00 -0.312500000E-00
  0.782627385E+00  0.433124448E-01 -0.437962851E+00 -0.312500000E-00
  0.769002220E+00  0.440192411E-01 -0.573279084E+00 -0.312500000E-00
  0.816868319E+00  0.418628672E-01 -0.706656656E+00 -0.312500000E-00
  0.919501259E+00  0.334011007E-01 -0.801885832E+00 -0.312500000E-00
  0.104670116E+01  0.129302653E-01 -0.848266723E+00 -0.312500000E-00
  0.117637454E+01 -0.230436533E-01 -0.848372461E+00 -0.312500000E-00
  0.129519366E+01 -0.740238505E-01 -0.806428917E+00 -0.312500000E-00
  0.139537825E+01 -0.135201951E+00 -0.731087451E+00 -0.312500000E-00
  0.147412175E+01 -0.198517725E+00 -0.635652276E+00 -0.312500000E-00
  0.153210990E+01 -0.254755077E+00 -0.535623452E+00 -0.312500000E-00
  0.157312253E+01 -0.296194124E+00 -0.444333480E+00 -0.312500000E-00
  0.160281232E+01 -0.318803500E+00 -0.368343893E+00 -0.312500000E-00
  0.162616171E+01 -0.322989290E+00 -0.307526355E+00 -0.312500000E-00
  0.164597378E+01 -0.313176491E+00 -0.257862608E+00 -0.312500000E-00
  0.166330326E+01 -0.296807147E+00 -0.212931744E+00 -0.312500000E-00
  0.167825771E+01 -0.282797135E+00 -0.164521189E+00 -0.312500000E-00
  0.168993219E+01 -0.279565357E+00 -0.103728669E+00 -0.312500000E-00
  0.169550426E+01 -0.292986039E+00 -0.207233539E-01 -0.312500000E-00