1 0.141701 0.356383
0.981262 0.136441 0.357239
0.962702 0.131328 0.357269
0.944382 0.126377 0.357827
0.925643 0.121412 0.358224
0.907057 0.116585 0.358172
0.888273 0.111807 0.359066
0.869492 0.107129 0.359836
0.850556 0.102513 0.360031
0.831778 0.0980369 0.360592
0.812648 0.0935791 0.361116
0.793876 0.0893058 0.362248
0.775241 0.0851625 0.362684
0.75928 0.0816917 0.363425
0.733431 0.0762241 0.36443
0.715089 0.0724595 0.364648
0.695977 0.0686379 0.365721
0.676624 0.0648738 0.366938
0.657102 0.0611843 0.367104
0.63746 0.0575811 0.368215
0.617959 0.054112 0.369429
0.598135 0.0506959 0.369486
0.578425 0.0474098 0.370827
0.55863 0.0442204 0.372033
0.538559 0.0411 0.373313
0.518653 0.0381178 0.373368
3.41371 1.65131 0.374772
0.47831 0.0324186 0.376005
0.458044 0.0297296 0.377311
0.437804 0.0271602 0.377497
0.417525 0.0247024 0.378873
0.397047 0.0223387 0.380029
0.376774 0.0201158 0.381053
0.356409 0.0179999 0.381836
0.335739 0.0159727 0.383149
0.31534 0.0140907 0.38428
0.294487 0.0122887 0.384562
0.273724 0.010617 0.385938
0.253134 0.00907978 0.386828
0.232261 0.00764412 0.387545
0.211528 0.00634029 0.388729
0.19063 0.00514939 0.388987
0.169476 0.00406998 0.390331
0.14871 0.00313368 0.39046
0.127474 0.0023026 0.390541
0.106591 0.00160995 0.391648
0.0854125 0.00103375 0.391826
0.0639416 0.00057935 0.391858
0.0428071 0.000259661 0.391857
0.0214096 6.49517e-05 0.425403
