1.14695 0.00596632 -0.241255 
1.28023 0.00596097 0.0344243 
1.14997 0.0055461 0.216153 
1.1618 0.00675763 -0.297861 
1.22776 0.00527898 0.235867 
1.17697 0.00294144 0.00807321 
1.22799 0.00566736 -0.230109 
1.15863 0.00679642 0.309007 
1.15372 0.00197206 -0.20137 
1.28 0.00108123 -0.0342221 
1.28025 0.00858502 -0.0314531 
1.14299 0.00259217 0.25523 
1.14834 0.000405606 -0.297568 
1.15083 0.00858335 -0.295241 
1.24925 0.00080648 0.188784 
1.24774 0.00845014 0.19136 
1.17379 0.0015613 0.0723759 
1.207 0.00548196 -0.262393 
1.1765 0.00171203 0.299647 
1.16294 0.000338899 -0.151387 
1.16445 0.00843877 -0.148408 
1.27226 0.00247827 -0.0985142 
1.13846 0.00744567 0.285673 
1.14275 0.00157736 -0.284865 
1.26573 0.00401659 0.134022 
1.16611 0.00230273 0.133693 
1.18675 0.00369623 -0.284142 
1.1948 0.00455869 0.28352 
1.17169 0.00250078 -0.0924319 
1.25754 0.000187905 -0.15847 
1.25878 0.00778923 -0.15582 
1.1424 0.0048832 0.302443 
1.14312 0.0018003 -0.261042 
1.27702 0.00443711 0.0711715 
1.15525 0.00680714 0.18966 
1.16868 0.00155814 -0.296527 
1.21682 0.000577917 0.254944 
1.21479 0.00838106 0.257368 
1.17645 0.00181203 -0.029301 
1.23986 0.00658985 -0.206412 
1.15221 0.00328636 0.308606 
1.14887 0.00185301 -0.22589 
1.28114 0.00687803 0.00560983 
1.14757 0.000215871 0.23315 
1.14533 0.00840535 0.235758 
1.15653 0.00789633 -0.297791 
1.23676 0.00630984 0.217748 
1.1763 9.60412e-05 0.035434 
1.17588 0.00813059 0.03868 
1.21844 0.00414443 -0.246073 
1.16683 0.00191686 0.305256 
1.15813 0.00329215 -0.179923 
1.27749 0.00171936 -0.0626834 
1.14161 0.000442105 0.268655 
1.13914 0.00866729 0.27109 
1.1467 0.0059857 -0.291935 
1.2564 0.00546818 0.167139 
1.17014 0.00746954 0.101923 
1.19874 0.007575 -0.272261 
1.18496 0.000253868 0.292996 
1.18261 0.00822859 0.295309 
1.1681 0.00769508 -0.124089 
1.26664 0.00185786 -0.125423 
1.14107 0.000912136 0.292849 
1.1426 0.00315559 -0.275478 
1.27154 0.00353833 0.10706 
1.1621 0.00159288 0.158089 
1.17833 0.00202824 -0.290838 
1.20316 0.00682426 0.273668 
1.17415 0.000346482 -0.066139 
1.17481 0.00839023 -0.0629292 
1.2505 0.00465921 -0.180046 
1.14654 0.0024127 0.305903 
1.14671 0.00776728 -0.245221 
1.27972 0.00514346 0.0426815 
1.15258 2.94193e-05 0.208434 
1.15052 0.00819029 0.211159 
1.16297 0.00459122 -0.298081 
1.22456 0.00702143 0.241431 
1.177 0.00699745 0.00129369 
1.23109 0.00745551 -0.224528 
1.15748 0.00457902 0.308777 
1.15321 0.00463234 -0.206327 
1.28046 0.000276823 -0.0259707 
1.28064 0.00777877 -0.0231998 
1.14326 0.0043698 0.251226 
1.15169 0.0074654 -0.296377 
1.24665 0.0013744 0.195466 
1.17414 0.00548895 0.065752 
1.20841 0.000720564 -0.260376 
1.21045 0.00856111 -0.257937 
1.17276 0.00656389 0.302537 
1.16236 0.00363746 -0.15715 
1.27361 0.00195016 -0.0906169 
1.13831 0.00813665 0.282791 
1.14318 0.00163268 -0.287062 
1.26386 0.00375009 0.141581 
1.16668 0.00587596 0.127523 
1.18814 3.02948e-05 -0.283066 
1.19038 0.00797966 -0.280695 
1.19341 0.000369194 0.285003 
1.19113 0.00829707 0.287341 
1.17125 0.00625559 -0.0987952 
1.25973 0.000293868 -0.151278 
1.2609 0.00788537 -0.148617 
1.1418 0.00437938 0.300688 
1.1431 0.00301424 -0.26438 
1.27601 0.0037235 0.0792788 
1.15773 0.00170745 0.181348 
1.17233 0.00690885 -0.293953 
1.21343 0.00304165 0.259867 
1.17628 0.00582691 -0.0360172 
1.24108 1.11745e-05 -0.202767 
1.24266 0.00768872 -0.200198 
1.15122 0.00164511 0.307866 
1.14848 0.00405719 -0.230304 
1.28103 0.00603698 0.0139073 
1.14801 0.00251311 0.228561 
1.15758 0.00616861 -0.298392 
1.23378 0.00751566 0.22381 
1.17646 0.00412728 0.0286804 
1.22172 0.00649737 -0.240993 
1.16311 0.00735949 0.307658 
1.15757 0.00625605 -0.185259 
1.27835 0.000998313 -0.0545432 
1.27875 0.00850893 -0.0517824 
1.1417 0.00176943 0.265125 
1.14738 0.00536982 -0.293517 
1.25407 0.00562996 0.174233 
1.17166 0.00320706 0.09233 
1.20016 0.00330721 -0.270675 
1.18125 0.00463138 0.296284 
1.16627 0.00313344 -0.133197 
1.26836 0.00155764 -0.117791 
1.14071 0.0010847 0.290458 
1.14283 0.00372733 -0.278173 
1.27004 0.00303021 0.114903 
1.1627 0.00495377 0.152191 
1.18199 0.00679007 -0.287786 
1.20177 0.00214846 0.27558 
1.1738 0.00424121 -0.0726881 
1.25296 0.00515459 -0.173249 
1.14575 0.0013971 0.304607 
1.14423 0.00123913 -0.251598 
1.2791 0.00434197 0.0509147 
1.15314 0.00277046 0.203316 
1.16416 0.00230182 -0.298191 
1.22325 0.00116212 0.244392 
1.17697 0.00302089 -0.00874572 
1.23239 0.00135929 -0.221331 
1.15637 0.0024879 0.308432 
1.15273 0.0071963 -0.211169 
1.28093 0.00695834 -0.0149271 
1.14357 0.0062719 0.247089 
1.1526 0.00620526 -0.297385 
1.24397 0.00207799 0.202014 
1.17511 0.00140542 0.055875 
1.21186 0.00364646 -0.255793 
1.17146 0.00351279 0.303032 
1.16179 0.0068661 -0.162825 
1.27484 0.0013692 -0.0826547 
1.14074 0.000746015 0.277373 
1.14368 0.00153483 -0.289115 
1.26188 0.00356932 0.149044 
1.16851 0.00142938 0.118214 
1.19178 0.00417799 -0.279511 
1.18975 0.00424992 0.288708 
1.16972 0.00189756 -0.108218 
1.26181 0.000296862 -0.143977 
1.26293 0.00787906 -0.141305 
1.14125 0.004029 0.298791 
1.14314 0.00408615 -0.267574 
1.27488 0.0030469 0.0873363 
1.15834 0.00482181 0.175765 
1.17363 0.00408249 -0.293606 
1.20999 0.00567873 0.264636 
1.17565 0.00178517 -0.0459463 
1.24385 0.000975096 -0.196427 
1.24538 0.00863952 -0.193842 
1.15028 0.000141352 0.307003 
1.1477 0.00831695 0.309262 
1.14814 0.00614763 -0.234591 
1.2808 0.00519848 0.0221997 
1.14849 0.00491723 0.22385 
1.15866 0.0043101 -0.298876 
1.23254 0.00115523 0.227232 
1.17683 0.000139136 0.0186547 
1.1766 0.00817077 0.0219139 
1.22309 0.000913353 -0.238255 
1.22494 0.00867873 -0.235761 
1.1619 0.00484435 0.307688 
1.15516 0.000995104 -0.193307 
1.27909 0.000247821 -0.0463635 
1.27943 0.00775538 -0.0435995 
1.14185 0.00323386 0.261453 
1.14812 0.00460473 -0.294962 
1.25165 0.00590697 0.181208 
1.17209 0.00704707 0.0858195 
1.20369 0.00677708 -0.266551 
1.1799 0.00115842 0.297143 
1.16572 0.00659175 -0.139171 
1.26998 0.00118344 -0.110075 
1.14041 0.00141155 0.28792 
1.14312 0.00414777 -0.280723 
1.26842 0.00258522 0.12267 
1.16482 0.00028528 0.143222 
1.16331 0.00837963 0.146214 
1.18336 0.00342675 -0.286977 
1.19818 0.00550532 0.279728 
1.17261 4.83003e-05 -0.0823689 
1.17344 0.00809955 -0.0791905 
1.25533 0.00552582 -0.166327 
1.14501 0.000529734 0.303177 
1.14408 0.0027807 -0.255278 
1.27837 0.00356082 0.0591179 
1.15372 0.00560148 0.19809 
1.16778 0.0079692 -0.295871 
1.21998 0.00322712 0.249669 
1.17691 0.00706856 -0.0155098 
1.2354 0.00283518 -0.215468 
1.1553 0.000525407 0.307972 
1.15274 0.00867129 0.310227 
1.15022 0.00149211 -0.218597 
1.2811 0.00612763 -0.00664039 
1.14623 9.70977e-05 0.240246 
1.14394 0.00829442 0.24282 
1.15355 0.00480547 -0.298268 
1.24119 0.00292283 0.208423 
1.17537 0.00538991 0.0491799 
1.21525 0.00640013 -0.251061 
1.17017 0.000580757 0.303417 
1.16771 0.00863963 0.305692 
1.15955 0.00190427 -0.171317 
1.27597 0.000741146 -0.0746334 
1.27654 0.00826173 -0.0718855 
1.1407 0.00173296 0.274189 
1.14422 0.00128414 -0.291025 
1.2598 0.00348106 0.156406 
1.16903 0.00511264 0.111902 
1.19319 0.000246028 -0.278207 
1.19538 0.00816778 -0.27582 
1.18837 0.000334831 0.289951 
1.18604 0.00829055 0.292274 
1.16923 0.00555224 -0.114447 
1.2638 0.00020347 -0.136573 
1.26485 0.00777687 -0.133891 
1.14075 0.0038329 0.296751 
1.14323 0.00501328 -0.270622 
1.27365 0.00241282 0.0953382 
1.15896 0.00801132 0.170091 
1.17495 0.00113816 -0.293152 
1.20861 0.000643111 0.26686 
1.20648 0.0084891 0.269252 
1.1754 0.00575485 -0.0525985 
1.24654 0.00179549 -0.189948 
1.1468 0.00695878 0.308282 
1.14784 0.00812024 -0.238747 
1.28046 0.00436631 0.0304816 
1.14901 0.00742418 0.219021 
1.15978 0.00232336 -0.299245 
1.22946 0.00266504 0.233013 
1.17691 0.00419114 0.0118782 
1.22629 0.0029405 -0.23289 
1.16072 0.00245099 0.307607 
1.15462 0.00378453 -0.198421 
1.28 0.00697746 -0.0353835 
1.14205 0.00483182 0.257643 
1.14891 0.00369226 -0.296274 
1.24914 0.0063056 0.188059 
1.17337 0.00287546 0.0760839 
1.2051 0.00222143 -0.264715 
1.17617 0.00581885 0.300193 
1.16371 0.00189116 -0.148059 
1.27149 0.000741674 -0.10228 
1.27228 0.00828141 -0.099556 
1.14018 0.00189171 0.285236 
1.14347 0.00441583 -0.283125 
1.26671 0.00220986 0.130355 
1.16539 0.00377626 0.137156 
1.187 0.00790899 -0.283693 
1.19679 0.0011203 0.281383 
1.17219 0.00386491 -0.0888119 
1.2576 0.0057791 -0.159286 
1.14174 0.00802338 0.303892 
1.14398 0.00418787 -0.258817 
1.27752 0.00280456 0.0672857 
1.15624 0.000378366 0.189955 
1.15432 0.00851888 0.192761 
1.16903 0.00543155 -0.295774 
1.21664 0.00546398 0.25479 
1.17661 0.00307377 -0.0255173 
1.23832 0.00415239 -0.209459 
1.1517 0.0068462 0.309658 
1.14978 0.00384907 -0.223189 
1.28116 0.00529046 0.00165469 
1.14662 0.00223844 0.235836 
1.15454 0.00326868 -0.299028 
1.23834 0.00391417 0.214692 
1.17609 0.00136067 0.0392186 
1.21664 0.00118326 -0.248647 
1.16645 0.00583402 0.305978 
1.15898 0.00498083 -0.176794 
1.277 7.14814e-05 -0.066559 
1.2775 0.00758778 -0.0638062 
1.14072 0.00286444 0.270861 
1.14483 0.000881321 -0.292794 
1.25762 0.00349206 0.163661 
1.17066 0.000781255 0.102412 
1.19679 0.00409507 -0.274403 
1.18467 0.00451281 0.293407 
1.16749 0.00107695 -0.123683 
1.26568 2.03017e-05 -0.129071 
1.26668 0.0075854 -0.126379 
1.14032 0.00379152 0.294567 
1.14338 0.00579324 -0.273525 
1.27231 0.001827 0.103279 
1.16129 0.00315977 0.161412 
1.17862 0.00609101 -0.290256 
1.2051 0.00360768 0.271348 
1.17452 0.00165479 -0.0624314 
1.24914 0.0024777 -0.183336 
1.14595 0.00574314 0.307173 
1.14534 0.00177551 -0.245349 
1.28001 0.00354435 0.0387473 
1.15165 0.00186397 0.211372 
1.16093 0.000210798 -0.299503 
1.16336 0.0083146 -0.297185 
1.22631 0.0043393 0.238642 
1.17702 0.000216541 0.00183442 
1.17696 0.00824701 0.00509925 
1.22943 0.00479897 -0.227374 
1.15956 0.000181106 0.307414 
1.15703 0.00830187 0.309674 
1.1541 0.00648289 -0.203425 
1.28046 0.00617952 -0.02714 
1.14231 0.00655957 0.253697 
1.14975 0.00263453 -0.297454 
1.24653 0.00683205 0.194781 
1.17374 0.00679023 0.0694784 
1.20859 0.00537283 -0.260322 
