1.01584 0.780432 0.10622 
1.01223 0.789625 0.106164 
1.01423 0.780709 0.178855 
1.01095 0.790023 0.178289 
0.93944 0.784002 0.17927 
0.935615 0.793785 0.178157 
1.05425 0.778993 0.102194 
1.05097 0.787963 0.102406 
0.952629 0.782493 0.217112 
0.949132 0.792263 0.215904 
0.995881 0.777301 0.121631 
0.992143 0.786627 0.121336 
1.03433 0.779271 0.156127 
1.0311 0.788428 0.155836 
0.930823 0.785151 0.196974 
1.04688 0.777885 0.095901 
1.0435 0.786886 0.0961258 
0.973878 0.777422 0.210565 
0.970463 0.787034 0.209558 
0.974215 0.77723 0.141075 
0.970395 0.786715 0.140486 
1.04853 0.778919 0.133291 
1.04531 0.787962 0.133241 
0.931636 0.782727 0.21042 
0.927953 0.792623 0.209089 
1.03048 0.78423 0.0980598 
1.02698 0.793335 0.098146 
0.994312 0.78227 0.19587 
0.990984 0.791735 0.195067 
0.952169 0.784069 0.161521 
0.948327 0.793737 0.160609 
1.05319 0.784191 0.114048 
1.04996 0.793189 0.114145 
0.94116 0.778821 0.217652 
0.937567 0.788662 0.216369 
1.01344 0.779934 0.107878 
1.0098 0.789143 0.107796 
1.0152 0.785701 0.175777 
0.938743 0.782038 0.181975 
0.93492 0.791828 0.180849 
1.05242 0.782311 0.101025 
1.04912 0.791294 0.101223 
0.954196 0.784416 0.21639 
0.989918 0.785134 0.12368 
1.03463 0.784564 0.152976 
1.0314 0.793723 0.152689 
0.930848 0.783831 0.199134 
0.92709 0.793711 0.19785 
1.04465 0.779904 0.0957512 
1.04125 0.78892 0.0959567 
0.975487 0.780617 0.20879 
0.97209 0.790221 0.207793 
0.968551 0.78465 0.143254 
1.04802 0.783963 0.130536 
1.04481 0.793012 0.130484 
0.932357 0.782385 0.211715 
0.928685 0.792278 0.210384 
1.02806 0.784873 0.0989117 
1.02454 0.793993 0.0989736 
0.999024 0.777159 0.193986 
0.995695 0.786585 0.193243 
0.950886 0.781871 0.164407 
0.947041 0.791549 0.163476 
1.05514 0.7795 0.111908 
1.0519 0.788478 0.112049 
0.942435 0.779654 0.217888 
0.938858 0.789488 0.21661 
1.01105 0.779285 0.109643 
1.00739 0.788509 0.109534 
1.01937 0.781486 0.173169 
1.0161 0.79076 0.172668 
0.938137 0.780134 0.184633 
0.934316 0.789929 0.183494 
1.05052 0.785476 0.0999778 
0.959275 0.776784 0.216671 
0.95579 0.7865 0.215531 
0.987734 0.783541 0.126099 
0.983974 0.792931 0.125689 
1.03806 0.780728 0.150085 
1.03483 0.789857 0.149852 
0.930964 0.78262 0.201199 
0.927214 0.792501 0.199909 
1.04237 0.78175 0.0957297 
1.03896 0.790782 0.0959151 
0.977088 0.783967 0.206893 
0.973707 0.793562 0.205907 
0.966772 0.782542 0.146059 
0.962944 0.792089 0.145362 
1.05063 0.779915 0.127863 
1.04741 0.78894 0.12786 
0.93316 0.782185 0.212882 
0.9295 0.792075 0.211552 
1.02562 0.78534 0.0998869 
1.00035 0.781598 0.191267 
0.997037 0.791018 0.190534 
0.949686 0.779686 0.167289 
0.945838 0.789373 0.166339 
1.05376 0.783653 0.110029 
1.05051 0.792642 0.110161 
0.943768 0.780644 0.217983 
0.940206 0.790471 0.216712 
1.00867 0.77849 0.111511 
1.00501 0.787729 0.111375 
1.02345 0.777365 0.170471 
1.02018 0.786606 0.170026 
0.937621 0.778296 0.187237 
0.933804 0.788097 0.186087 
1.05187 0.779506 0.098831 
1.04855 0.788486 0.0990543 
0.960873 0.779039 0.215666 
0.957406 0.788747 0.214535 
0.985593 0.781854 0.128589 
0.98182 0.791258 0.128152 
1.04139 0.77691 0.147174 
1.03816 0.786011 0.146993 
0.931172 0.781524 0.203165 
0.92743 0.791406 0.20187 
1.04007 0.783422 0.0958364 
1.03664 0.792469 0.096001 
0.982057 0.777916 0.205806 
0.978674 0.787468 0.204879 
0.96506 0.780397 0.148897 
0.961225 0.789957 0.148176 
1.0499 0.784808 0.125275 
1.04669 0.79384 0.125269 
0.934042 0.782131 0.213917 
0.930395 0.792017 0.212589 
1.02318 0.785635 0.100983 
1.00494 0.776768 0.189148 
1.00163 0.786149 0.188473 
0.948569 0.77752 0.170158 
0.944719 0.787216 0.169191 
1.05554 0.778708 0.108087 
1.05229 0.787678 0.108262 
0.945153 0.781792 0.217937 
0.941606 0.791612 0.216672 
1.00632 0.777556 0.113477 
1.00264 0.786809 0.113314 
1.02417 0.782538 0.167305 
1.02092 0.791776 0.166867 
0.933383 0.786337 0.18862 
1.04986 0.782344 0.0980474 
1.04653 0.791337 0.0982549 
0.962489 0.781457 0.214525 
0.959039 0.791156 0.213404 
0.983499 0.780081 0.131144 
0.979714 0.789499 0.130681 
1.04138 0.782173 0.144122 
1.03816 0.791276 0.143944 
0.93147 0.780548 0.205025 
0.927738 0.79043 0.203727 
1.03773 0.784919 0.0960711 
1.03429 0.793981 0.0962141 
0.983609 0.781574 0.203668 
0.980244 0.791118 0.202752 
0.963418 0.778223 0.151762 
0.959576 0.787794 0.151019 
1.0523 0.780608 0.122735 
1.04908 0.789618 0.122776 
0.935002 0.782225 0.214818 
0.931368 0.792106 0.213492 
1.02074 0.785759 0.102199 
1.00616 0.781428 0.186276 
1.00286 0.790803 0.185611 
0.943687 0.785086 0.172025 
1.05399 0.782589 0.106446 
1.05073 0.79157 0.10661 
0.946586 0.783101 0.21775 
0.943055 0.792913 0.216492 
1.0003 0.785756 0.115348 
1.02808 0.778546 0.164512 
1.02482 0.787751 0.16413 
0.933055 0.784657 0.191087 
1.04778 0.785019 0.0973893 
1.04444 0.794027 0.09758 
0.964118 0.784036 0.21325 
0.960685 0.793727 0.212139 
0.981454 0.778229 0.13376 
0.977658 0.78766 0.133272 
1.04449 0.778332 0.141247 
1.04127 0.787409 0.14112 
0.931858 0.779696 0.206776 
0.928135 0.789577 0.205474 
1.03882 0.777193 0.0962552 
1.03536 0.786239 0.0964335 
0.985139 0.785376 0.201422 
0.957999 0.78561 0.153883 
1.05138 0.785318 0.120335 
0.936035 0.782469 0.215584 
0.932415 0.792346 0.214261 
1.0183 0.785715 0.103533 
1.01061 0.776847 0.183951 
1.00732 0.786185 0.183344 
0.942742 0.782988 0.174836 
0.938907 0.79274 0.173778 
1.05563 0.777368 0.104716 
1.05236 0.786331 0.104922 
0.948064 0.784569 0.217422 
0.997981 0.784575 0.117473 
0.994271 0.793894 0.117195 
1.02863 0.783793 0.161329 
1.02539 0.792999 0.160954 
0.932819 0.783063 0.193483 
0.929034 0.792917 0.192246 
1.04901 0.778539 0.0966287 
1.04566 0.787531 0.0968572 
0.969191 0.777131 0.212896 
0.965755 0.786777 0.211844 
0.975655 0.78575 0.135919 
1.04428 0.783529 0.1383 
1.04106 0.79261 0.138174 
0.932335 0.778973 0.208412 
0.928622 0.788854 0.207108 
1.03644 0.778321 0.0967673 
1.03297 0.787382 0.0969231 
0.989991 0.779823 0.199918 
0.986642 0.789318 0.199071 
0.956498 0.783411 0.156764 
0.952656 0.793042 0.155917 
1.05358 0.780933 0.117951 
1.05035 0.78993 0.118033 
0.93714 0.782866 0.216212 
0.933533 0.792737 0.214893 
1.01586 0.785508 0.10498 
1.0117 0.781698 0.180955 
1.00842 0.791031 0.180357 
0.941885 0.780931 0.177617 
0.93805 0.79069 0.176544 
1.05393 0.780956 0.103323 
1.05065 0.789932 0.103517 
0.94958 0.786199 0.216953 
0.995699 0.783274 0.119685 
0.991974 0.792607 0.11938 
1.03234 0.779892 0.158475 
1.0291 0.789066 0.158154 
0.932676 0.781562 0.1958 
0.928896 0.791418 0.194555 
1.04685 0.78087 0.0962409 
1.04348 0.789876 0.0964513 
0.970814 0.78004 0.21135 
0.967395 0.789677 0.210309 
0.973708 0.783776 0.138618 
0.9699 0.793271 0.138017 
1.04718 0.779627 0.135492 
1.04396 0.788682 0.135416 
0.932898 0.778384 0.209929 
0.929196 0.788263 0.208624 
1.03405 0.779272 0.0974065 
1.03056 0.788348 0.0975391 
0.991448 0.783907 0.197458 
0.988116 0.793395 0.196622 
0.955074 0.781204 0.159656 
0.951228 0.790846 0.158788 
1.05245 0.785429 0.115758 
0.938312 0.783416 0.216701 
0.93472 0.793282 0.215387 
1.01344 0.785141 0.106539 
1.01601 0.777332 0.178454 
1.01273 0.786629 0.177913 
0.941116 0.778922 0.180362 
0.937283 0.788687 0.179274 
1.05215 0.784398 0.102051 
1.04886 0.793387 0.102232 
0.954636 0.778239 0.217528 
0.951132 0.787989 0.216346 
0.993451 0.781859 0.12198 
0.989713 0.791207 0.121648 
1.03271 0.78518 0.155308 
0.932624 0.780159 0.198033 
0.928852 0.790018 0.19678 
1.04464 0.783031 0.0959807 
1.04126 0.792052 0.0961722 
0.972436 0.783107 0.209678 
0.969035 0.792736 0.208647 
0.971821 0.781745 0.141364 
0.968003 0.791252 0.140738 
1.04675 0.784722 0.132678 
1.04354 0.793782 0.132601 
0.933547 0.777932 0.211323 
0.929857 0.787809 0.210018 
1.03164 0.780045 0.0981716 
1.02813 0.789138 0.0982805 
0.996203 0.778673 0.195682 
0.99287 0.78812 0.194905 
0.953729 0.778997 0.162552 
0.949879 0.788649 0.161664 
1.05447 0.780828 0.11355 
1.05123 0.789814 0.11367 
0.939548 0.784122 0.21705 
0.93597 0.793982 0.215741 
1.01103 0.784618 0.108207 
1.00739 0.793848 0.108088 
1.01696 0.782341 0.175366 
1.01369 0.791635 0.174833 
0.940438 0.776967 0.183064 
0.936607 0.786739 0.181963 
1.0536 0.778719 0.100679 
1.0503 0.78769 0.1009 
0.956201 0.7802 0.216773 
0.952714 0.789942 0.215599 
0.991241 0.780338 0.124353 
0.987489 0.7897 0.123994 
1.03622 0.78133 0.152427 
1.033 0.790474 0.152164 
0.932665 0.778861 0.200176 
0.9289 0.788722 0.198917 
1.04239 0.785021 0.0958481 
1.03899 0.794057 0.09602 
0.977457 0.776746 0.208854 
0.974053 0.786331 0.207882 
0.969995 0.779664 0.144151 
0.966168 0.789184 0.143501 
1.04944 0.780719 0.129966 
1.04622 0.789755 0.129938 
0.93428 0.777621 0.212591 
0.930601 0.787495 0.211286 
1.02922 0.780643 0.0990614 
1.0257 0.789751 0.0991461 
0.99757 0.783016 0.193032 
0.994254 0.792458 0.192265 
0.952465 0.776797 0.165447 
0.948612 0.786458 0.164541 
1.05316 0.785084 0.111578 
1.04992 0.794081 0.11169 
0.940844 0.784985 0.217259 
1.00863 0.783945 0.10998 
1.00498 0.79319 0.109834 
1.02111 0.778155 0.172722 
1.01784 0.787414 0.172246 
0.936021 0.784851 0.184603 
1.05169 0.781845 0.0996651 
1.04838 0.79083 0.099872 
0.957792 0.782323 0.21588 
0.954322 0.792057 0.214715 
0.989072 0.778717 0.126801 
0.985307 0.788093 0.126414 
1.03963 0.777507 0.149517 
1.0364 0.786622 0.149308 
0.932797 0.777674 0.202223 
0.92904 0.787536 0.200959 
1.04351 0.777819 0.0956353 
1.0401 0.786839 0.0958433 
0.979046 0.780132 0.206927 
0.97566 0.789709 0.205966 
0.968234 0.777542 0.146975 
0.964399 0.787074 0.146302 
1.0488 0.785677 0.127309 
0.935094 0.777454 0.213729 
0.931427 0.787324 0.212425 
1.02679 0.781066 0.100074 
1.02325 0.79019 0.100134 
1.00221 0.778074 0.19101 
0.998895 0.787476 0.190302 
0.947428 0.784281 0.16741 
0.943587 0.793991 0.166426 
1.05501 0.780239 0.109562 
1.05176 0.789216 0.109717 
0.942196 0.786005 0.217328 
1.00625 0.783128 0.111855 
1.00258 0.792388 0.111681 
1.0219 0.783288 0.169572 
1.01865 0.792545 0.169104 
0.935526 0.783031 0.187189 
0.931719 0.792854 0.186006 
1.04971 0.784815 0.0987753 
1.04639 0.793813 0.0989669 
0.959403 0.784608 0.21485 
0.986947 0.777005 0.129317 
0.983169 0.786395 0.128904 
1.0397 0.782786 0.146432 
1.03648 0.791903 0.146226 
0.929271 0.786465 0.2029 
1.04121 0.779447 0.0957792 
1.03778 0.788482 0.0959664 
0.980621 0.78367 0.204883 
0.977252 0.793239 0.203933 
0.962698 0.784928 0.149134 
1.05128 0.781538 0.12472 
1.04806 0.790557 0.124738 
0.935988 0.777433 0.214735 
0.932333 0.787299 0.213433 
1.02436 0.781317 0.101209 
1.0208 0.790456 0.101243 
1.00347 0.78265 0.188196 
1.00017 0.792046 0.187498 
0.946328 0.782125 0.170267 
0.942486 0.791844 0.169266 
1.05352 0.784231 0.107825 
1.05027 0.793219 0.10797 
0.947154 0.777384 0.218494 
0.9436 0.787184 0.217255 
1.0039 0.782172 0.113828 
1.00021 0.791447 0.113627 
1.02587 0.779246 0.16682 
1.02262 0.788469 0.166407 
0.935124 0.781286 0.189714 
0.93132 0.791113 0.18852 
1.05101 0.778643 0.09778 
1.04768 0.787625 0.0980101 
0.964488 0.777376 0.214781 
0.961032 0.787056 0.213686 
0.981079 0.784611 0.131459 
0.977296 0.794051 0.130959 
1.0429 0.778955 0.143546 
1.03968 0.788045 0.143391 
0.929593 0.785515 0.204735 
1.03887 0.780898 0.0960513 
1.03542 0.789949 0.096217 
0.985548 0.777828 0.203618 
0.982178 0.787355 0.202727 
0.961067 0.782755 0.151992 
0.957229 0.792349 0.151212 
1.05366 0.777328 0.122179 
1.05043 0.786325 0.122243 
0.936957 0.777561 0.215607 
0.933315 0.787423 0.214307 
1.02192 0.781397 0.102462 
1.01835 0.790552 0.102471 
1.00799 0.77797 0.185956 
1.00469 0.787328 0.185316 
0.945315 0.779997 0.173105 
0.941472 0.789724 0.172087 
1.05521 0.779119 0.106015 
1.05195 0.788089 0.106203 
0.948589 0.77873 0.218273 
0.945051 0.788522 0.217042 
1.00157 0.781084 0.115894 
0.997867 0.790374 0.115667 
1.0265 0.784468 0.163641 
1.02326 0.79369 0.163235 
0.934813 0.779621 0.192171 
0.931014 0.789453 0.190968 
1.04893 0.781277 0.0971566 
1.04559 0.790273 0.09737 
0.966111 0.779994 0.213474 
0.962672 0.789665 0.212388 
0.979039 0.782751 0.134074 
0.975245 0.792204 0.133548 
1.04277 0.784183 0.140554 
1.03955 0.793276 0.140401 
0.930005 0.78469 0.20646 
1.0365 0.782174 0.0964514 
1.03304 0.791239 0.096595 
0.987064 0.781664 0.201344 
0.983711 0.791183 0.200463 
0.959509 0.780562 0.154871 
0.955666 0.790166 0.154069 
1.05271 0.782013 0.119802 
1.04948 0.791019 0.119861 
0.938 0.77784 0.216342 
0.934372 0.787697 0.215045 
1.01949 0.781311 0.103832 
1.0159 0.790481 0.103815 
1.00913 0.782749 0.183007 
1.00584 0.792103 0.182376 
0.944388 0.777904 0.175918 
0.940546 0.787638 0.174884 
1.05357 0.782826 0.104522 
1.05029 0.791808 0.104698 
0.950068 0.780236 0.217912 
0.946546 0.790021 0.216688 
0.999267 0.77987 0.118051 
0.995551 0.789175 0.117796 
1.03029 0.780531 0.160813 
1.02705 0.789721 0.160462 
0.934594 0.778045 0.194555 
0.930801 0.78788 0.193343 
1.0468 0.783747 0.0966597 
1.04344 0.792757 0.0968555 
0.967741 0.782773 0.212035 
0.964319 0.792435 0.21096 
0.977053 0.78082 0.136745 
0.973248 0.790287 0.136194 
1.04575 0.780306 0.137723 
1.04254 0.789373 0.137621 
0.930506 0.783995 0.20807 
0.926806 0.793896 0.206738 
1.03412 0.783272 0.0969789 
1.03064 0.792353 0.0970996 
0.988554 0.785639 0.198966 
0.958027 0.778356 0.157765 
0.954178 0.787971 0.156942 
1.05489 0.777614 0.117419 
1.05166 0.786599 0.117524 
0.939112 0.778272 0.216938 
0.935498 0.788123 0.215645 
1.01707 0.781062 0.105316 
1.01346 0.790248 0.105273 
1.0135 0.778298 0.180578 
1.01021 0.787615 0.180005 
0.939708 0.785595 0.17765 
1.05512 0.777426 0.102932 
1.05184 0.78639 0.103149 
0.951584 0.781904 0.21741 
0.948079 0.79168 0.216194 
0.996998 0.778537 0.120295 
0.993268 0.787857 0.120012 
1.03074 0.785808 0.157638 
0.93068 0.786401 0.195638 
1.04799 0.777054 0.0960566 
1.04462 0.786049 0.0962896 
0.969373 0.785711 0.210468 
0.975123 0.778827 0.139467 
0.971308 0.788306 0.13889 
1.04541 0.785446 0.134853 
0.931093 0.783434 0.209561 
0.927405 0.793333 0.208228 
1.03171 0.784192 0.0976329 
1.02822 0.793289 0.0977301 
0.993349 0.780277 0.197302 
0.990012 0.789748 0.196492 
0.952769 0.785769 0.159824 
1.05375 0.782083 0.11525 
1.05051 0.791077 0.115349 
0.940291 0.778858 0.217396 
0.936692 0.788704 0.216107 
1.01465 0.780654 0.106911 
1.01103 0.789855 0.106842 
1.0145 0.783248 0.177524 
1.01123 0.792561 0.176959 
0.938959 0.7836 0.180379 
0.935135 0.793388 0.179258 
1.05333 0.78083 0.101691 
1.05004 0.789807 0.101895 
0.953135 0.783733 0.216768 
0.949646 0.793501 0.215561 
0.994765 0.777092 0.122619 
0.991021 0.786426 0.12231 
1.03433 0.781938 0.15477 
1.03109 0.791098 0.154478 
0.930652 0.785021 0.197849 
1.04578 0.779172 0.0958325 
1.0424 0.788182 0.0960466 
0.97441 0.779198 0.20978 
0.971003 0.788808 0.208774 
0.973253 0.776779 0.142234 
0.969429 0.786271 0.141632 
1.04818 0.781484 0.132107 
1.04496 0.790531 0.132054 
0.931766 0.78301 0.210928 
0.928089 0.792907 0.209595 
1.02929 0.784937 0.0984123 
1.02578 0.794049 0.0984855 
0.994755 0.78452 0.194726 
0.991436 0.793984 0.193925 
0.951439 0.783568 0.162711 
0.947595 0.793242 0.161788 
1.05575 0.777465 0.113045 
1.05251 0.786438 0.113189 
0.941534 0.7796 0.217713 
0.937948 0.78944 0.21643 
1.01225 0.780091 0.108615 
1.00861 0.789308 0.108518 
