1.02981 0.778746 0.0646526 
1.02615 0.787793 0.0650326 
1.03649 0.779559 0.187488 
1.03342 0.788742 0.187006 
0.892447 0.781598 0.203497 
0.888444 0.79173 0.201889 
1.09115 0.780059 0.0465528 
1.08807 0.788757 0.0473926 
0.940134 0.779934 0.25664 
0.936792 0.789852 0.255157 
0.96855 0.778734 0.115676 
0.964541 0.7882 0.11521 
1.08599 0.779167 0.117072 
1.08304 0.787971 0.11733 
0.883087 0.780966 0.247121 
0.879331 0.791268 0.245255 
1.05652 0.778863 0.0481516 
1.05309 0.787746 0.0488271 
1.00394 0.777554 0.219383 
1.00079 0.786982 0.218523 
0.910867 0.783566 0.174174 
0.906795 0.79351 0.172854 
1.09747 0.784046 0.0617768 
1.0945 0.792731 0.0624978 
0.914463 0.77668 0.262587 
0.91098 0.786784 0.260906 
1.00059 0.779893 0.0871663 
0.996737 0.789133 0.0871571 
1.06442 0.777756 0.153808 
1.06141 0.786727 0.153705 
0.883591 0.779589 0.22765 
0.879691 0.789836 0.225871 
1.07636 0.782347 0.0424645 
1.07314 0.791122 0.0432701 
0.970267 0.777293 0.243358 
0.967021 0.786978 0.242153 
0.939466 0.778752 0.144087 
0.935384 0.788444 0.143195 
1.09536 0.785194 0.0867737 
1.09242 0.793919 0.0872811 
0.891535 0.785373 0.257539 
1.03036 0.782245 0.0634125 
1.02672 0.791292 0.0637918 
1.03467 0.778556 0.189872 
1.03159 0.787752 0.189369 
0.891575 0.786385 0.200873 
1.09169 0.780732 0.047295 
1.08862 0.789429 0.048128 
0.937671 0.781343 0.257089 
0.934324 0.791281 0.255583 
0.968741 0.783464 0.11345 
0.964742 0.792933 0.112983 
1.08522 0.77793 0.119449 
1.08225 0.78674 0.11969 
0.881338 0.784759 0.245341 
1.05717 0.781377 0.0475974 
1.05376 0.790259 0.0482708 
1.00177 0.777153 0.22132 
0.99861 0.786597 0.220437 
0.914489 0.778647 0.172753 
0.910406 0.788555 0.171489 
1.09773 0.783893 0.0631432 
1.09476 0.792578 0.0638545 
0.912079 0.778968 0.26225 
0.908592 0.789092 0.260546 
1.001 0.784118 0.0853871 
0.99716 0.793359 0.0853772 
1.06003 0.785462 0.156215 
0.882306 0.783992 0.225315 
1.07702 0.783857 0.0426047 
1.0738 0.792631 0.0434059 
0.967877 0.777786 0.244578 
0.964626 0.78749 0.243349 
0.939376 0.783719 0.141563 
0.935302 0.793414 0.140667 
1.09515 0.784338 0.0887364 
1.09221 0.793066 0.0892307 
0.893039 0.778228 0.258246 
0.889404 0.788478 0.256419 
1.03093 0.785683 0.0622158 
1.03282 0.777581 0.192239 
1.02973 0.786791 0.191713 
0.89475 0.781091 0.199802 
0.890733 0.791197 0.198232 
1.09221 0.781347 0.0480791 
1.08915 0.790043 0.0489051 
0.935208 0.782818 0.257479 
0.931856 0.792777 0.25595 
0.972947 0.778736 0.111651 
0.968954 0.78817 0.11125 
1.0844 0.776677 0.121849 
1.08143 0.785494 0.122073 
0.883402 0.778315 0.245359 
0.879619 0.788605 0.24351 
1.05783 0.783821 0.0470907 
1.05443 0.792702 0.0477618 
0.999578 0.776804 0.223217 
0.996412 0.786265 0.22231 
0.914052 0.783639 0.170076 
0.909975 0.793554 0.168804 
1.09796 0.783686 0.0645523 
1.09499 0.792371 0.0652537 
0.909705 0.781316 0.261856 
0.906216 0.79146 0.260128 
1.00526 0.779091 0.0835862 
1.00143 0.788299 0.0836426 
1.05862 0.784207 0.158728 
1.05561 0.793226 0.158539 
0.884973 0.778207 0.224697 
0.881053 0.788435 0.222946 
1.07767 0.785303 0.0427892 
1.07447 0.794076 0.0435859 
0.965477 0.778346 0.245742 
0.96222 0.788069 0.24449 
0.943388 0.779017 0.139889 
0.939312 0.788677 0.139055 
1.0949 0.783444 0.0907367 
1.09195 0.792174 0.0912176 
0.890933 0.781373 0.257089 
0.887297 0.791642 0.255242 
1.03512 0.780044 0.0606211 
1.03151 0.789058 0.061063 
1.02785 0.78586 0.194037 
0.893935 0.785917 0.197156 
1.09272 0.781904 0.0489053 
1.08967 0.790599 0.049724 
0.932744 0.78436 0.257811 
0.973172 0.783413 0.109479 
0.96919 0.79285 0.109076 
1.08057 0.784234 0.124477 
1.07761 0.793084 0.124637 
0.881715 0.782197 0.243495 
0.877932 0.792503 0.241629 
1.06188 0.777345 0.0459029 
1.0585 0.786195 0.0466314 
0.994195 0.785986 0.224142 
0.917731 0.77876 0.168616 
0.913645 0.788639 0.1674 
1.09817 0.783427 0.0660039 
1.0952 0.792112 0.0666952 
0.907343 0.783725 0.261404 
0.903851 0.79389 0.259654 
1.00569 0.783225 0.0818777 
1.00187 0.792434 0.0819336 
1.05717 0.782962 0.16124 
1.05416 0.791991 0.161031 
0.88375 0.782676 0.222308 
0.879831 0.792916 0.220544 
1.08151 0.777943 0.0421701 
1.07832 0.786685 0.0430177 
0.963068 0.778974 0.24685 
0.959806 0.788716 0.245574 
0.943344 0.783963 0.137401 
0.939276 0.793627 0.136564 
1.0946 0.782513 0.0927736 
1.09166 0.791246 0.0932408 
0.888852 0.784576 0.255876 
1.0357 0.783356 0.0595136 
1.03211 0.79237 0.0599546 
1.02594 0.784962 0.19634 
0.89718 0.780686 0.196028 
0.89315 0.790765 0.194496 
1.09322 0.782404 0.0497733 
1.09018 0.791098 0.0505847 
0.930281 0.785967 0.258085 
0.977393 0.778662 0.10767 
0.973419 0.788064 0.107333 
1.07966 0.782963 0.1269 
1.0767 0.79182 0.127043 
0.880059 0.786131 0.241582 
1.06254 0.77965 0.0454935 
1.05917 0.788499 0.0462194 
0.991961 0.785762 0.22593 
0.917348 0.783761 0.16595 
0.913267 0.793646 0.164728 
1.09835 0.783116 0.0674982 
1.09538 0.791801 0.0681791 
0.904993 0.786194 0.260894 
1.00994 0.778137 0.0800835 
1.00614 0.787313 0.0802053 
1.05569 0.781729 0.163751 
1.05267 0.790769 0.163522 
0.886499 0.776975 0.221609 
0.882558 0.787182 0.219887 
1.08214 0.779263 0.0424473 
1.07897 0.788004 0.0432899 
0.96065 0.77967 0.247901 
0.957382 0.789431 0.246602 
0.947394 0.77927 0.135706 
0.943326 0.788898 0.13493 
1.09427 0.781546 0.0948463 
1.09133 0.790282 0.0952997 
0.890462 0.777574 0.256443 
0.886795 0.787837 0.254606 
1.03988 0.77762 0.0579475 
1.0363 0.786603 0.058451 
1.024 0.784098 0.19862 
1.02091 0.793379 0.197982 
0.896421 0.785547 0.193364 
1.0937 0.782847 0.0506834 
1.09067 0.79154 0.0514871 
0.931212 0.777658 0.259853 
0.92782 0.78764 0.2583 
0.977651 0.783282 0.105553 
0.973688 0.792686 0.105215 
1.07872 0.781683 0.129341 
1.07575 0.790546 0.129467 
0.882243 0.779824 0.241467 
0.878434 0.790115 0.239621 
1.0632 0.781885 0.0451314 
1.05984 0.790733 0.0458546 
0.98971 0.785595 0.227673 
0.921082 0.778919 0.164454 
0.916993 0.788768 0.163288 
1.09849 0.782753 0.0690349 
1.09554 0.791439 0.0697053 
0.906183 0.778558 0.262073 
0.902657 0.788723 0.260327 
1.01039 0.782176 0.0784483 
1.00661 0.791353 0.0785697 
1.05417 0.78051 0.166259 
1.05114 0.78956 0.166009 
0.885336 0.781506 0.21917 
0.881398 0.791725 0.217436 
1.08278 0.780521 0.0427681 
1.07961 0.78926 0.0436056 
0.958225 0.780434 0.248895 
0.954952 0.790215 0.247573 
0.947393 0.784191 0.133256 
0.943334 0.793823 0.132477 
1.0939 0.780545 0.096954 
1.09096 0.789284 0.0973932 
0.888432 0.780874 0.255137 
0.884764 0.791156 0.25328 
1.04047 0.780802 0.0569312 
1.03691 0.789785 0.0574336 
1.02204 0.783268 0.200875 
1.01895 0.792564 0.200215 
0.899734 0.780376 0.19218 
0.895693 0.790429 0.190689 
1.09417 0.783233 0.0516354 
1.09114 0.791925 0.0524315 
0.928757 0.779375 0.260033 
0.925362 0.789378 0.258457 
0.981884 0.778504 0.103736 
0.97793 0.787873 0.103464 
1.07773 0.780395 0.1318 
1.07475 0.789265 0.131908 
0.88065 0.783843 0.239476 
1.06387 0.784051 0.0448164 
1.06053 0.792897 0.0455368 
0.987443 0.785487 0.229371 
0.920751 0.783925 0.161803 
0.916668 0.793779 0.160632 
1.09861 0.78234 0.070614 
1.09566 0.791026 0.0712736 
0.903864 0.781126 0.261471 
0.900335 0.791312 0.259703 
1.01464 0.777023 0.0766635 
1.01087 0.786166 0.0768506 
1.05262 0.779305 0.168763 
1.04959 0.788366 0.168493 
0.884205 0.786073 0.216702 
1.0834 0.781716 0.0431322 
1.08025 0.790454 0.0439643 
0.955792 0.781267 0.249832 
0.952513 0.791067 0.248486 
0.951478 0.779502 0.13154 
0.947419 0.789098 0.130825 
1.09349 0.779512 0.0990958 
1.09054 0.788255 0.0995205 
0.886428 0.784232 0.253774 
1.04108 0.783918 0.0559606 
1.03753 0.7929 0.0564618 
1.02006 0.782476 0.203104 
1.01696 0.791786 0.202421 
0.899032 0.78527 0.189504 
1.09462 0.783563 0.0526296 
1.09159 0.792254 0.0534177 
0.926305 0.781157 0.260156 
0.922906 0.79118 0.258556 
0.982173 0.783061 0.101676 
0.97823 0.792433 0.101403 
1.0767 0.7791 0.134274 
1.07372 0.787977 0.134364 
0.882922 0.777635 0.239263 
0.879088 0.787911 0.237438 
1.06787 0.777331 0.0437722 
1.06454 0.786147 0.0445483 
0.985159 0.785437 0.231022 
0.924539 0.779116 0.160273 
0.920449 0.788934 0.159159 
1.0987 0.781876 0.0722353 
1.09575 0.790564 0.0728838 
0.90156 0.783754 0.260812 
0.898029 0.79396 0.259021 
1.01511 0.780961 0.0751044 
1.01135 0.790105 0.075291 
1.05104 0.778116 0.171262 
1.048 0.787188 0.17097 
0.887062 0.780476 0.215909 
0.883105 0.790673 0.214206 
1.08402 0.78285 0.0435393 
1.08088 0.791587 0.044366 
0.953352 0.782168 0.250711 
0.950069 0.791988 0.249341 
0.951521 0.784393 0.129131 
0.947471 0.793992 0.128413 
1.09304 0.778448 0.101271 
1.09009 0.787195 0.101681 
0.888149 0.777372 0.2542 
0.884451 0.787647 0.252355 
1.04523 0.778017 0.0544732 
1.0417 0.786967 0.055036 
1.01805 0.781722 0.205306 
1.01494 0.791047 0.2046 
0.902411 0.780156 0.188267 
0.898359 0.790181 0.186818 
1.09505 0.783837 0.0536659 
1.09203 0.792526 0.0544459 
0.923857 0.783003 0.26022 
0.920454 0.793047 0.258597 
0.986415 0.77825 0.0998528 
0.982482 0.787587 0.0996458 
1.07563 0.777801 0.136762 
1.07265 0.786686 0.136833 
0.881392 0.781736 0.237196 
0.877559 0.792028 0.235354 
1.06853 0.77936 0.0435541 
1.06522 0.788174 0.0443269 
0.982861 0.785448 0.232624 
0.924259 0.784122 0.157641 
0.920176 0.793945 0.156522 
1.09876 0.781363 0.0738985 
1.09581 0.790052 0.0745357 
0.899272 0.786442 0.260095 
1.0156 0.784847 0.073584 
1.01186 0.793992 0.0737701 
1.04943 0.776945 0.173754 
1.04638 0.786028 0.173441 
0.885991 0.785099 0.213398 
1.08464 0.783923 0.0439892 
1.0815 0.792658 0.0448103 
0.950907 0.783138 0.251532 
0.947618 0.792978 0.250138 
0.955636 0.779704 0.127397 
0.951588 0.789268 0.126743 
1.09254 0.777356 0.103477 
1.0896 0.786106 0.103873 
0.8862 0.780826 0.252745 
0.882501 0.791119 0.250881 
1.04584 0.780999 0.0535963 
1.04232 0.789948 0.0541577 
1.01602 0.781009 0.207478 
1.0129 0.790348 0.20675 
0.901764 0.785077 0.185582 
1.09546 0.784054 0.0547444 
1.09245 0.792743 0.0555161 
0.921414 0.784912 0.260226 
0.986733 0.78274 0.097853 
0.982812 0.792079 0.0976451 
1.07154 0.785391 0.139315 
0.879894 0.785886 0.235085 
1.0692 0.78132 0.0433824 
1.0659 0.790133 0.0441519 
0.980548 0.78552 0.234178 
0.928098 0.779342 0.156079 
0.924008 0.789129 0.155018 
1.09878 0.780803 0.0756034 
1.09583 0.789492 0.0762291 
0.900565 0.778985 0.261105 
0.897001 0.789189 0.25932 
1.01984 0.779568 0.0718516 
1.01611 0.78868 0.072103 
1.04472 0.784887 0.175903 
1.04168 0.794012 0.175523 
0.888925 0.779579 0.212532 
0.884951 0.789753 0.210862 
1.08524 0.784936 0.0444817 
1.08212 0.793669 0.045297 
0.948456 0.784177 0.252294 
0.945163 0.794036 0.250877 
0.95572 0.78456 0.125032 
1.08906 0.78499 0.106095 
1.08611 0.793772 0.106428 
0.884279 0.784337 0.251235 
1.04647 0.783912 0.052766 
1.04296 0.792861 0.053326 
1.01396 0.780337 0.20962 
1.01084 0.789691 0.208869 
0.905208 0.780017 0.184296 
0.901147 0.790014 0.18289 
1.09585 0.784216 0.0558652 
1.09284 0.792904 0.0566284 
0.922414 0.776838 0.261797 
0.918976 0.786884 0.260175 
0.990982 0.777891 0.0960253 
0.987071 0.787196 0.0958837 
1.07038 0.784095 0.141809 
1.0674 0.793024 0.141797 
0.882284 0.779806 0.234749 
0.878428 0.790081 0.23293 
1.06987 0.783212 0.0432571 
1.06658 0.792024 0.0440231 
0.978221 0.785655 0.235681 
0.927869 0.784344 0.153471 
1.09877 0.780195 0.0773497 
1.09582 0.788885 0.0779636 
0.898314 0.781772 0.260294 
0.894748 0.791996 0.258488 
1.02035 0.783346 0.0704111 
1.01664 0.792459 0.070662 
1.04304 0.783767 0.178355 
1.03999 0.792904 0.177954 
0.887913 0.784254 0.209984 
1.08895 0.777183 0.0441534 
1.08584 0.785888 0.0450166 
0.946001 0.785283 0.252998 
0.959864 0.779866 0.123281 
0.955828 0.789399 0.122689 
1.08848 0.783849 0.108347 
1.08553 0.792635 0.108665 
0.886114 0.77762 0.251521 
0.882387 0.787904 0.24967 
1.05059 0.777839 0.0513624 
1.0471 0.786757 0.0519826 
1.01189 0.779708 0.21173 
1.00876 0.789078 0.210956 
0.904616 0.784962 0.181606 
1.09622 0.784323 0.0570284 
1.09322 0.79301 0.0577829 
0.919986 0.778853 0.26171 
0.916544 0.78892 0.260066 
0.991328 0.782309 0.0940878 
0.987429 0.791616 0.0939455 
1.06919 0.7828 0.144312 
1.0662 0.791737 0.144281 
0.88085 0.784034 0.232569 
1.07054 0.785036 0.0431778 
1.06726 0.793846 0.0439402 
0.97588 0.785853 0.237133 
0.931756 0.779589 0.151879 
0.927668 0.789345 0.150872 
1.09873 0.77954 0.079137 
1.09578 0.788232 0.0797389 
0.896082 0.784617 0.259427 
1.02457 0.777988 0.0686957 
1.02088 0.787068 0.0690113 
1.04132 0.782668 0.180795 
1.03827 0.791817 0.180373 
0.890922 0.778809 0.209048 
0.886932 0.788958 0.207412 
1.08953 0.778078 0.0447368 
1.08643 0.786781 0.0455937 
0.943541 0.786459 0.253644 
0.959987 0.784683 0.120962 
1.08786 0.782685 0.110628 
1.08491 0.791476 0.11093 
0.884251 0.781225 0.249921 
0.880524 0.791526 0.248052 
1.05122 0.780616 0.0506277 
1.04775 0.789533 0.0512462 
1.00979 0.779124 0.213806 
1.00665 0.788509 0.213009 
0.908123 0.779952 0.180274 
0.904054 0.789921 0.178912 
1.09657 0.784374 0.058234 
1.09357 0.793061 0.0589797 
0.917565 0.78093 0.261567 
0.914119 0.791017 0.259899 
0.99558 0.777418 0.092258 
0.991693 0.78669 0.0921821 
1.06796 0.781506 0.146823 
1.06496 0.790452 0.146773 
0.883326 0.778048 0.232141 
0.879447 0.788305 0.230347 
1.07447 0.778013 0.0423282 
1.07121 0.786793 0.0431442 
0.973527 0.786116 0.238532 
0.931577 0.784583 0.149297 
1.09865 0.778841 0.0809648 
1.0957 0.787535 0.0815544 
0.897468 0.777301 0.260301 
0.893869 0.787522 0.258501 
1.0251 0.781653 0.0673377 
1.02142 0.790733 0.0676527 
1.03958 0.781593 0.183223 
1.03652 0.790755 0.182779 
0.889969 0.783531 0.206467 
0.885982 0.793691 0.204819 
1.0901 0.778912 0.0453624 
1.08701 0.787614 0.0462129 
0.944413 0.777819 0.255673 
0.941079 0.787702 0.254231 
0.964156 0.779981 0.119197 
0.960134 0.78948 0.118666 
1.0872 0.781499 0.112936 
1.08425 0.790295 0.113221 
0.882418 0.784885 0.248267 
1.05186 0.783323 0.0499402 
1.04841 0.792239 0.050557 
1.00767 0.778587 0.215847 
1.00453 0.787988 0.215027 
0.907585 0.784918 0.177584 
1.09689 0.78437 0.0594822 
1.09391 0.793057 0.0602187 
0.915151 0.783069 0.261366 
0.911702 0.793177 0.259675 
0.995952 0.781758 0.0903853 
0.992077 0.791032 0.0903087 
1.06669 0.780216 0.149342 
1.06369 0.78917 0.149272 
0.881954 0.782349 0.229896 
0.878076 0.79262 0.228086 
1.07513 0.779705 0.042344 
1.07188 0.788483 0.0431559 
0.974396 0.776791 0.241043 
0.971161 0.786444 0.239879 
0.93551 0.779849 0.147678 
0.931425 0.789574 0.146727 
1.09853 0.778098 0.0828327 
1.09559 0.786793 0.0834098 
0.895277 0.780245 0.259339 
0.891676 0.790485 0.257519 
1.02565 0.785259 0.0660216 
1.03781 0.780543 0.185636 
1.03474 0.789717 0.18517 
0.893051 0.778157 0.205465 
0.889046 0.788282 0.203864 
1.09066 0.779688 0.0460302 
1.08758 0.788389 0.046874 
0.941953 0.779109 0.256225 
0.938614 0.789012 0.254759 
0.964316 0.784754 0.116926 
1.0865 0.780293 0.11527 
1.08354 0.789094 0.115539 
0.88437 0.77831 0.248413 
0.880615 0.7886 0.24656 
1.05595 0.777075 0.0486243 
1.05251 0.78596 0.0493001 
1.00553 0.778097 0.217852 
1.00238 0.787514 0.217009 
0.911153 0.779955 0.176208 
0.907078 0.789895 0.174893 
