0.759753 1.5708 0.0630177 
0.759851 1.57285 0.0624321 
0.759951 1.57489 0.0618466 
0.760054 1.57694 0.0612612 
0.760158 1.57899 0.060676 
0.824849 1.5625 -0.0726935 
0.824195 1.57403 -0.0757314 
0.917603 1.56963 0.0525442 
0.72251 1.56937 0.00330591 
0.91629 1.56445 -0.04802 
0.915865 1.57505 -0.0503506 
0.825833 1.56761 0.0799226 
0.826533 1.57911 0.0768837 
0.758748 1.57295 -0.0584633 
0.955054 1.56909 0.00893275 
0.955166 1.57934 0.00692401 
0.744478 1.57107 0.052046 
0.847084 1.57109 -0.0737938 
0.897807 1.56549 0.0641576 
0.898366 1.57626 0.0616684 
0.72453 1.56551 -0.0123712 
0.72441 1.5783 -0.0161398 
0.933147 1.5664 -0.0363835 
0.932838 1.57685 -0.0385754 
0.803693 1.57059 0.0774071 
0.777417 1.56274 -0.0640273 
0.776831 1.57483 -0.0674087 
0.94891 1.56245 0.0248559 
0.949115 1.57276 0.0227922 
0.732859 1.56506 0.0403947 
0.733203 1.57772 0.0366861 
0.869687 1.572 -0.0695597 
0.876393 1.56758 0.0720795 
0.877033 1.57855 0.0694213 
0.730536 1.57392 -0.0307252 
0.946179 1.56389 -0.0224892 
0.945975 1.57423 -0.0245712 
0.78246 1.56717 0.0736379 
0.783104 1.57918 0.0702866 
0.797349 1.57297 -0.0725402 
0.937485 1.56897 0.0373884 
0.937847 1.57938 0.0352293 
0.725761 1.5731 0.0226159 
0.891851 1.5656 -0.060593 
0.891327 1.57644 -0.0631217 
0.853709 1.56593 0.0780214 
0.854382 1.57713 0.0751887 
0.740991 1.5685 -0.0432334 
0.95388 1.56833 -0.00903751 
0.953828 1.5786 -0.0110557 
0.763503 1.56779 0.0659357 
0.819611 1.56633 -0.0735067 
0.818982 1.57792 -0.0765835 
0.9216 1.56923 0.0500047 
0.72263 1.56913 0.00715856 
0.912136 1.56362 -0.0503022 
0.911684 1.57426 -0.0526665 
0.831166 1.57195 0.0787289 
0.755059 1.5738 -0.0564602 
0.955565 1.57107 0.00523511 
0.747599 1.57158 0.0545574 
0.842338 1.56511 -0.0728081 
0.841706 1.57645 -0.0757175 
0.902303 1.56385 0.0623213 
0.902834 1.57457 0.0598677 
0.723723 1.5653 -0.00860345 
0.723635 1.5781 -0.0123781 
0.929656 1.5667 -0.0392655 
0.929325 1.57718 -0.0414866 
0.808764 1.57362 0.0772418 
0.77305 1.56423 -0.0627907 
0.772486 1.57637 -0.0662037 
0.950809 1.56405 0.0213222 
0.950995 1.57435 0.0192755 
0.73505 1.56519 0.0435435 
0.735422 1.57782 0.039851 
0.864905 1.56783 -0.0698057 
0.864321 1.57894 -0.0725455 
0.881144 1.56439 0.0712 
0.881751 1.57532 0.0685777 
0.728812 1.57388 -0.0272995 
0.94367 1.56509 -0.0258119 
0.943445 1.57545 -0.0279153 
0.787111 1.56919 0.0743736 
0.793137 1.5635 -0.0689232 
0.792519 1.5754 -0.0721914 
0.940507 1.56981 0.0342161 
0.727023 1.57297 0.0262324 
0.88723 1.56308 -0.0618856 
0.886674 1.57396 -0.0644499 
0.859164 1.57215 0.0755001 
0.738321 1.56875 -0.0403532 
0.95263 1.57016 -0.0126573 
0.767572 1.56902 0.0675052 
0.814436 1.56989 -0.074102 
0.925452 1.56908 0.0473312 
0.722954 1.56889 0.0109957 
0.907872 1.5625 -0.0524252 
0.907393 1.57319 -0.0548237 
0.835867 1.5652 0.0802769 
0.83655 1.57659 0.077311 
0.752027 1.56213 -0.0507247 
0.751544 1.57454 -0.05429 
0.955729 1.56284 0.00353036 
0.955748 1.57309 0.00152731 
0.750913 1.57221 0.056908 
0.836967 1.5701 -0.0744658 
0.906715 1.56252 0.0603007 
0.90722 1.5732 0.0578823 
0.723122 1.56507 -0.00479467 
0.723065 1.57787 -0.00857397 
0.925991 1.56676 -0.0420297 
0.925635 1.57728 -0.0442813 
0.813233 1.56525 0.0799992 
0.813914 1.57689 0.0768684 
0.768816 1.56556 -0.061377 
0.768276 1.57775 -0.0648206 
0.952415 1.56578 0.0177364 
0.952582 1.57606 0.0157041 
0.737451 1.56539 0.0465615 
0.737851 1.57799 0.0428865 
0.860129 1.56325 -0.0697739 
0.859508 1.5744 -0.0725488 
0.88644 1.57246 0.0674911 
0.727299 1.57378 -0.0237779 
0.940914 1.56612 -0.0290496 
0.940667 1.5765 -0.0311764 
0.791872 1.57141 0.0749201 
0.788382 1.56566 -0.0683471 
0.787786 1.57761 -0.0716497 
0.943301 1.57084 0.0309546 
0.728494 1.57287 0.0297661 
0.88198 1.57112 -0.0655511 
0.863965 1.56759 0.0755239 
0.864631 1.57869 0.0727697 
0.735855 1.56892 -0.0373348 
0.951073 1.57188 -0.016231 
0.771791 1.57041 0.068897 
0.80933 1.57318 -0.0744835 
0.929145 1.56918 0.044533 
0.723482 1.56866 0.0148047 
0.903006 1.57182 -0.0568107 
0.841268 1.57021 0.0785931 
0.748668 1.5627 -0.0483663 
0.74821 1.57516 -0.0519561 
0.955601 1.56485 -0.000176936 
0.955602 1.5751 -0.00218073 
0.754412 1.57295 0.0590936 
0.832288 1.56332 -0.0729145 
0.831639 1.57477 -0.0758979 
0.911509 1.57212 0.0557249 
0.722725 1.56483 -0.000957548 
0.7227 1.57764 -0.00473994 
0.922165 1.56659 -0.0446681 
0.921785 1.57714 -0.0469512 
0.818429 1.56885 0.0793751 
0.764726 1.56673 -0.0597884 
0.764209 1.57898 -0.0632615 
0.953716 1.5676 0.0141073 
0.953864 1.57787 0.0120866 
0.740061 1.56568 0.0494403 
0.740489 1.57824 0.0457842 
0.854712 1.56945 -0.0722661 
0.891087 1.56998 0.0661741 
0.725995 1.57365 -0.0201717 
0.937925 1.56695 -0.0321952 
0.937657 1.57735 -0.0343474 
0.796735 1.57384 0.0752738 
0.783732 1.56762 -0.0675829 
0.945849 1.57205 0.027611 
0.730176 1.57283 0.0332055 
0.877255 1.56791 -0.0664125 
0.876701 1.57889 -0.069057 
0.868773 1.56345 0.0752674 
0.869404 1.5745 0.0725485 
0.733598 1.56902 -0.0341863 
0.949386 1.56318 -0.0176948 
0.949219 1.57349 -0.0197498 
0.776148 1.57196 0.0701093 
0.80493 1.56446 -0.0714725 
0.8043 1.57621 -0.0746556 
0.932665 1.56949 0.0416187 
0.724215 1.56846 0.0185729 
0.898535 1.57014 -0.0586155 
0.846037 1.56426 0.0795755 
0.846708 1.57554 0.0766847 
0.745497 1.56317 -0.0458492 
0.745064 1.57567 -0.0494622 
0.955144 1.56684 -0.00387159 
0.955127 1.5771 -0.00587909 
0.75809 1.57381 0.0611108 
0.826981 1.56763 -0.0740813 
0.826359 1.57914 -0.0771045 
0.91569 1.57133 0.0534071 
0.722531 1.56458 0.0028952 
0.722539 1.57739 -0.00088876 
0.918195 1.56616 -0.0471719 
0.91779 1.57675 -0.0494876 
0.823692 1.57272 0.0785339 
0.760787 1.56777 -0.058027 
0.954703 1.56951 0.0104438 
0.742876 1.56606 0.0521724 
0.743331 1.57858 0.0485367 
0.849943 1.56407 -0.0716915 
0.849312 1.57532 -0.0745437 
0.895681 1.56784 0.06464 
0.896263 1.57863 0.0621348 
0.724901 1.57349 -0.016493 
0.934722 1.56757 -0.0352416 
0.934432 1.57801 -0.0374208 
0.801028 1.56469 0.0786495 
0.801693 1.57648 0.0754308 
0.779195 1.56939 -0.0666341 
0.947917 1.5631 0.0262649 
0.948138 1.57342 0.0241928 
0.732071 1.57284 0.0365394 
0.872512 1.56431 -0.0670219 
0.871922 1.57533 -0.069702 
0.874175 1.57072 0.0720563 
0.73155 1.56905 -0.0309168 
0.947269 1.56463 -0.0211322 
0.947082 1.57495 -0.0232053 
0.780636 1.57368 0.0711399 
0.799957 1.56719 -0.0714039 
0.799351 1.57901 -0.0746231 
0.935994 1.57003 0.0385963 
0.725155 1.56828 0.0222877 
0.893993 1.56813 -0.0602256 
0.893492 1.57895 -0.0627382 
0.851478 1.56997 0.0774026 
0.742519 1.56354 -0.0431785 
0.742113 1.57608 -0.0468134 
0.954362 1.56878 -0.00754379 
0.954326 1.57905 -0.00955791 
0.761393 1.56253 0.066459 
0.761938 1.57481 0.0629567 
0.821729 1.57164 -0.0750253 
0.919747 1.5708 0.0509403 
0.722541 1.56433 0.0067508 
0.722581 1.57714 0.0029668 
0.914095 1.56547 -0.0495317 
0.913664 1.57609 -0.0518808 
0.828328 1.56541 0.0804934 
0.829015 1.57688 0.0774722 
0.757009 1.56867 -0.0560951 
0.955369 1.57148 0.00675532 
0.745892 1.56653 0.0547511 
0.746373 1.57901 0.0511373 
0.844539 1.56956 -0.0737068 
0.90021 1.56604 0.0629021 
0.900763 1.57678 0.0604325 
0.724014 1.57329 -0.0127537 
0.931319 1.56798 -0.0381816 
0.931006 1.57845 -0.0403894 
0.806049 1.56763 0.0785691 
0.806738 1.57935 0.0753869 
0.77478 1.571 -0.0655038 
0.949951 1.56464 0.0227618 
0.950153 1.57494 0.0207077 
0.734177 1.57291 0.0397575 
0.867135 1.57137 -0.0700836 
0.878932 1.56734 0.0713035 
0.879563 1.57829 0.0686651 
0.729713 1.56902 -0.027536 
0.944882 1.56591 -0.024496 
0.944674 1.57626 -0.0265895 
0.784618 1.56359 0.0753224 
0.785246 1.57558 0.0719862 
0.795073 1.5697 -0.0711361 
0.939119 1.57077 0.0354734 
0.726303 1.56813 0.0259368 
0.889392 1.56579 -0.061628 
0.88886 1.57665 -0.0641763 
0.856282 1.56482 0.077825 
0.856943 1.57599 0.0750113 
0.73974 1.56382 -0.0403599 
0.739361 1.57639 -0.0440151 
0.953261 1.57066 -0.0111839 
0.765379 1.56372 0.0681025 
0.765948 1.57594 0.0646288 
0.817183 1.56375 -0.0726551 
0.816538 1.57537 -0.0757492 
0.923668 1.57053 0.0483346 
0.722754 1.56409 0.0105965 
0.722826 1.5769 0.00681397 
0.909878 1.5645 -0.0517375 
0.909421 1.57516 -0.0541206 
0.833678 1.56993 0.0791685 
0.7534 1.56944 -0.0539952 
0.955673 1.56323 0.00505528 
0.955709 1.57348 0.0030516 
0.749103 1.56712 0.0571711 
0.839812 1.56337 -0.072571 
0.839167 1.57473 -0.0754987 
0.904661 1.56455 0.0609735 
0.905187 1.57525 0.0585394 
0.723333 1.57307 -0.00896652 
0.927733 1.56816 -0.0410077 
0.927397 1.57866 -0.0432454 
0.811152 1.5708 0.0782824 
0.770495 1.57243 -0.0641946 
0.951697 1.5663 0.0192022 
0.95188 1.57659 0.0171637 
0.736494 1.57306 0.0428501 
0.86235 1.567 -0.0701918 
0.861756 1.57813 -0.0729509 
0.883664 1.56435 0.0703015 
0.884263 1.57525 0.067699 
0.728086 1.56895 -0.0240546 
0.94224 1.56703 -0.0277787 
0.942012 1.5774 -0.0298947 
0.789318 1.56574 0.0759477 
0.78997 1.57766 0.0726453 
0.790283 1.57199 -0.0706737 
0.942022 1.57171 0.0322574 
0.727661 1.56803 0.0295082 
0.884744 1.56309 -0.0628096 
0.884181 1.574 -0.0653936 
0.861732 1.57123 0.0751778 
0.737165 1.56401 -0.0374 
0.736813 1.57662 -0.0410742 
0.951979 1.56215 -0.0127495 
0.951848 1.57244 -0.0147827 
0.769517 1.56505 0.069569 
0.77011 1.57722 0.066125 
0.812033 1.56714 -0.0731248 
0.811414 1.57882 -0.0762568 
0.927437 1.5705 0.0455997 
0.723171 1.56386 0.0144195 
0.723275 1.57666 0.01064 
0.90556 1.56324 -0.0537783 
0.905075 1.57394 -0.0561959 
0.838406 1.56339 0.0805663 
0.839076 1.57476 0.0776186 
0.749968 1.5701 -0.0517303 
0.955702 1.56525 0.0013455 
0.955719 1.5755 -0.000657561 
0.752504 1.56782 0.0594275 
0.834452 1.56817 -0.0740964 
0.909021 1.56337 0.0588672 
0.909521 1.57403 0.0564681 
0.722857 1.57284 -0.00514388 
0.923979 1.56811 -0.0437121 
0.923619 1.57864 -0.0459808 
0.815664 1.56262 0.0808988 
0.81633 1.57424 0.0777851 
0.766348 1.57371 -0.0627087 
0.953144 1.56808 0.0155945 
0.953308 1.57835 0.013569 
0.739021 1.57328 0.0458084 
0.857577 1.56221 -0.0700179 
0.856945 1.57339 -0.0728119 
0.888928 1.57258 0.0664964 
0.72667 1.56883 -0.0204837 
0.939359 1.56796 -0.030973 
0.939109 1.57835 -0.0331134 
0.794124 1.56809 0.0763817 
0.786208 1.5621 -0.0667029 
0.785595 1.57408 -0.0700209 
0.944429 1.56248 0.031058 
0.944688 1.57282 0.0289556 
0.72923 1.56796 0.0329901 
0.879465 1.57097 -0.0663771 
0.866533 1.56688 0.0750603 
0.86719 1.57795 0.0723255 
0.734796 1.56413 -0.0343065 
0.734471 1.57677 -0.0379983 
0.950284 1.5638 -0.0162834 
0.950134 1.5741 -0.018331 
0.773799 1.56654 0.0708565 
0.774416 1.57866 0.0674432 
0.806957 1.57028 -0.0733832 
0.931039 1.57071 0.0427445 
0.723793 1.56365 0.0182073 
0.723928 1.57644 0.0144323 
0.900639 1.57242 -0.058095 
0.843816 1.56859 0.0787502 
0.746721 1.57065 -0.049304 
0.955401 1.56725 -0.00235683 
0.9554 1.57751 -0.00436223 
0.756088 1.56864 0.0615166 
0.829138 1.57266 -0.0753964 
0.913278 1.56247 0.0565955 
0.913752 1.57309 0.0542309 
0.722585 1.57259 -0.00129853 
0.920074 1.56781 -0.0462863 
0.919689 1.57838 -0.0485872 
0.820886 1.56638 0.0801482 
0.821577 1.57794 0.077073 
0.762884 1.56258 -0.0575621 
0.762349 1.57485 -0.0610485 
0.954282 1.56995 0.0119478 
0.741754 1.57359 0.0486243 
0.852156 1.56822 -0.0723836 
0.851554 1.57945 -0.0752202 
0.893545 1.57027 0.0650702 
0.725463 1.56867 -0.016835 
0.936254 1.56868 -0.0340717 
0.935983 1.57911 -0.0362385 
0.799027 1.57064 0.0766206 
0.781607 1.56394 -0.0658301 
0.781017 1.57598 -0.0691813 
0.946863 1.56379 0.0276563 
0.947101 1.57411 0.0255753 
0.73101 1.56796 0.0363713 
0.874724 1.56756 -0.0671145 
0.874161 1.57857 -0.0697785 
0.871336 1.56294 0.074667 
0.871959 1.57397 0.0719677 
0.732636 1.56418 -0.0310881 
0.73234 1.57685 -0.0347959 
0.948299 1.56532 -0.0197559 
0.948129 1.57564 -0.0218205 
0.778216 1.5682 0.071963 
0.801959 1.57316 -0.073435 
0.934459 1.57114 0.0397772 
0.72462 1.56346 0.0219471 
0.724788 1.57624 0.0181782 
0.896126 1.57058 -0.0598055 
0.848603 1.56285 0.0795824 
0.849262 1.57411 0.0767103 
0.743665 1.57109 -0.0467208 
0.954773 1.56922 -0.00604181 
0.954754 1.57948 -0.00805249 
0.759845 1.56959 0.0634351 
0.824511 1.56532 -0.0734313 
0.823875 1.57685 -0.0764722 
0.917867 1.57243 0.0518392 
0.722516 1.57235 0.00255678 
0.916031 1.56725 -0.0487213 
0.915621 1.57786 -0.0510552 
0.82617 1.57043 0.0791782 
0.759019 1.56352 -0.0557014 
0.758507 1.57585 -0.0592159 
0.955101 1.57189 0.00827117 
0.74469 1.574 0.0512909 
0.8474 1.56262 -0.0716608 
0.846757 1.5739 -0.0745317 
0.898104 1.5683 0.0634338 
0.898679 1.57907 0.0609483 
0.724464 1.56848 -0.0131205 
0.932942 1.5692 -0.0370677 
0.804022 1.57343 0.0766604 
0.777123 1.56561 -0.0647746 
0.776556 1.5777 -0.0681583 
0.949028 1.56525 0.0241858 
0.949247 1.57556 0.022124 
0.733003 1.56801 0.0396411 
0.86997 1.56376 -0.067594 
0.869372 1.57481 -0.0702935 
0.876719 1.57039 0.0713441 
0.730686 1.56417 -0.0277542 
0.730419 1.57687 -0.0314765 
0.946038 1.56669 -0.0231588 
0.945848 1.57703 -0.0252427 
