1.1157 0.00625132 -0.288943 
1.29412 0.00533916 0.0173953 
1.11674 0.000401773 0.282498 
1.11871 0.00137965 -0.359253 
1.2448 0.00366758 0.240748 
1.15946 0.00488426 0.0919737 
1.18399 0.00364681 -0.32731 
1.16144 0.00278102 0.353387 
1.15239 0.00781343 -0.140721 
1.26531 0.00010336 -0.182856 
1.26668 0.00766078 -0.180294 
1.1083 0.00130459 0.360297 
1.11144 0.00610455 -0.307495 
1.29191 0.00569752 0.0556489 
1.12248 0.00349122 0.259703 
1.12652 0.0023549 -0.359581 
1.23151 0.00416796 0.267243 
1.16317 0.00676317 0.0559659 
1.19785 0.00662197 -0.312268 
1.14976 0.00437331 0.360451 
1.14575 0.00723822 -0.173407 
1.27557 0.00218156 -0.148089 
1.10606 4.31276e-05 0.351873 
1.10311 0.0084978 0.353889 
1.10792 0.00310946 -0.324115 
1.28737 0.00480361 0.0937724 
1.12891 0.00773926 0.234083 
1.13475 0.000265109 -0.358492 
1.13752 0.00852702 -0.356427 
1.21707 0.00600233 0.291341 
1.16544 0.000700378 0.0150304 
1.2112 0.00552345 -0.294742 
1.13825 0.00699358 0.36577 
1.13797 0.00521745 -0.205147 
1.28366 0.00169383 -0.111529 
1.10515 0.000777983 0.340798 
1.10813 0.00567423 -0.336519 
1.28057 0.00340024 0.131284 
1.13771 0.00481173 0.203364 
1.14605 0.00407279 -0.354013 
1.20402 0.00230634 0.310605 
1.16517 0.00274461 -0.0230831 
1.22395 0.00126413 -0.274699 
1.12982 0.0029961 0.367608 
1.12949 0.00192585 -0.234981 
1.28953 0.000427382 -0.0738473 
1.29008 0.00788131 -0.0711514 
1.10538 0.00408671 0.327428 
1.10957 0.00588945 -0.346492 
1.27157 0.00336921 0.167458 
1.14565 0.00325086 0.171059 
1.15755 0.00651139 -0.348008 
1.19041 0.00220545 0.327296 
1.16303 0.0047428 -0.0601711 
1.2379 0.00293571 -0.249863 
1.12174 0.00164235 0.368083 
1.12349 0.00586078 -0.25949 
1.29313 2.76183e-05 -0.0357096 
1.29338 0.00746702 -0.032995 
1.10935 0.00192235 0.309986 
1.11232 0.00423044 -0.353809 
1.26041 0.00620944 0.201674 
1.15239 0.00314112 0.137965 
1.1692 0.00791261 -0.34021 
1.17631 0.00623569 0.341489 
1.15935 0.00649594 -0.095468 
1.2506 0.00331811 -0.22272 
1.11416 0.00341125 0.367007 
1.1156 0.000157751 -0.283585 
1.11822 0.00853108 -0.281202 
1.29434 0.000708145 0.00252377 
1.2943 0.00814302 0.00524272 
1.11404 0.00248719 0.29057 
1.11623 0.000564158 -0.358687 
1.24899 0.00435648 0.231183 
1.15786 0.00421211 0.10403 
1.18088 0.00747507 -0.330395 
1.16453 0.00555704 0.351265 
1.15438 0.00757588 -0.129252 
1.26186 0.00180226 -0.193377 
1.10736 0.0079116 0.363949 
1.11102 0.000851747 -0.302791 
1.29314 0.00137299 0.0407828 
1.11953 0.00504925 0.268759 
1.12383 0.00261143 -0.359585 
1.23613 0.00440149 0.258468 
1.16206 0.00596636 0.0686377 
1.19243 0.00386603 -0.31839 
1.15278 0.00676788 0.35898 
1.14817 0.00748803 -0.162169 
1.27276 0.00496022 -0.159314 
1.10468 0.00602762 0.356476 
1.10998 0.00729972 -0.317826 
1.28957 0.000907134 0.0790009 
1.28893 0.00836311 0.0816833 
1.12822 0.000615731 0.241569 
1.13193 0.00154327 -0.358961 
1.22205 0.00572255 0.283417 
1.16473 0.00796852 0.0315092 
1.206 0.00416038 -0.301753 
1.14396 0.000818628 0.362834 
1.14075 0.00596136 -0.194317 
1.28149 0.00518928 -0.123291 
1.10333 0.00602036 0.346328 
1.10702 0.00238898 -0.333141 
1.28279 0.00696597 0.119468 
1.13475 0.00557034 0.214237 
1.14313 0.00604319 -0.354949 
1.20926 0.00108 0.303576 
1.16549 0.00192238 -0.00993284 
1.21901 0.000856016 -0.282589 
1.22111 0.00863475 -0.280244 
1.13263 0.00437106 0.36718 
1.13244 0.00308219 -0.224938 
1.28803 0.00395147 -0.0858994 
1.1032 0.00836528 0.333731 
1.10801 0.00335016 -0.34399 
1.27444 0.00624888 0.156169 
1.14305 0.00351112 0.182358 
1.15187 0.000681051 -0.351595 
1.19344 0.00749299 0.323376 
1.16396 0.00394758 -0.0475189 
1.23332 0.00304989 -0.258594 
1.12442 0.00199891 0.368135 
1.12631 0.00738647 -0.250444 
1.2923 0.00313223 -0.0478499 
1.10694 0.00514839 0.316991 
1.1103 0.00232491 -0.352216 
1.26538 0.000462907 0.188557 
1.26391 0.0080243 0.19109 
1.15021 0.00290973 0.149495 
1.16352 0.00252356 -0.344474 
1.18195 0.00218206 0.336236 
1.16077 0.00582356 -0.083452 
1.24647 0.00389021 -0.23223 
1.11664 0.00269083 0.367637 
1.11825 0.00221106 -0.275575 
1.29423 0.00351143 -0.00962672 
1.1114 0.00482314 0.298323 
1.11671 0.00781493 -0.355851 
1.25301 0.00526891 0.221354 
1.15612 0.00362166 0.115908 
1.17526 0.00291337 -0.335405 
1.17026 0.000483937 0.346793 
1.16764 0.00854041 0.348898 
1.15623 0.00719566 -0.117685 
1.25823 0.00314963 -0.203641 
1.10953 0.0063223 0.365324 
1.11343 0.00368243 -0.29559 
1.29374 0.00434093 0.028622 
1.11664 0.0067713 0.27744 
1.1212 0.00248438 -0.359406 
1.24061 0.0047739 0.249415 
1.16077 0.00519712 0.0810904 
1.18693 0.000587542 -0.3242 
1.18934 0.00853874 -0.321983 
1.15853 0.00113605 0.355226 
1.15045 0.00756104 -0.150847 
1.26975 0.00738266 -0.170312 
1.10641 0.00378229 0.358738 
1.10936 0.00270317 -0.31351 
1.29086 0.00433784 0.0668677 
1.12521 0.00190832 0.251336 
1.12915 0.00249523 -0.359273 
1.22692 0.0056571 0.27519 
1.164 0.00714922 0.0445376 
1.20071 0.00233952 -0.308444 
1.14691 0.00301849 0.36174 
1.14343 0.00654121 -0.183306 
1.2781 0.00101067 -0.137528 
1.27913 0.00851245 -0.134895 
1.10459 0.00309082 0.349505 
1.10889 0.00723053 -0.327348 
1.28566 0.00313152 0.104878 
1.13171 0.00648395 0.224873 
1.14024 0.0078279 -0.355716 
1.21439 0.00025305 0.296224 
1.21215 0.00806253 0.298502 
1.16557 0.00109847 0.00328689 
1.21396 0.000171246 -0.290172 
1.21612 0.00797609 -0.287851 
1.13549 0.00602527 0.36659 
1.13536 0.00410483 -0.21458 
1.28556 7.38153e-05 -0.100554 
1.28631 0.00754419 -0.0978808 
1.10406 0.00454485 0.337696 
1.1066 0.000572418 -0.341171 
1.27823 0.00192706 0.142068 
1.1403 0.00395045 0.193548 
1.14887 0.00289304 -0.352875 
1.19887 0.00536474 0.316961 
1.16469 0.00313696 -0.0346563 
1.22861 0.00301722 -0.267042 
1.12715 0.00273409 0.368014 
1.12681 0.000468675 -0.243616 
1.29127 0.00640099 -0.0599765 
1.10746 0.000299253 0.321585 
1.10843 0.000193538 -0.350313 
1.11131 0.00862146 -0.348252 
1.26862 0.00266462 0.177707 
1.14789 0.00283979 0.160948 
1.16044 0.00505186 -0.34636 
1.18504 0.00656477 0.332851 
1.16203 0.0050923 -0.0712246 
1.24217 0.00428264 -0.241475 
1.1192 0.00232998 0.368049 
1.12096 0.00405513 -0.267223 
1.2939 0.00637574 -0.0217759 
1.10883 0.00744459 0.305782 
1.11444 0.00638986 -0.354797 
1.25686 0.00645351 0.211261 
1.15423 0.00313564 0.127639 
1.17214 0.00603806 -0.337977 
1.17337 0.00375253 0.344175 
1.15793 0.00669321 -0.105992 
1.25443 0.00418449 -0.213645 
1.11182 0.00500522 0.36642 
1.1159 0.00620589 -0.288111 
1.29412 0.00719804 0.0164657 
1.11651 0.000306591 0.283405 
1.11383 0.00868268 0.28576 
1.11864 0.0019829 -0.359031 
1.24494 0.00529968 0.240089 
1.15931 0.00447128 0.093326 
1.18381 0.0047874 -0.327521 
1.1616 0.00377218 0.353312 
1.15258 0.00746384 -0.13945 
1.26518 0.001871 -0.183634 
1.1083 0.00175868 0.36068 
1.11161 0.00616903 -0.306747 
1.29236 0.000159545 0.0520128 
1.29194 0.00760339 0.0547155 
1.12222 0.00333747 0.260728 
1.12642 0.00308703 -0.359425 
1.23166 0.00576082 0.266669 
1.16307 0.00633844 0.0573914 
1.19532 1.88241e-05 -0.314818 
1.19766 0.00792339 -0.312571 
1.1499 0.00532815 0.36045 
1.14598 0.00694803 -0.17216 
1.27547 0.00406992 -0.148938 
1.10601 0.000420591 0.352372 
1.10805 0.00330068 -0.32345 
1.28742 0.00676432 0.0928439 
1.12863 0.00754174 0.235224 
1.13464 0.00111338 -0.35839 
1.21724 0.00754172 0.290857 
1.16542 0.000273774 0.0165073 
1.1652 0.00836501 0.019831 
1.21102 0.00697495 -0.295144 
1.13837 0.00790754 0.365832 
1.13823 0.00498475 -0.203949 
1.28358 0.00365126 -0.11243 
1.10504 0.00106072 0.341407 
1.10822 0.00597906 -0.335949 
1.28064 0.00535532 0.130385 
1.13744 0.00456376 0.204591 
1.14591 0.00499233 -0.353966 
1.20419 0.00373438 0.310222 
1.16521 0.00231855 -0.0216179 
1.22378 0.00280884 -0.275199 
1.12993 0.0038256 0.367728 
1.12976 0.00174013 -0.233879 
1.28948 0.00237138 -0.0747726 
1.10523 0.00424881 0.328126 
1.10961 0.00628125 -0.346034 
1.27167 0.0052375 0.166617 
1.14542 0.00294303 0.172325 
1.15739 0.00746545 -0.348025 
1.19058 0.00347366 0.327012 
1.16313 0.00432072 -0.058771 
1.23773 0.00452489 -0.25045 
1.12183 0.00234789 0.368262 
1.12373 0.00571982 -0.258507 
1.2931 0.00191492 -0.0366389 
1.10916 0.00195836 0.310766 
1.1123 0.00469883 -0.353464 
1.26207 0.000380411 0.198392 
1.26053 0.0079567 0.200906 
1.15219 0.00277638 0.139254 
1.16646 0.000842171 -0.342453 
1.17648 0.00734994 0.341297 
1.15949 0.00609085 -0.0941409 
1.25045 0.00495455 -0.223389 
1.11421 0.00399177 0.367258 
1.11582 8.35811e-05 -0.28272 
1.11843 0.0084555 -0.280332 
1.29434 0.00256506 0.00159493 
1.11382 0.00242075 0.291439 
1.11617 0.00112812 -0.358437 
1.24913 0.00601095 0.230497 
1.1577 0.00380811 0.105361 
1.17821 0.000569474 -0.332761 
1.1807 0.0085701 -0.330574 
1.16469 0.00657031 0.35116 
1.15456 0.0072089 -0.127971 
1.26173 0.00353018 -0.194126 
1.10738 0.00839455 0.364293 
1.11121 0.000876518 -0.302018 
1.29316 0.00325997 0.0398508 
1.11928 0.00491436 0.269741 
1.12373 0.00329928 -0.359406 
1.23628 0.00600817 0.257863 
1.16194 0.00554458 0.0700389 
1.19225 0.00511088 -0.318661 
1.15292 0.00773414 0.358953 
1.14839 0.00717726 -0.160911 
1.27265 0.00681121 -0.160139 
1.10464 0.00643376 0.356932 
1.11013 0.00744743 -0.317129 
1.28961 0.00285448 0.0780694 
1.12795 0.00043277 0.242676 
1.13182 0.00235663 -0.35884 
1.22221 0.00728742 0.2829 
1.16467 0.00754277 0.0329747 
1.20582 0.00556598 -0.302121 
1.14409 0.00175242 0.362878 
1.14101 0.0057105 -0.193096 
1.2814 0.00713396 -0.124176 
1.10323 0.0063408 0.346899 
1.10713 0.00265849 -0.332535 
1.28378 0.0014537 0.115911 
1.13447 0.00534187 0.21544 
