0.670271 1.5708 0.136044 
0.670477 1.57304 0.135353 
0.670685 1.57528 0.134663 
0.670895 1.57751 0.133972 
0.788217 1.5628 -0.163972 
0.78683 1.57462 -0.167337 
1.04689 1.5625 0.0809772 
1.04761 1.57194 0.07965 
0.619319 1.56365 0.0707398 
0.61995 1.57799 0.0661973 
0.899021 1.56471 -0.151909 
0.897744 1.57536 -0.154531 
0.944836 1.56225 0.14001 
0.946013 1.57247 0.137737 
0.613205 1.56304 -0.0237301 
0.612941 1.57751 -0.0283362 
1.00566 1.5708 -0.104068 
0.833373 1.56887 0.170825 
0.6431 1.57292 -0.11019 
1.08686 1.56275 -0.0377849 
1.08655 1.5719 -0.038717 
0.727196 1.57417 0.158578 
0.721348 1.57206 -0.154383 
1.0902 1.56767 0.0358092 
1.09055 1.5768 0.0348974 
0.645627 1.57067 0.117115 
0.826416 1.57093 -0.167318 
1.01301 1.56303 0.103709 
1.01392 1.57272 0.10206 
0.613143 1.56556 0.037444 
0.938066 1.56661 -0.137508 
0.936904 1.57691 -0.139815 
0.906264 1.57113 0.153918 
0.619357 1.56456 -0.0573924 
0.618793 1.57892 -0.0619361 
1.04072 1.5636 -0.0809993 
1.04001 1.5731 -0.0823577 
0.794228 1.57359 0.169628 
0.667233 1.56421 -0.127294 
0.666079 1.57775 -0.13145 
1.09728 1.57051 -0.0123913 
0.694205 1.5737 0.147164 
0.757365 1.56707 -0.161211 
0.756022 1.5793 -0.164767 
1.07054 1.57039 0.06074 
0.62848 1.57305 0.0915774 
0.867219 1.56374 -0.160346 
0.865878 1.57469 -0.1632 
0.976844 1.57069 0.123236 
0.611258 1.56288 0.00397375 
0.611256 1.57739 -0.000651875 
0.976507 1.56614 -0.119521 
0.975474 1.57613 -0.121489 
0.865994 1.57046 0.16568 
0.62995 1.56808 -0.0884684 
1.0698 1.56751 -0.0582071 
1.06932 1.57679 -0.0593016 
0.754993 1.56431 0.167861 
0.756375 1.57653 0.164275 
0.695606 1.56962 -0.14416 
1.09755 1.568 0.0146011 
1.09772 1.57708 0.0137571 
0.664453 1.56499 0.13449 
0.665629 1.57854 0.130308 
0.794926 1.57045 -0.166741 
1.04069 1.56445 0.0852915 
1.04147 1.57393 0.0839093 
0.618245 1.57618 0.0605352 
0.906851 1.56433 -0.149185 
0.90559 1.57491 -0.151745 
0.937941 1.56968 0.141743 
0.613841 1.5749 -0.034199 
1.01329 1.56448 -0.0987913 
1.01241 1.57419 -0.100412 
0.824651 1.56215 0.173177 
0.826036 1.57353 0.170023 
0.647281 1.57127 -0.114027 
1.0896 1.5706 -0.0335185 
0.720121 1.57136 0.157457 
0.728375 1.56927 -0.155496 
1.08717 1.56629 0.0410443 
1.08756 1.57544 0.0401027 
0.641462 1.56882 0.113291 
0.835054 1.56442 -0.165083 
0.833685 1.5757 -0.168152 
1.00623 1.56633 0.107443 
1.0072 1.57607 0.105735 
0.612368 1.5629 0.0316068 
0.612629 1.57738 0.0269936 
0.946031 1.56396 -0.133625 
0.944876 1.57419 -0.135861 
0.89831 1.57052 0.15677 
0.621145 1.56282 -0.0630716 
0.620513 1.57714 -0.0675984 
1.04687 1.56567 -0.0768187 
1.0462 1.57513 -0.0781235 
0.786049 1.56933 0.170278 
0.672672 1.56316 -0.130283 
0.671487 1.57661 -0.134401 
1.09812 1.56874 -0.00696557 
1.0981 1.57782 -0.00780384 
0.687998 1.57213 0.144918 
0.765087 1.56365 -0.161413 
0.763717 1.57577 -0.164922 
1.06539 1.57077 0.0654766 
0.625851 1.57114 0.0866109 
0.874888 1.56529 -0.158962 
0.873569 1.57617 -0.161762 
0.968794 1.56595 0.128032 
0.969917 1.57597 0.125975 
0.611399 1.57414 -0.00643213 
0.983396 1.571 -0.116599 
0.858267 1.57236 0.166743 
0.632927 1.56624 -0.0932183 
1.07461 1.56753 -0.0534184 
1.07417 1.57677 -0.0544688 
0.748711 1.5731 0.16395 
0.701938 1.56789 -0.146196 
1.09638 1.56622 0.0200176 
1.09659 1.5753 0.0191615 
0.659229 1.56361 0.131401 
0.66037 1.57725 0.127182 
0.803131 1.56599 -0.165908 
0.801762 1.57764 -0.169179 
1.03435 1.56672 0.0894863 
1.03517 1.57625 0.0880483 
0.616729 1.57429 0.0547829 
0.91471 1.56354 -0.146209 
0.913463 1.57405 -0.148707 
0.929884 1.56732 0.145562 
0.931136 1.57767 0.143167 
0.614916 1.57253 -0.0400731 
1.01993 1.56765 -0.0950476 
1.01911 1.57731 -0.0966112 
0.81741 1.56745 0.171957 
0.818831 1.5789 0.168757 
0.65175 1.56976 -0.117674 
1.09219 1.56911 -0.0282557 
1.09199 1.57823 -0.0291479 
0.713219 1.56876 0.15612 
0.735568 1.56629 -0.156408 
0.734243 1.57881 -0.160103 
1.08367 1.56515 0.0462104 
1.0841 1.57432 0.0452346 
0.637609 1.56688 0.10926 
0.842406 1.56855 -0.165488 
0.999404 1.56994 0.111011 
0.611967 1.57451 0.021169 
0.952859 1.57099 -0.131722 
0.890385 1.57032 0.159338 
0.622436 1.57539 -0.0731329 
1.05284 1.56739 -0.0725156 
1.05223 1.5768 -0.0737677 
0.77798 1.56529 0.170719 
0.779383 1.57721 0.167276 
0.678303 1.56212 -0.133114 
0.67709 1.57547 -0.137192 
1.09856 1.56696 -0.00152571 
1.09858 1.57604 -0.00235993 
0.681969 1.57072 0.142484 
0.77152 1.57217 -0.164927 
1.0593 1.56223 0.0713044 
1.05993 1.57158 0.0700944 
0.623497 1.56928 0.0814383 
0.882609 1.5663 -0.157191 
0.881311 1.5771 -0.159935 
0.961843 1.57172 0.130553 
0.61176 1.57096 -0.0122271 
0.991268 1.56551 -0.111612 
0.990294 1.57539 -0.113442 
0.849244 1.5638 0.170347 
0.850622 1.57491 0.167351 
0.636206 1.56442 -0.097742 
0.635285 1.57847 -0.102134 
1.07902 1.56715 -0.0485188 
1.07862 1.57636 -0.0495282 
0.74118 1.56975 0.163459 
0.708447 1.56592 -0.148017 
0.707167 1.57882 -0.151889 
1.09477 1.56446 0.0254091 
1.09502 1.57356 0.0245363 
0.654241 1.56212 0.128155 
0.655346 1.57584 0.1239 
0.810051 1.57271 -0.168021 
1.02789 1.56927 0.0935606 
1.02876 1.57885 0.0920662 
0.615393 1.57226 0.048972 
0.922596 1.56233 -0.143003 
0.921362 1.57277 -0.145436 
0.921848 1.5654 0.14918 
0.923108 1.57582 0.146717 
0.61616 1.57037 -0.0459408 
1.0265 1.57057 -0.091172 
0.810303 1.57342 0.170298 
0.656487 1.5684 -0.121146 
1.09432 1.5675 -0.0229394 
1.09416 1.57661 -0.0238109 
0.706493 1.56641 0.15456 
0.707817 1.5793 0.150665 
0.742916 1.56318 -0.157135 
0.741562 1.5756 -0.160784 
1.07971 1.5643 0.0512959 
1.08018 1.5735 0.0502817 
0.634078 1.56488 0.105009 
0.63502 1.57894 0.100597 
0.849865 1.57197 -0.165414 
0.991524 1.56404 0.116243 
0.992547 1.57389 0.114393 
0.61151 1.57145 0.0153665 
0.960845 1.56731 -0.12741 
0.95976 1.57742 -0.12952 
0.882495 1.57057 0.161589 
0.624581 1.57364 -0.0785086 
1.0586 1.56871 -0.0680883 
1.05803 1.57807 -0.0692892 
0.771393 1.57343 0.167484 
0.682876 1.57427 -0.139816 
1.09861 1.56518 0.00392115 
1.09868 1.57425 0.00308677 
0.676121 1.56941 0.139874 
0.779426 1.56847 -0.164772 
1.05353 1.56341 0.0758528 
1.05421 1.5728 0.0745905 
0.621397 1.56746 0.0760811 
0.890373 1.56682 -0.15507 
0.889093 1.57755 -0.157758 
0.953758 1.56791 0.134978 
0.954945 1.57806 0.132789 
0.612331 1.56794 -0.0180456 
0.9981 1.56956 -0.108303 
0.997182 1.57938 -0.110075 
0.841671 1.56697 0.170532 
0.843076 1.57815 0.167486 
0.639795 1.56263 -0.102042 
0.638823 1.57662 -0.106405 
1.083 1.56642 -0.0435175 
1.08265 1.5756 -0.0444896 
0.733794 1.56651 0.162791 
0.735167 1.57901 0.159071 
0.715134 1.56369 -0.149618 
0.713826 1.57649 -0.153446 
1.09271 1.56278 0.0307672 
1.093 1.57189 0.0298731 
0.650577 1.57429 0.120454 
0.818461 1.56735 -0.166556 
0.817103 1.57882 -0.16973 
1.02045 1.56246 0.0990896 
1.02133 1.57209 0.0975102 
0.614232 1.57005 0.0431306 
0.929285 1.57105 -0.141949 
0.913834 1.56389 0.152586 
0.915103 1.57438 0.150057 
0.617572 1.5684 -0.0517777 
1.03374 1.56367 -0.0857477 
1.03298 1.57322 -0.0871723 
0.801905 1.56838 0.171529 
0.661471 1.56717 -0.124454 
1.09601 1.56582 -0.0175798 
1.09588 1.57491 -0.0184352 
0.699946 1.5643 0.152781 
0.701241 1.57729 0.148843 
0.749025 1.57229 -0.161296 
1.07531 1.5638 0.056289 
1.07583 1.57303 0.0552328 
0.630867 1.56286 0.10053 
0.631754 1.57698 0.0960922 
0.858767 1.56367 -0.161959 
0.857415 1.57471 -0.164871 
0.984596 1.56834 0.119473 
0.985674 1.57825 0.117565 
0.611267 1.56827 0.00958118 
0.968823 1.56315 -0.122937 
0.967741 1.5732 -0.12497 
0.874647 1.5713 0.163487 
0.626972 1.57186 -0.0836988 
1.0641 1.56961 -0.0635368 
1.06358 1.57893 -0.0646881 
0.763511 1.56976 0.167526 
0.68884 1.57294 -0.142261 
1.09827 1.56338 0.00936823 
1.09837 1.57246 0.00852947 
0.67046 1.56814 0.137101 
0.787433 1.56462 -0.164441 
0.786058 1.57646 -0.16781 
1.04754 1.56499 0.0802804 
1.04827 1.57443 0.0789645 
0.619526 1.56565 0.0705666 
0.898173 1.56689 -0.152636 
0.896909 1.57755 -0.155265 
0.945673 1.56457 0.139235 
0.946863 1.57478 0.136971 
0.613101 1.56511 -0.0238913 
1.00583 1.56349 -0.103117 
1.00491 1.57326 -0.104807 
0.834208 1.57086 0.170233 
0.642673 1.57485 -0.110458 
1.08653 1.56539 -0.0384253 
1.08622 1.57454 -0.039364 
0.726565 1.56342 0.16193 
0.727909 1.57602 0.158166 
0.720663 1.57391 -0.154783 
1.0905 1.57033 0.0351622 
1.09085 1.57945 0.0342567 
0.646086 1.5726 0.116832 
0.825602 1.57287 -0.167875 
1.01376 1.56549 0.102964 
1.01468 1.57517 0.101327 
0.613249 1.56763 0.0372817 
0.937231 1.56889 -0.13826 
0.936081 1.5792 -0.140576 
0.905843 1.56279 0.155759 
0.907124 1.57335 0.153167 
0.619154 1.56656 -0.057555 
1.04005 1.56608 -0.0816826 
1.03935 1.57558 -0.0830524 
0.793629 1.56371 0.172483 
0.795027 1.57544 0.169136 
0.666682 1.56605 -0.127605 
1.09726 1.56409 -0.0121864 
1.09718 1.57317 -0.0130301 
0.693576 1.56243 0.150788 
0.694843 1.57552 0.146808 
0.756616 1.56891 -0.161652 
1.07051 1.5637 0.0611795 
1.07107 1.57296 0.0600781 
0.628799 1.57503 0.0913596 
0.866371 1.56584 -0.161016 
0.865042 1.5768 -0.163876 
0.97659 1.56313 0.12446 
0.977666 1.5731 0.122469 
0.611245 1.56501 0.00380366 
0.611261 1.57951 -0.000822055 
0.9757 1.56855 -0.120276 
0.974679 1.57854 -0.122254 
0.866853 1.57258 0.164995 
0.629631 1.57005 -0.0886827 
1.06929 1.57008 -0.0588628 
1.06882 1.57936 -0.0599667 
0.755742 1.56617 0.16741 
0.757136 1.57837 0.163829 
0.694979 1.57144 -0.144514 
1.09767 1.57066 0.0139614 
0.664999 1.56685 0.134172 
0.794142 1.5723 -0.167225 
1.04137 1.56693 0.0845876 
1.04215 1.57641 0.0832171 
0.617865 1.56381 0.0649257 
0.618445 1.57818 0.0603689 
0.906003 1.56654 -0.149919 
0.904755 1.57712 -0.152488 
0.93879 1.57197 0.140976 
0.614056 1.56251 -0.0297611 
0.61373 1.57697 -0.0343587 
1.01254 1.56694 -0.0995147 
1.01168 1.57665 -0.101147 
0.825472 1.56411 0.172605 
0.826869 1.57548 0.169456 
0.646826 1.57319 -0.114306 
1.08959 1.56411 -0.0332533 
1.08932 1.57325 -0.0341631 
0.720817 1.57321 0.157054 
0.727673 1.57112 -0.155906 
1.08752 1.56894 0.0403931 
1.08792 1.57809 0.0394586 
0.641893 1.57077 0.113018 
0.834225 1.56639 -0.16566 
0.832868 1.57768 -0.168735 
1.007 1.56879 0.106692 
1.00798 1.57852 0.104997 
0.612449 1.56498 0.031442 
0.612727 1.57946 0.0268293 
0.945196 1.56626 -0.134377 
0.944053 1.57651 -0.136623 
0.897878 1.56209 0.158679 
0.899171 1.57272 0.156026 
0.620919 1.5648 -0.0632405 
0.620304 1.57914 -0.0677689 
1.04623 1.56817 -0.0774967 
1.04557 1.57762 -0.0788125 
0.786836 1.57117 0.169797 
0.672102 1.56499 -0.130601 
0.67093 1.57844 -0.134722 
1.0981 1.56233 -0.0067675 
1.09806 1.57141 -0.00760397 
0.68862 1.57395 0.14457 
0.764326 1.56548 -0.161859 
0.762968 1.57761 -0.165372 
1.06536 1.56402 0.065959 
1.06596 1.57332 0.0648097 
0.626141 1.57313 0.0864059 
0.874039 1.56741 -0.159651 
0.872733 1.5783 -0.162457 
0.969619 1.56833 0.127258 
0.970755 1.57836 0.125212 
0.611377 1.57626 -0.00660184 
0.983624 1.56349 -0.115459 
0.982604 1.57342 -0.117357 
0.857758 1.56343 0.169019 
0.859125 1.57445 0.166079 
0.632578 1.56821 -0.0934465 
1.07414 1.57012 -0.054071 
1.07371 1.57937 -0.0551301 
0.748094 1.56264 0.167137 
0.749459 1.57495 0.163509 
0.701293 1.56972 -0.146561 
1.09654 1.56888 0.0193754 
1.09675 1.57797 0.0185228 
0.659754 1.56549 0.131089 
0.660909 1.57911 0.126873 
0.802333 1.56785 -0.166404 
0.800976 1.57951 -0.16968 
1.03505 1.56919 0.0887751 
1.03588 1.57872 0.0873491 
0.616907 1.5763 0.05462 
0.913863 1.56576 -0.146949 
0.912628 1.57628 -0.149455 
0.930734 1.5696 0.144794 
0.614783 1.57458 -0.0402315 
1.0192 1.57012 -0.095766 
0.818229 1.56937 0.171409 
0.651268 1.57166 -0.117963 
1.09218 1.56265 -0.0280128 
1.09196 1.57177 -0.0288982 
0.713898 1.57061 0.155726 
0.73485 1.56814 -0.156827 
1.08407 1.56778 0.0455547 
1.0845 1.57695 0.0445867 
0.63801 1.56885 0.108998 
0.841575 1.57056 -0.166092 
0.999213 1.5626 0.112038 
1.00019 1.57239 0.110257 
0.611843 1.56212 0.0256207 
0.61204 1.57661 0.0210019 
0.953174 1.56315 -0.13031 
0.952036 1.57333 -0.132483 
0.891247 1.57251 0.158603 
0.622882 1.56309 -0.0688018 
0.622201 1.57738 -0.073312 
1.05223 1.5699 -0.0731887 
1.05162 1.57931 -0.0744515 
0.778756 1.56713 0.170246 
0.780171 1.57904 0.166806 
0.677715 1.56393 -0.133439 
0.676514 1.5773 -0.137521 
1.09855 1.56963 -0.00216436 
1.09857 1.5787 -0.00299882 
0.682575 1.57254 0.142144 
0.770759 1.574 -0.165383 
1.05989 1.56476 0.0706214 
1.06053 1.57411 0.069422 
0.62376 1.57127 0.0812448 
0.88176 1.56845 -0.157897 
0.880474 1.57926 -0.160648 
0.961547 1.56399 0.13191 
0.962683 1.57408 0.129784 
0.611711 1.57308 -0.0123953 
0.990479 1.56795 -0.112361 
0.989517 1.57784 -0.114202 
0.850088 1.56587 0.169701 
0.851479 1.57696 0.166711 
0.635827 1.56638 -0.0979841 
1.07859 1.56976 -0.0491685 
1.0782 1.57898 -0.0501859 
0.741915 1.57161 0.163024 
0.707785 1.56775 -0.148393 
1.09498 1.56713 0.0247639 
1.09523 1.57623 0.0238954 
0.654744 1.56402 0.127849 
0.655862 1.57773 0.123597 
0.81064 1.56304 -0.165313 
0.809253 1.5746 -0.168537 
1.02778 1.56217 0.0943522 
1.02861 1.57175 0.0928421 
