1.05745 0.00291733 -0.357878 
1.31634 0.00290639 -0.0168033 
1.04933 0.000517877 0.382046 
1.04648 0.00727667 -0.438306 
1.27843 0.00662749 0.224919 
1.10547 0.00371342 0.231241 
1.0977 0.00480224 -0.444551 
1.18625 0.00119552 0.390357 
1.14636 0.00401361 0.00760032 
1.18188 0.000677564 -0.388114 
1.18453 0.0086507 -0.386117 
1.09678 0.0076648 0.453409 
1.11058 0.00523014 -0.216273 
1.27605 0.00224224 -0.228014 
1.0449 0.000556558 0.448012 
1.05243 0.00171516 -0.370566 
1.31656 0.000363864 0.00847342 
1.31648 0.00769178 0.0111042 
1.051 0.0077588 0.371316 
1.04936 0.00640581 -0.441707 
1.27019 0.00693169 0.246328 
1.11132 0.00648837 0.212115 
1.10547 0.00514999 -0.441736 
1.17613 0.00172526 0.401155 
1.14608 0.000535862 -0.0186746 
1.19194 0.000965717 -0.376875 
1.08908 0.00834645 0.455829 
1.10485 0.00765114 -0.234839 
1.28377 0.00239368 -0.206486 
1.05094 0.0087128 -0.380793 
1.3157 0.00515446 0.0363518 
1.05627 0.00674706 0.358183 
1.05261 0.00488559 -0.444537 
1.26313 0.0003208 0.264846 
1.2612 0.00787633 0.267159 
1.11902 0.00147506 0.189516 
1.11335 0.00493164 -0.438406 
1.16577 0.00352858 0.410983 
1.1451 0.00526975 -0.0413691 
1.20175 0.000112579 -0.364608 
1.20426 0.00797234 -0.362535 
1.08466 0.0011452 0.456111 
1.09634 0.0010053 -0.255285 
1.29069 0.00189099 -0.18441 
1.04657 0.00607041 -0.392112 
1.3141 0.00262933 0.0614396 
1.06178 0.00618768 0.344397 
1.05616 0.0027165 -0.446878 
1.2536 0.0018653 0.28509 
1.12405 0.00533141 0.169165 
1.12135 0.00420849 -0.434566 
1.15516 0.00660162 0.419913 
1.14275 0.00182727 -0.0671954 
1.21375 0.00603971 -0.349197 
1.07721 0.00335878 0.457503 
1.09025 0.00226878 -0.272417 
1.2968 0.00077733 -0.161783 
1.29796 0.00818248 -0.159262 
1.03875 0.000575191 0.434025 
1.04258 0.00245897 -0.402622 
1.31168 0.000141278 0.0862486 
1.31102 0.00748953 0.0888403 
1.06753 0.00597075 0.329961 
1.06314 0.00864878 -0.447196 
1.24344 0.00405432 0.304612 
1.13036 0.00128891 0.145226 
1.12941 0.00296906 -0.430211 
1.14726 0.00266663 0.426213 
1.14034 0.00659211 -0.0892863 
1.22298 0.0032043 -0.334853 
1.06985 0.00646469 0.458394 
1.08418 0.00307139 -0.288866 
1.30308 0.00651675 -0.136056 
1.03781 0.00230151 0.42773 
1.04234 0.0067203 -0.410645 
1.30761 0.00511547 0.113251 
1.07349 0.00604505 0.314864 
1.06705 0.00500474 -0.448711 
1.23271 0.00691697 0.323307 
1.13432 0.00581527 0.123856 
1.1375 0.00113604 -0.425323 
1.13633 0.00792078 0.43363 
1.13613 0.00306416 -0.114247 
1.23417 0.00728438 -0.317367 
1.06583 0.00170421 0.457268 
1.0782 0.00350333 -0.304639 
1.30738 0.0044464 -0.112314 
1.03744 0.0050457 0.420563 
1.03932 0.000991463 -0.419434 
1.30337 0.00295531 0.137205 
1.07963 0.0064243 0.29909 
1.07109 0.000549961 -0.449825 
1.22387 0.00277558 0.338951 
1.13898 0.00226007 0.0988067 
1.14842 0.00678188 -0.418 
1.12828 0.00576768 0.438629 
1.13247 0.00762806 -0.13548 
1.24272 0.00293798 -0.301205 
1.05866 0.00653193 0.457273 
1.07235 0.00364076 -0.319749 
1.31086 0.00211505 -0.0880785 
1.04019 0.00318163 -0.425734 
1.2983 0.00114223 0.160653 
1.2971 0.00854508 0.163156 
1.08588 0.00717192 0.282624 
1.07842 0.00393331 -0.448892 
1.21228 0.00717401 0.355738 
1.14167 0.00701474 0.0766137 
1.1564 0.0033161 -0.411886 
1.12023 0.00427274 0.443065 
1.12661 0.00364775 -0.159328 
1.25294 0.00558321 -0.282007 
1.05491 0.00333246 0.455324 
1.06669 0.00351416 -0.334209 
1.31396 0.00698754 -0.0608031 
1.04159 0.00481242 0.402131 
1.04164 0.00443246 -0.43117 
1.29105 0.00722287 0.186046 
1.09218 0.0083711 0.265458 
1.08584 0.00639566 -0.447475 
1.20283 0.00468927 0.369395 
1.14444 0.00356722 0.0507335 
1.16702 0.00692139 -0.403131 
1.11223 0.00334145 0.446963 
1.12188 0.0075741 -0.179542 
1.26252 0.00755255 -0.26208 
1.05136 0.000811957 0.452942 
1.06124 0.00308954 -0.348028 
1.31563 0.00446018 -0.0358049 
1.04597 0.00179004 0.390892 
1.04366 0.00483722 -0.435793 
1.28418 0.00645384 0.208403 
1.10106 0.00163485 0.245034 
1.09337 0.00798794 -0.445553 
1.19313 0.00319813 0.382 
1.14603 0.00010955 0.024567 
1.1457 0.00830208 0.0279968 
1.17473 0.0012882 -0.395491 
1.10433 0.00293993 0.450331 
1.11462 0.00265284 -0.202084 
1.26968 0.00132824 -0.243894 
1.04478 0.00782384 0.451584 
1.05603 0.00227123 -0.361205 
1.31647 0.00191949 -0.0105988 
1.04739 0.00850229 0.38064 
1.04619 0.00448797 -0.439682 
1.27652 0.0062869 0.230224 
1.10707 0.00397415 0.226385 
1.09796 0.000292178 -0.444824 
1.18319 0.00282824 0.393556 
1.1464 0.00482446 0.00171594 
1.18496 0.00247905 -0.384988 
1.09655 0.00310631 0.453168 
1.10906 0.00551282 -0.221109 
1.27799 0.00198639 -0.222786 
1.04187 0.00658739 0.448154 
1.05107 0.00091901 -0.373719 
1.31637 0.00670624 0.0173146 
1.05245 0.00705741 0.368006 
1.04917 0.00345857 -0.44293 
1.26809 0.00674957 0.251494 
1.11284 0.00689561 0.207101 
1.10577 0.000519345 -0.441894 
1.173 0.00368613 0.404097 
1.14588 0.00134985 -0.0245345 
1.19494 0.0024604 -0.373486 
1.08889 0.00393519 0.455469 
1.10327 0.00778491 -0.23951 
1.28551 0.00197351 -0.201121 
1.03941 0.0060198 0.444072 
1.04967 0.00773522 -0.383783 
1.31539 0.0041715 0.0425345 
1.05777 0.00617431 0.354705 
1.05251 0.00178551 -0.44563 
1.26089 0.000288501 0.269872 
1.25894 0.00785433 0.272174 
1.12041 0.00202381 0.184332 
1.11371 0.000202036 -0.438449 
1.11671 0.00860907 -0.436688 
1.16256 0.00582477 0.413683 
1.14473 0.00609211 -0.0471754 
1.20468 0.00132812 -0.360951 
1.08134 0.00553685 0.457237 
1.0947 0.000986867 -0.259754 
1.29224 0.00131449 -0.178909 
1.03746 0.00620056 0.439246 
1.04539 0.00486088 -0.394901 
1.3136 0.00165248 0.0675636 
1.06334 0.0057115 0.340753 
1.05935 0.00827795 -0.446276 
1.25121 0.00199208 0.289946 
1.12533 0.00598853 0.163851 
1.1247 0.00773638 -0.432708 
1.15476 0.00106977 0.420549 
1.14216 0.00265259 -0.0729152 
1.21657 0.00699172 -0.345261 
1.0739 0.00799606 0.458487 
1.0886 0.00212528 -0.27671 
1.29815 6.03994e-05 -0.156145 
1.29927 0.0074601 -0.153618 
1.03609 0.00722808 0.4336 
1.0415 0.000988457 -0.405195 
1.31028 0.00653311 0.0948746 
1.06915 0.00557224 0.326149 
1.06316 0.00521489 -0.448089 
1.24091 0.00434402 0.309274 
1.13147 0.0020314 0.13977 
1.13276 0.00633374 -0.428212 
1.14395 0.00555801 0.428507 
1.13961 0.00741173 -0.0949132 
1.22572 0.00393979 -0.330668 
1.06979 0.00261559 0.457689 
1.08254 0.00282499 -0.292984 
1.30419 0.00568171 -0.130277 
1.03866 0.000245789 0.425555 
1.04139 0.00498478 -0.413008 
1.30667 0.00420085 0.119178 
1.07515 0.00572177 0.310879 
1.06711 0.00138146 -0.449503 
1.23005 0.00738293 0.327748 
1.1353 0.00660655 0.118292 
1.14084 0.00431045 -0.423176 
1.13593 0.00279759 0.433966 
1.1352 0.00385391 -0.119753 
1.23458 0.00013167 -0.315155 
1.23679 0.00781836 -0.31294 
1.06255 0.0068165 0.458012 
1.07658 0.00317572 -0.308586 
1.30829 0.00353394 -0.106407 
1.03843 0.00325699 0.418171 
1.04181 0.00793195 -0.419967 
1.30223 0.00211493 0.143009 
1.08132 0.0061885 0.294929 
1.07436 0.00543641 -0.448897 
1.22113 0.0034274 0.343158 
1.13975 0.00307981 0.0931287 
1.14888 0.00153495 -0.417554 
1.12789 0.000792153 0.438832 
1.1298 8.60525e-05 -0.143997 
1.13141 0.00836678 -0.140871 
1.24524 0.0033055 -0.296575 
1.05867 0.00306001 0.456371 
1.07078 0.00324496 -0.323527 
1.31157 0.00115971 -0.0820584 
1.31215 0.00850602 -0.0794534 
1.03871 0.00734382 0.409948 
1.03952 0.000936804 -0.427639 
1.29696 0.000408463 0.166328 
1.29572 0.00781679 0.168825 
1.08758 0.0070438 0.278284 
1.0817 0.00856316 -0.44783 
1.21193 0.000243772 0.357606 
1.20942 0.00805615 0.359675 
1.14229 0.00783965 0.0708541 
1.15965 0.00598206 -0.409379 
1.11684 0.00779697 0.444871 
1.12538 0.00429841 -0.164575 
1.25531 0.0057828 -0.277188 
1.05497 2.86166e-05 0.454316 
1.06516 0.00304796 -0.337821 
1.31444 0.0060122 -0.0546892 
1.0428 0.00356469 0.399316 
1.04112 0.00196999 -0.432864 
1.28947 0.00662642 0.191583 
1.09388 0.00837098 0.260937 
1.08602 0.00217517 -0.447953 
1.1999 0.00581951 0.373064 
1.14484 0.00438964 0.0449002 
1.16747 0.00121595 -0.402353 
1.10885 0.00702435 0.448626 
1.12054 0.00811361 -0.184658 
1.26289 3.51137e-05 -0.259442 
1.26473 0.00758661 -0.257095 
1.04818 0.00653661 0.45334 
1.05977 0.0025343 -0.351476 
1.31591 0.00348026 -0.0296275 
1.04727 0.000782142 0.387877 
1.04328 0.0021824 -0.437293 
1.28241 0.00600397 0.213807 
1.1027 0.00178846 0.240307 
1.09359 0.00359351 -0.445918 
1.19013 0.00460962 0.385398 
1.14619 0.000926125 0.0186921 
1.17787 0.00333455 -0.392549 
1.10096 0.0067844 0.451849 
1.11315 0.00304894 -0.207031 
1.27175 0.00120487 -0.238771 
1.27345 0.00871654 -0.236377 
1.04499 0.00482313 0.45034 
1.05462 0.00159524 -0.364486 
1.31655 0.000939548 -0.00438962 
1.31656 0.00826732 -0.0017579 
1.04878 0.00768358 0.377461 
1.04593 0.00166309 -0.441012 
1.27456 0.00599191 0.235494 
1.10865 0.00427647 0.22149 
1.1013 0.0042705 -0.443364 
1.18011 0.00455141 0.396687 
1.14639 0.00563911 -0.00416225 
1.18802 0.00420406 -0.381792 
1.09319 0.00713199 0.454539 
1.10752 0.00576143 -0.2259 
1.27987 0.00169591 -0.217523 
1.04219 0.00374311 0.446755 
1.04973 8.26968e-05 -0.376825 
1.31621 0.00572797 0.023521 
1.0539 0.0063967 0.364654 
1.04902 0.000478085 -0.444114 
1.26595 0.00661369 0.256624 
1.11435 0.00734207 0.202052 
1.10913 0.00432902 -0.440292 
1.16984 0.00574118 0.406973 
1.14563 0.00216912 -0.0303794 
1.19793 0.00388519 -0.370026 
1.08555 0.00816997 0.456694 
1.10168 0.00788563 -0.244133 
1.28721 0.00152019 -0.195723 
