1.10905 3.22317e-05 -0.296969 
1.11176 0.00844764 -0.294661 
1.29603 0.00676735 0.0151941 
1.1107 0.00248432 0.292347 
1.11394 0.0054364 -0.365957 
1.24771 0.00321056 0.239926 
1.15594 0.00552891 0.104747 
1.17687 0.00335569 -0.3394 
1.16197 0.00497367 0.358758 
1.15147 0.00116863 -0.131926 
1.2615 0.00640379 -0.201632 
1.1038 0.00599 0.372354 
1.10838 0.00439656 -0.30412 
1.29543 0.00595373 0.0315967 
1.1119 0.00773442 0.283956 
1.11617 0.00301562 -0.36715 
1.24153 0.00520073 0.252713 
1.15815 0.00561653 0.0889353 
1.18244 0.0031684 -0.334017 
1.15634 0.00649788 0.362562 
1.14858 0.000507614 -0.146949 
1.15012 0.00868573 -0.143902 
1.26644 0.00643846 -0.187304 
1.10237 0.00485488 0.369431 
1.1077 0.00777365 -0.311244 
1.2944 0.0038852 0.0481782 
1.11623 0.00448874 0.272147 
1.12127 0.0075506 -0.366163 
1.2351 0.00639278 0.265105 
1.16017 0.00545255 0.0719788 
1.18789 0.00114295 -0.328178 
1.15084 0.00736797 0.365817 
1.14689 0.00732671 -0.159594 
1.27097 0.00444997 -0.172345 
1.10144 0.00331065 0.365628 
1.10411 0.00142889 -0.320693 
1.29297 5.0785e-05 0.0649997 
1.29245 0.00749103 0.0676872 
1.12098 0.000971642 0.258952 
1.12344 0.00201436 -0.367099 
1.22849 0.00644157 0.277095 
1.16192 0.00491751 0.0536349 
1.19557 0.00486458 -0.319637 
1.14553 0.00730984 0.368513 
1.14308 0.00513859 -0.176003 
1.27508 0.00021239 -0.156727 
1.27625 0.00772584 -0.154128 
1.10106 0.00126485 0.360838 
1.10319 0.00212038 -0.328061 
1.29055 0.00176139 0.0847335 
1.12365 0.00545688 0.246844 
1.12838 0.00309174 -0.365959 
1.22173 0.00537998 0.288634 
1.16325 0.00399684 0.0339327 
1.203 0.0063556 -0.310513 
1.14041 0.00635969 0.370682 
1.13865 0.00213676 -0.192973 
1.27987 0.00144288 -0.137882 
1.09825 0.00736494 0.357054 
1.10222 0.00147818 -0.33542 
1.28752 0.0019248 0.104576 
1.12906 0.00140311 0.230892 
1.13325 0.00272177 -0.364712 
1.21483 0.00366032 0.299647 
1.16401 0.00278497 0.0132258 
1.2102 0.00602634 -0.30077 
1.13546 0.00488947 0.3724 
1.13579 0.0067431 -0.207337 
1.28405 0.00129654 -0.118512 
1.0989 0.00501814 0.350454 
1.10424 0.00827554 -0.340422 
1.28391 0.00133233 0.124345 
1.1322 0.00567116 0.216688 
1.13813 0.00149161 -0.363266 
1.20778 0.00207129 0.31006 
1.16407 0.00146087 -0.00785428 
1.21721 0.00462995 -0.2904 
1.13059 0.00353386 0.373781 
1.13062 0.00274062 -0.224156 
1.28764 0.000790686 -0.0988234 
1.28837 0.00825107 -0.0961537 
1.09983 0.00322215 0.343251 
1.10368 0.00604216 -0.346958 
1.2797 0.00104384 0.143809 
1.27857 0.00854111 0.14641 
1.13735 0.00201449 0.199414 
1.14309 0.000120086 -0.361498 
1.14582 0.00833033 -0.359437 
1.20054 0.00152424 0.319832 
1.16344 0.000236575 -0.0285637 
1.16372 0.00833746 -0.0252367 
1.22407 0.00307041 -0.279439 
1.12572 0.00301532 0.374947 
1.12771 0.00698548 -0.237414 
1.29064 0.000987341 -0.0790405 
1.29122 0.00843534 -0.0763543 
1.10087 0.00245355 0.335759 
1.10356 0.00374853 -0.352648 
1.27488 0.00208733 0.162757 
1.14002 0.00722415 0.18515 
1.1509 0.00742516 -0.357221 
1.19307 0.00278758 0.328966 
1.16272 0.00740084 -0.0449597 
1.23077 0.00213911 -0.267952 
1.12079 0.00393159 0.375989 
1.12274 0.00314293 -0.252038 
1.29303 0.00269137 -0.0593481 
1.10186 0.0030231 0.328251 
1.10398 0.00178461 -0.357358 
1.26941 0.00517424 0.181041 
1.14415 0.00500243 0.168636 
1.15617 0.00739971 -0.35448 
1.18533 0.00628934 0.337494 
1.16128 0.00684732 -0.0633212 
1.2373 0.0022989 -0.256012 
1.11574 0.00660127 0.376945 
1.12062 0.00797423 -0.262704 
1.29477 0.00626192 -0.0398511 
1.10271 0.00501381 0.320882 
1.10494 0.000318196 -0.361085 
1.26478 0.00298944 0.196087 
1.14767 0.00361472 0.152834 
1.15897 0.000189956 -0.353284 
1.1616 0.00830328 -0.35118 
1.17989 0.00405691 0.343348 
1.15953 0.00666676 -0.0802808 
1.24363 0.00359664 -0.243666 
1.11356 0.0026103 0.375861 
1.11647 0.00475936 -0.274541 
1.29568 0.00415906 -0.0232816 
1.10345 0.00829608 0.313647 
1.10931 0.00770898 -0.361937 
1.25973 0.00284111 0.210489 
1.15069 0.00294868 0.137653 
1.16457 0.0017944 -0.349455 
1.17431 0.00369339 0.34873 
1.15759 0.00674363 -0.0960723 
1.2497 0.00570044 -0.230926 
1.11136 4.93133e-05 0.374594 
1.10839 0.0084743 0.376529 
1.11267 0.00164292 -0.285243 
1.29615 0.00332335 -0.00688337 
1.107 0.00415043 0.304174 
1.11114 0.00675908 -0.364081 
1.25427 0.00418675 0.22431 
1.15333 0.00279924 0.122791 
1.17025 0.00357302 -0.345112 
1.16862 0.00464904 0.353654 
1.15546 0.00688032 -0.111106 
1.25382 0.000399659 -0.220251 
1.25546 0.00800767 -0.217765 
1.10629 0.00691484 0.374959 
1.11182 0.00674429 -0.292834 
1.29617 0.00301954 0.00944375 
1.11058 0.000684839 0.294333 
1.11322 0.00547802 -0.365694 
1.24843 0.00630135 0.237626 
1.15571 0.00291499 0.10781 
1.17591 0.0048977 -0.340293 
1.16291 0.00626753 0.358102 
1.15311 0.00683064 -0.125864 
1.25932 0.00219248 -0.206646 
1.1044 0.0058364 0.372908 
1.10842 0.0028974 -0.302342 
1.29574 0.00242016 0.0258169 
1.11168 0.00591941 0.28616 
1.11543 0.00336292 -0.366954 
1.24417 0.000764374 0.248103 
1.24228 0.00842292 0.250503 
1.15791 0.00304212 0.0922245 
1.18151 0.00510592 -0.335023 
1.15724 0.00789574 0.362043 
1.15042 0.00633829 -0.14081 
1.26442 0.00269476 -0.192491 
1.10285 0.0047654 0.370192 
1.10775 0.00656919 -0.309451 
1.29488 0.000746045 0.0423452 
1.29454 0.00817799 0.0450453 
1.11587 0.00272815 0.274656 
1.12054 0.00831493 -0.366001 
1.23785 0.00220024 0.260617 
1.15992 0.00296403 0.075593 
1.18699 0.0036067 -0.329305 
1.15443 0.000833596 0.363409 
1.14729 0.00517967 -0.156299 
1.26911 0.00129371 -0.177716 
1.10178 0.00334883 0.366637 
1.10419 0.000584152 -0.318861 
1.29316 0.00484752 0.0617973 
1.11792 0.00765222 0.264296 
1.12273 0.00324344 -0.366957 
1.23133 0.00255073 0.272734 
1.1617 0.00253673 0.0576173 
1.1947 0.00791901 -0.320891 
1.14909 0.00100726 0.366265 
1.14359 0.00321023 -0.172498 
1.27461 0.00518376 -0.159697 
1.10125 0.00143143 0.362113 
1.1033 0.00165225 -0.326199 
1.29078 0.00705497 0.0814687 
1.12302 0.00387994 0.250068 
1.12769 0.00476416 -0.365834 
1.22465 0.00174021 0.284415 
1.16309 0.0017161 0.038247 
1.19984 0.00208126 -0.314162 
1.14395 0.000246741 0.368577 
1.14115 0.00846335 0.370583 
1.13927 0.000407521 -0.189323 
1.1412 0.00863703 -0.186456 
1.27946 0.00689955 -0.140996 
1.0983 0.00759278 0.358577 
1.10233 0.00134431 -0.333581 
1.28857 0.000119802 0.0986244 
1.28779 0.00757893 0.101283 
1.12599 0.00816757 0.23704 
1.13257 0.00472524 -0.36462 
1.21782 0.000111617 0.295589 
1.2156 0.0079023 0.297867 
1.16394 0.000568422 0.0177499 
1.1637 0.00866741 0.0210811 
1.20713 0.00219517 -0.304602 
1.13615 0.00708491 0.372409 
1.13647 0.00515155 -0.203654 
1.28369 0.00701592 -0.121729 
1.09884 0.00518785 0.352182 
1.10431 0.00837473 -0.338677 
1.28423 0.0071016 0.121076 
1.13148 0.0041052 0.220386 
1.13743 0.00364912 -0.363236 
1.20856 0.00620781 0.308433 
1.16412 0.00735182 3.30956e-05 
1.21423 0.00101582 -0.294411 
1.13126 0.00563485 0.373867 
1.13132 0.00120908 -0.220605 
1.28733 0.00648652 -0.102088 
1.09971 0.00319507 0.345108 
1.10365 0.00624104 -0.345395 
1.28007 0.00663785 0.140626 
1.13669 0.000329397 0.203139 
1.13456 0.00857937 0.205917 
1.14235 0.00223919 -0.361565 
1.20134 0.00531688 0.318363 
1.16383 0.00608244 -0.02085 
1.22327 0.00719863 -0.281281 
1.1264 0.00483331 0.375077 
1.12835 0.00542786 -0.234121 
1.29037 0.00639271 -0.0822963 
1.10074 0.00211459 0.337661 
1.1034 0.00391813 -0.351328 
1.27531 0.00725555 0.159707 
1.13944 0.00535716 0.188751 
1.14741 0.00117617 -0.359483 
1.1939 0.0060601 0.327649 
1.16291 0.00505484 -0.0408816 
1.22997 0.00602234 -0.269914 
1.12148 0.00533035 0.376143 
1.12327 0.00150602 -0.249096 
1.29233 0.000191547 -0.0652491 
1.29281 0.00763266 -0.0625547 
1.10175 0.00231075 0.330134 
1.10367 0.00183993 -0.356302 
1.27127 0.0022379 0.175603 
1.14369 0.00291826 0.172039 
1.15265 0.000923066 -0.356898 
1.18871 0.00101889 0.334163 
1.1615 0.00439346 -0.0596141 
1.23652 0.00585427 -0.258074 
1.11646 0.0075279 0.377118 
1.12101 0.0062374 -0.260122 
1.29429 0.00326015 -0.0456981 
1.10264 0.00392846 0.322721 
1.10448 0.000239512 -0.360283 
1.1074 0.00869483 -0.358271 
1.26534 0.00700255 0.193363 
1.14732 0.00132107 0.156023 
1.15807 0.00161914 -0.353761 
1.1808 0.00617864 0.342297 
1.15976 0.00411805 -0.0769231 
1.24286 0.00685274 -0.245818 
1.11429 0.00310029 0.376067 
1.11672 0.0029515 -0.272284 
1.29536 0.000725429 -0.0290731 
1.29556 0.0081543 -0.0263637 
1.10341 0.00688995 0.315458 
1.10873 0.00754582 -0.361354 
1.26035 0.00636498 0.207918 
1.15041 0.000485355 0.14068 
1.14886 0.00865758 0.143733 
1.16364 0.00307912 -0.350071 
1.17524 0.00537136 0.347799 
1.15781 0.00413968 -0.0929788 
1.2472 0.00113921 -0.235623 
1.11209 0.000196294 0.374859 
1.10912 0.00861658 0.376793 
1.11545 0.00821637 -0.280852 
1.2961 0.0070451 -0.00992766 
1.10694 0.00250825 0.306012 
1.11047 0.00660562 -0.36367 
1.25494 0.00739098 0.221871 
1.15309 0.000226507 0.125754 
1.15169 0.00838408 0.128862 
1.16929 0.00486188 -0.345855 
1.16957 0.00604505 0.35284 
1.15568 0.00427966 -0.108155 
1.2531 0.00347603 -0.222597 
1.10698 0.00684245 0.375321 
1.11189 0.00500497 -0.29098 
1.29618 0.00667929 0.00640684 
1.10772 0.0073213 0.298567 
1.1125 0.00546176 -0.365406 
1.25094 0.001763 0.232865 
1.15548 0.000301207 0.110837 
1.15423 0.00844581 0.113994 
1.17496 0.0063655 -0.341154 
1.16385 0.00756043 0.357412 
1.15335 0.00430105 -0.122924 
1.25865 0.00547615 -0.20911 
1.10502 0.00568475 0.373416 
1.10846 0.0013359 -0.300558 
1.29581 0.00624013 0.0227548 
1.11148 0.00410149 0.288298 
1.11469 0.00361855 -0.366743 
1.24492 0.00393943 0.245873 
1.15767 0.000452392 0.0954454 
1.15658 0.00858519 0.0986469 
1.18057 0.00692675 -0.335998 
1.16085 0.00114072 0.359435 
