0.819407 1.5708 0.0143338 
0.819435 1.57273 0.013824 
0.819465 1.57467 0.0133144 
0.819497 1.5766 0.0128048 
0.819531 1.57854 0.0122952 
0.833994 1.57326 -0.0138801 
0.849412 1.56284 0.0159416 
0.849526 1.57413 0.0131094 
0.811067 1.56785 -0.000185251 
0.855815 1.56326 -0.00298009 
0.85577 1.57448 -0.0057618 
0.824462 1.5651 0.0178052 
0.82461 1.57666 0.0147841 
0.828144 1.56272 -0.0106582 
0.828024 1.57424 -0.0136501 
0.853742 1.57064 0.0111463 
0.810594 1.56257 0.00515075 
0.810609 1.57429 0.00202667 
0.852255 1.5718 -0.00828744 
0.830202 1.565 0.0188872 
0.830358 1.5765 0.0159091 
0.822493 1.5734 -0.0119858 
0.856744 1.56841 0.00830614 
0.811613 1.56911 0.00728371 
0.847631 1.5677 -0.0098127 
0.847562 1.57901 -0.012657 
0.836252 1.56678 0.0185068 
0.836421 1.57821 0.0155746 
0.817737 1.57095 -0.00901866 
0.858305 1.56695 0.00492799 
0.858358 1.57815 0.00216502 
0.814034 1.56447 0.0120794 
0.814126 1.57614 0.00898058 
0.842108 1.5732 -0.0129562 
0.842239 1.5705 0.0166672 
0.81404 1.56718 -0.00496783 
0.814007 1.57886 -0.00806572 
0.858301 1.56576 0.00137739 
0.858314 1.57695 -0.00138543 
0.81783 1.57243 0.0129912 
0.836246 1.5654 -0.0118017 
0.83614 1.57684 -0.0147325 
0.847647 1.56476 0.0163114 
0.847781 1.57606 0.0134658 
0.811622 1.56248 -0.000128112 
0.81159 1.57419 -0.00324423 
0.856735 1.56427 -0.00197243 
0.856707 1.57548 -0.00474713 
0.822596 1.57003 0.0159067 
0.8302 1.56704 -0.0120717 
0.830105 1.57854 -0.0150482 
0.852359 1.57202 0.0118925 
0.810591 1.56899 0.00202354 
0.853657 1.57321 -0.00755583 
0.82814 1.56927 0.0175111 
0.824466 1.5668 -0.0108848 
0.824378 1.57836 -0.0139044 
0.855826 1.56939 0.00933045 
0.811066 1.56373 0.00735092 
0.811111 1.57544 0.00423025 
0.849395 1.56966 -0.00947464 
0.834125 1.57033 0.0176771 
0.819392 1.56485 -0.00834052 
0.819311 1.57647 -0.0113982 
0.857922 1.56772 0.00610454 
0.857992 1.57892 0.00333859 
0.813036 1.57054 0.00923949 
0.844229 1.56446 -0.0102144 
0.844129 1.57581 -0.0130846 
0.840184 1.57333 0.016372 
0.815207 1.57315 -0.00771755 
0.858485 1.56649 0.002573 
0.858514 1.57768 -0.000188464 
0.8163 1.56646 0.0135604 
0.816422 1.57811 0.0104785 
0.838367 1.56874 -0.0124688 
0.845783 1.5669 0.0165188 
0.845936 1.57823 0.0136591 
0.81231 1.56875 -0.00313104 
0.85747 1.56517 -0.000891666 
0.857458 1.57637 -0.00366078 
0.820712 1.56358 0.0168775 
0.820839 1.57519 0.0138283 
0.832304 1.57109 -0.0132849 
0.850728 1.56232 0.0153325 
0.850833 1.57359 0.0125104 
0.810791 1.56368 0.0020271 
0.810788 1.5754 -0.00109534 
0.854958 1.56321 -0.00392059 
0.854903 1.57445 -0.00670884 
0.826009 1.56224 0.0189471 
0.826143 1.57379 0.0159374 
0.82642 1.57154 -0.0126309 
0.854731 1.5705 0.0102687 
0.810734 1.57011 0.00425584 
0.851043 1.57141 -0.00898368 
0.831872 1.56267 0.0196105 
0.832015 1.57415 0.0166449 
0.821074 1.5702 -0.0105714 
0.857342 1.56854 0.00724147 
0.812148 1.56503 0.00941817 
0.812222 1.57673 0.00630547 
0.84616 1.56684 -0.0101765 
0.84608 1.57816 -0.013032 
0.83794 1.56502 0.0188022 
0.838096 1.57643 0.0158826 
0.816591 1.56732 -0.00726422 
0.816539 1.57898 -0.010343 
0.858465 1.56721 0.00377727 
0.858511 1.57841 0.0010156 
0.815024 1.5723 0.0109205 
0.840469 1.57181 -0.0129378 
0.843835 1.56928 0.0165532 
0.813236 1.56324 -0.00295157 
0.813187 1.57493 -0.00605552 
0.858012 1.56598 0.000245558 
0.858017 1.57719 -0.00251944 
0.819053 1.56893 0.0146411 
0.834558 1.56343 -0.0113524 
0.834439 1.57489 -0.0142958 
0.849055 1.56407 0.0158215 
0.849179 1.57536 0.0129866 
0.81116 1.57006 -0.00106651 
0.856019 1.56432 -0.00298144 
0.855982 1.57554 -0.00576162 
0.824069 1.56699 0.0171952 
0.824228 1.57855 0.0141713 
0.828561 1.56451 -0.0111951 
0.828452 1.57603 -0.0141839 
0.853471 1.57175 0.0111051 
0.810576 1.5648 0.00425922 
0.810602 1.57652 0.00113507 
0.85256 1.57295 -0.00835241 
0.829772 1.56674 0.0183917 
0.829939 1.57824 0.0154106 
0.822979 1.56375 -0.00960032 
0.822877 1.57533 -0.0126311 
0.856571 1.56944 0.00832175 
0.811495 1.57131 0.00641252 
0.848005 1.56898 -0.00996619 
0.835814 1.56836 0.0181301 
0.818052 1.57299 -0.00976147 
0.858242 1.56794 0.00497277 
0.858305 1.57914 0.00220936 
0.813814 1.56661 0.0112586 
0.813917 1.57829 0.00815822 
0.842644 1.56325 -0.0103311 
0.842533 1.57462 -0.0132133 
0.841821 1.57192 0.0164057 
0.814267 1.56932 -0.00578753 
0.858356 1.56675 0.00142226 
0.858377 1.57794 -0.00134014 
0.817424 1.56284 0.0153185 
0.817531 1.57448 0.0122448 
0.836684 1.56698 -0.0121769 
0.836588 1.57841 -0.0151043 
0.84727 1.56603 0.016157 
0.847413 1.57734 0.0133086 
0.811746 1.56468 -0.00099866 
0.811726 1.57639 -0.00411383 
0.856902 1.5653 -0.00195651 
0.856882 1.57651 -0.00472996 
0.822226 1.57196 0.015257 
0.830631 1.56877 -0.0125655 
0.852058 1.57318 0.0118246 
0.810617 1.57121 0.00113213 
0.853994 1.56308 -0.00479887 
0.853931 1.57432 -0.00759448 
0.827724 1.57106 0.0169725 
0.824862 1.56868 -0.0114932 
0.855616 1.57045 0.0093287 
0.810981 1.56594 0.00646918 
0.811037 1.57765 0.00334796 
0.849747 1.57089 -0.00959392 
0.833691 1.57197 0.0172566 
0.819728 1.56686 -0.00905194 
0.819657 1.57848 -0.0121072 
0.857819 1.56872 0.00614214 
0.812856 1.57271 0.00839685 
0.844633 1.56582 -0.0104346 
0.844543 1.57717 -0.0133017 
0.839615 1.56342 0.0189758 
0.83976 1.57481 0.0160688 
0.815539 1.5636 -0.00542505 
0.815471 1.57526 -0.00851169 
0.858498 1.56747 0.00262121 
0.858536 1.57867 -0.000140138 
0.816025 1.56855 0.0127852 
0.838804 1.57026 -0.0128007 
0.845388 1.56823 0.0163276 
0.812477 1.57093 -0.00398618 
0.857597 1.56618 -0.00086207 
0.857594 1.57738 -0.00363021 
0.820359 1.56556 0.0161927 
0.820496 1.57717 0.0131409 
0.832745 1.57277 -0.013735 
0.850391 1.56351 0.0152374 
0.850505 1.57479 0.0124128 
0.81085 1.5659 0.00113964 
0.810859 1.57762 -0.00198231 
0.85519 1.56429 -0.00393789 
0.855144 1.57552 -0.00672439 
0.825601 1.56408 0.0183694 
0.825745 1.57563 0.0153567 
0.826836 1.57336 -0.013198 
0.854487 1.57159 0.0102461 
0.810693 1.57233 0.00336689 
0.85137 1.57259 -0.00907138 
0.831434 1.56436 0.0191493 
0.831588 1.57585 0.0161805 
0.821438 1.57216 -0.0112467 
0.8572 1.56955 0.00726816 
0.811998 1.56722 0.00855856 
0.812083 1.57892 0.00544484 
0.846548 1.56815 -0.0103585 
0.846479 1.57947 -0.013211 
0.837502 1.56655 0.0184595 
0.837668 1.57797 0.0155368 
0.81688 1.5694 -0.00803162 
0.858436 1.5682 0.00382503 
0.858491 1.57939 0.00106317 
0.814698 1.56275 0.0132115 
0.814786 1.57442 0.0101175 
0.840901 1.57327 -0.0132273 
0.843426 1.57066 0.0163232 
0.813433 1.5654 -0.00378883 
0.813395 1.57709 -0.0068913 
0.858099 1.56698 0.000285174 
0.858113 1.57818 -0.00247915 
0.818729 1.57095 0.0139207 
0.834995 1.56506 -0.0117618 
0.834886 1.5765 -0.014702 
0.848695 1.5653 0.0156941 
0.848828 1.5766 0.0128566 
0.811263 1.57227 -0.00194559 
0.856215 1.56537 -0.00297876 
0.856187 1.57659 -0.00575744 
0.823682 1.56888 0.0165765 
0.828983 1.56629 -0.0117228 
0.828884 1.5778 -0.0147084 
0.853195 1.57288 0.0110583 
0.810568 1.56702 0.00336735 
0.810606 1.57874 0.000243208 
0.852931 1.56284 -0.00560769 
0.852858 1.57409 -0.00841141 
0.829346 1.56848 0.0178869 
0.823358 1.56567 -0.01024 
0.823266 1.57724 -0.0132679 
0.85639 1.57048 0.00833388 
0.811388 1.57351 0.00553858 
0.848375 1.57024 -0.0101121 
0.835377 1.56995 0.017744 
0.818461 1.5634 -0.0074325 
0.818375 1.57503 -0.0104972 
0.858172 1.56894 0.0050163 
0.813602 1.56875 0.0104327 
0.843058 1.56466 -0.0105825 
0.842957 1.57602 -0.0134616 
0.841402 1.57335 0.0161353 
0.814503 1.57145 -0.00660201 
0.858402 1.56773 0.00146817 
0.858432 1.57893 -0.00129386 
0.817122 1.56489 0.0145673 
0.81724 1.57654 0.0114915 
0.837122 1.56854 -0.0125426 
0.846889 1.56732 0.0159947 
0.847041 1.57863 0.0131435 
0.811881 1.56688 -0.00186623 
0.811872 1.57858 -0.00498035 
0.857061 1.56633 -0.00193733 
0.857049 1.57754 -0.00470956 
0.821741 1.56231 0.0176406 
0.821863 1.57391 0.014599 
0.831065 1.57049 -0.0130499 
0.851647 1.56307 0.0145655 
0.851752 1.57434 0.0117505 
0.810653 1.57344 0.000241313 
0.854253 1.56418 -0.00483418 
0.854199 1.57542 -0.00762783 
0.827313 1.57286 0.0164248 
0.825263 1.57054 -0.0120927 
0.855399 1.57151 0.00932271 
0.810906 1.56815 0.00558553 
0.850094 1.5721 -0.00970613 
0.833117 1.56215 0.0197829 
0.833258 1.57362 0.0168266 
0.820071 1.56886 -0.00975575 
0.857708 1.56972 0.00617768 
0.812616 1.56319 0.0106593 
0.812685 1.57488 0.00755 
0.845034 1.56718 -0.0106463 
0.844954 1.57852 -0.0135104 
0.83918 1.5649 0.0186667 
0.839335 1.5763 0.0157565 
0.815801 1.5657 -0.00621517 
0.815745 1.57736 -0.00929984 
0.858502 1.56846 0.00266963 
0.815758 1.57064 0.0120037 
0.839241 1.57176 -0.0131233 
0.84499 1.56956 0.0161282 
0.812654 1.57311 -0.00483746 
0.857717 1.56719 -0.000829993 
0.857723 1.57839 -0.00359721 
0.820013 1.56754 0.0155 
0.820161 1.57915 0.0124458 
0.83331 1.56297 -0.0112227 
0.833188 1.57443 -0.0141755 
0.85005 1.56471 0.0151356 
0.850173 1.57599 0.0123085 
0.810919 1.56812 0.00025363 
0.855415 1.56537 -0.00395057 
0.855378 1.57659 -0.00673536 
0.825197 1.56593 0.0177826 
0.825352 1.57748 0.014767 
0.827369 1.56365 -0.0107582 
0.827256 1.57518 -0.0137559 
0.854236 1.57268 0.0102186 
0.810641 1.56283 0.0056007 
0.810662 1.57455 0.00247695 
0.851773 1.56249 -0.00634007 
0.851691 1.57376 -0.00915262 
0.830999 1.56606 0.0186787 
0.831163 1.57755 0.0157067 
0.821915 1.56252 -0.00887509 
0.821809 1.57411 -0.0119138 
0.85705 1.57057 0.007292 
0.811857 1.56941 0.00769551 
0.846934 1.56945 -0.0105324 
0.837065 1.56809 0.0181075 
0.837241 1.57951 0.0151816 
0.817178 1.57147 -0.00879243 
0.858399 1.56918 0.00387218 
0.814457 1.56487 0.0124047 
0.814556 1.57654 0.00930904 
0.841445 1.56334 -0.0106165 
0.841333 1.57472 -0.0135077 
0.843015 1.57205 0.0160847 
0.813639 1.56756 -0.00462149 
0.813612 1.57924 -0.00772239 
0.858179 1.56798 0.000326467 
0.858201 1.57918 -0.00243723 
0.818413 1.57298 0.0131929 
0.835433 1.56667 -0.0121617 
0.835335 1.57811 -0.0150986 
0.84833 1.56655 0.0155594 
0.848473 1.57785 0.0127192 
0.811401 1.56277 0.000295474 
0.811376 1.57448 -0.00282232 
0.856404 1.56642 -0.0029722 
0.856385 1.57763 -0.00574944 
0.8233 1.57078 0.0159491 
0.829408 1.56805 -0.0122411 
0.852816 1.56275 0.0138119 
0.852912 1.57401 0.0110059 
0.81057 1.56925 0.00247534 
0.853215 1.56397 -0.005663 
0.853151 1.57522 -0.00846458 
0.828923 1.57024 0.0173727 
0.823742 1.56758 -0.0108711 
0.823662 1.57915 -0.0138962 
0.856202 1.57152 0.00834238 
0.81124 1.56401 0.00778149 
0.81129 1.57572 0.00466209 
0.848741 1.57149 -0.0102504 
0.834941 1.57155 0.0173483 
0.818781 1.56543 -0.00816336 
0.818705 1.57706 -0.0112257 
0.858094 1.56993 0.00505841 
0.8134 1.5709 0.00960201 
0.843471 1.56606 -0.0108252 
0.843379 1.57741 -0.0137011 
0.840839 1.56342 0.0187536 
0.840982 1.5748 0.0158559 
0.814748 1.57358 -0.00741109 
0.85844 1.56872 0.00151494 
0.816828 1.56696 0.0138094 
0.816957 1.5786 0.0107314 
0.837562 1.57009 -0.0128989 
0.846505 1.56861 0.0158246 
0.812026 1.56907 -0.00273062 
0.857212 1.56735 -0.00191505 
0.857209 1.57856 -0.00468611 
0.821374 1.56426 0.0169771 
0.821507 1.57586 0.0139328 
0.831502 1.5722 -0.0135248 
0.851327 1.56424 0.0144874 
0.851441 1.57551 0.0116701 
0.810696 1.56394 0.00247447 
0.8107 1.57566 -0.000648696 
0.854506 1.56528 -0.00486431 
0.85446 1.57652 -0.00765605 
0.826765 1.56314 0.0188718 
0.826906 1.57467 0.0158678 
0.825669 1.5724 -0.0126834 
0.855175 1.57258 0.00931233 
0.810841 1.57037 0.00470016 
0.850437 1.57331 -0.00981139 
0.832677 1.56381 0.0193466 
0.832827 1.57528 0.0163871 
0.82042 1.57085 -0.0104518 
0.85759 1.57073 0.00621099 
0.812444 1.56536 0.00980964 
0.812523 1.57706 0.00669913 
0.845434 1.56852 -0.0108497 
0.838745 1.5664 0.0183484 
0.838909 1.57781 0.015435 
0.816072 1.5678 -0.00699922 
0.816027 1.57946 -0.0100819 
0.858499 1.56944 0.0027181 
0.815499 1.57274 0.0112162 
0.839678 1.57326 -0.0134367 
0.84459 1.57091 0.0159204 
0.812883 1.56359 -0.0025781 
0.81284 1.57528 -0.0056847 
0.857829 1.56819 -0.000795606 
0.857843 1.5794 -0.00356194 
0.819673 1.56954 0.0147995 
0.833745 1.56462 -0.011657 
0.833634 1.57608 -0.0146066 
0.849704 1.56592 0.0150269 
0.849836 1.5772 0.0121972 
0.810998 1.57034 -0.000630733 
0.855633 1.56643 -0.00395879 
0.855605 1.57766 -0.00674192 
0.824799 1.56779 0.0171869 
0.824964 1.57935 0.0141685 
0.827783 1.56545 -0.0113101 
0.827681 1.57698 -0.0143047 
0.853891 1.56254 0.0129835 
0.853978 1.57378 0.0101859 
0.810608 1.56506 0.00471015 
0.810641 1.57677 0.00158623 
0.852081 1.56366 -0.00641727 
0.852008 1.57492 -0.00922751 
0.830568 1.56778 0.0181985 
0.830742 1.57927 0.0152235 
0.822281 1.56447 -0.00953668 
0.822186 1.57606 -0.0125727 
0.856892 1.5716 0.00731281 
0.811727 1.57161 0.00682921 
0.847317 1.57074 -0.0106984 
0.836628 1.56965 0.0177461 
0.817483 1.57353 -0.00954651 
0.858354 1.57017 0.00391856 
0.814225 1.567 0.0115924 
0.814335 1.57868 0.00849516 
0.841866 1.56478 -0.0108911 
0.841763 1.57615 -0.0137792 
0.842471 1.56209 0.0187228 
0.842603 1.57346 0.0158374 
0.813854 1.56971 -0.00544936 
0.85825 1.56897 0.000369262 
0.817992 1.56338 0.0155275 
0.818105 1.57501 0.012458 
