0.78958 1.5708 0.0386757 
0.789643 1.57279 0.0381279 
0.789708 1.57478 0.0375802 
0.789775 1.57677 0.0370327 
0.789844 1.57876 0.0364852 
0.831153 1.57162 -0.0441736 
0.881133 1.56439 0.0368804 
0.881445 1.57534 0.0342829 
0.765569 1.57244 -0.00405914 
0.893556 1.5673 -0.0220301 
0.89338 1.57813 -0.024525 
0.814474 1.57044 0.0469792 
0.803766 1.57072 -0.0399813 
0.900024 1.57274 0.0196822 
0.76783 1.57298 0.0154026 
0.871303 1.57058 -0.0360712 
0.84267 1.56443 0.0491878 
0.843084 1.57577 0.0462929 
0.78154 1.5698 -0.0286078 
0.907066 1.5671 0.00306344 
0.907108 1.5778 0.000676271 
0.780689 1.56457 0.0346454 
0.780976 1.57663 0.0312932 
0.843839 1.57 -0.0430327 
0.870307 1.56374 0.0422738 
0.87066 1.57479 0.039591 
0.768086 1.57358 -0.0128767 
0.900377 1.57226 -0.0159776 
0.802625 1.56374 0.0460652 
0.803004 1.57553 0.0428731 
0.815667 1.56404 -0.0408906 
0.815295 1.5757 -0.043982 
0.892865 1.56696 0.0281984 
0.893124 1.57779 0.0256953 
0.765474 1.57415 0.00655024 
0.882012 1.56989 -0.0306847 
0.829952 1.56285 0.0503012 
0.830361 1.57433 0.0473107 
0.790496 1.5676 -0.0337132 
0.905601 1.56954 0.0105538 
0.77371 1.56374 0.0280106 
0.773933 1.57589 0.0246075 
0.85646 1.56518 -0.0396041 
0.856112 1.57639 -0.0423887 
0.858574 1.56606 0.0457125 
0.858974 1.57724 0.0429392 
0.772707 1.57407 -0.0209529 
0.905032 1.56496 -0.00663678 
0.904972 1.57568 -0.00903982 
0.792254 1.57108 0.0399475 
0.827918 1.56639 -0.042745 
0.827552 1.57791 -0.0457456 
0.883812 1.56313 0.0355735 
0.884104 1.57405 0.032997 
0.765275 1.56329 0.000887685 
0.765256 1.57555 -0.0025761 
0.891353 1.56667 -0.0237157 
0.891156 1.57753 -0.0262281 
0.817561 1.56435 0.0490867 
0.817972 1.57597 0.0460045 
0.800968 1.56368 -0.0371033 
0.800625 1.5755 -0.0403034 
0.901553 1.57271 0.0176411 
0.768731 1.56401 0.0201639 
0.768887 1.57622 0.0167247 
0.868274 1.56834 -0.0367462 
0.867977 1.57943 -0.0394402 
0.846355 1.57168 0.0468931 
0.779342 1.57357 -0.0279046 
0.906997 1.56751 0.0007806 
0.907023 1.57822 -0.001607 
0.782985 1.56844 0.0352506 
0.840559 1.56569 -0.0422798 
0.840192 1.57707 -0.0451854 
0.87363 1.57275 0.0387913 
0.767262 1.56455 -0.00806803 
0.767176 1.57679 -0.0115168 
0.898716 1.57214 -0.0179635 
0.805845 1.56867 0.0456112 
0.812237 1.5694 -0.0417249 
0.894976 1.56647 0.0264176 
0.895216 1.57729 0.0239314 
0.765847 1.56502 0.0114784 
0.765936 1.57727 0.0080184 
0.879271 1.56844 -0.0318653 
0.879018 1.57942 -0.0344734 
0.833605 1.56932 0.0485842 
0.787821 1.57175 -0.0334233 
0.90627 1.56988 0.00830991 
0.775473 1.56728 0.0289838 
0.775735 1.57941 0.0255937 
0.852862 1.57304 -0.0423125 
0.861764 1.56318 0.0454694 
0.862138 1.57432 0.04272 
0.771366 1.56529 -0.016408 
0.771213 1.57747 -0.0198263 
0.904038 1.56518 -0.00881304 
0.903961 1.57592 -0.011224 
0.794792 1.56358 0.0432525 
0.795146 1.57547 0.0400031 
0.824327 1.57246 -0.0441471 
0.88666 1.57295 0.0315928 
0.765096 1.56638 0.0023848 
0.765117 1.57864 -0.00108034 
0.88902 1.56588 -0.0253042 
0.888804 1.57676 -0.0278349 
0.82109 1.57008 0.0479469 
0.797893 1.56829 -0.0372759 
0.902908 1.57279 0.0155434 
0.769919 1.5673 0.0214208 
0.770116 1.5795 0.0179904 
0.865191 1.56587 -0.0372636 
0.86487 1.57699 -0.0399811 
0.849627 1.56786 0.0473034 
0.850054 1.57913 0.0444621 
0.777513 1.56515 -0.0237314 
0.777296 1.57725 -0.0271043 
0.906725 1.56791 -0.00149418 
0.906734 1.57862 -0.00388388 
0.785427 1.5724 0.0357495 
0.836898 1.57253 -0.0442632 
0.876531 1.57092 0.037846 
0.766485 1.56772 -0.00665917 
0.896894 1.57191 -0.0198793 
0.80916 1.57374 0.0450257 
0.809256 1.56288 -0.0392855 
0.808888 1.5746 -0.0424243 
0.896944 1.56613 0.024554 
0.897165 1.57693 0.0220837 
0.766442 1.56816 0.0129153 
0.876444 1.56679 -0.0329144 
0.876168 1.57779 -0.0355445 
0.836879 1.56456 0.0496636 
0.837298 1.57597 0.0467252 
0.785559 1.56379 -0.0297076 
0.785279 1.57579 -0.0330212 
0.90674 1.57026 0.00604509 
0.777397 1.5709 0.0298685 
0.849599 1.56943 -0.0420528 
0.865266 1.57166 0.0423307 
0.77 1.56862 -0.0152008 
0.902858 1.56533 -0.0109452 
0.902763 1.57608 -0.0133656 
0.797765 1.56812 0.0431642 
0.821153 1.56675 -0.0423568 
0.820793 1.57834 -0.0454078 
0.889106 1.57203 0.0300779 
0.765091 1.56947 0.00388511 
0.886569 1.56492 -0.0267882 
0.886331 1.57583 -0.0293382 
0.824266 1.56443 0.0496997 
0.824684 1.57598 0.0466671 
0.794929 1.57278 -0.0373251 
0.903969 1.56222 0.0158102 
0.904084 1.57295 0.0133966 
0.771278 1.57065 0.022613 
0.862063 1.56316 -0.0376169 
0.861717 1.57431 -0.040358 
0.852892 1.5643 0.0475266 
0.853292 1.57554 0.0447094 
0.775585 1.56873 -0.0228243 
0.906251 1.56829 -0.00375321 
0.906242 1.579 -0.00614666 
0.787682 1.56448 0.0394395 
0.78801 1.57645 0.0361382 
0.833626 1.56772 -0.0431466 
0.833268 1.57917 -0.0461046 
0.879355 1.56931 0.0367624 
0.765881 1.57085 -0.00521604 
0.89492 1.57153 -0.0217177 
0.812142 1.56727 0.0474289 
0.812563 1.57896 0.0443071 
0.805956 1.56789 -0.0398269 
0.898759 1.56592 0.0226151 
0.898962 1.5767 0.0201594 
0.767211 1.57133 0.014316 
0.87354 1.56491 -0.0338248 
0.873241 1.57595 -0.0364772 
0.840566 1.57145 0.0476344 
0.783117 1.5677 -0.0291784 
0.907008 1.57066 0.00376702 
0.779214 1.56251 0.0340226 
0.779478 1.57459 0.0306595 
0.846329 1.56555 -0.0416061 
0.845967 1.57687 -0.044468 
0.868348 1.56924 0.0417774 
0.768803 1.5719 -0.013931 
0.901496 1.56539 -0.0130258 
0.901383 1.57615 -0.0154571 
0.80085 1.57279 0.0429508 
0.817643 1.57243 -0.0434506 
0.891433 1.57128 0.0284599 
0.765261 1.57257 0.0053804 
0.884007 1.56378 -0.0281603 
0.883748 1.57471 -0.0307304 
0.827879 1.57055 0.0482512 
0.792386 1.56522 -0.03399 
0.792082 1.57715 -0.0372534 
0.904974 1.56247 0.0136133 
0.905073 1.57319 0.0112081 
0.772804 1.57406 0.0237339 
0.858527 1.57137 -0.040565 
0.856516 1.57221 0.0447734 
0.773817 1.57224 -0.0218308 
0.905577 1.56862 -0.00598884 
0.905552 1.57934 -0.00838767 
0.790361 1.56868 0.0396951 
0.830386 1.56265 -0.0418358 
0.829996 1.57414 -0.0448174 
0.882091 1.56791 0.0355481 
0.882421 1.57885 0.0329591 
0.765451 1.57397 -0.00374653 
0.892802 1.57102 -0.0234717 
0.815588 1.57269 0.0465491 
0.802749 1.57277 -0.040238 
0.900413 1.56583 0.0206082 
0.900599 1.5766 0.018166 
0.76802 1.56232 0.0191172 
0.768152 1.57454 0.0156728 
0.870568 1.56282 -0.0345891 
0.870245 1.57388 -0.0372643 
0.843848 1.5672 0.0483505 
0.844279 1.57853 0.0454651 
0.780819 1.57153 -0.0285451 
0.907072 1.57108 0.00148339 
0.781409 1.56631 0.0346992 
0.781713 1.57836 0.0313523 
0.84267 1.57276 -0.0438552 
0.871375 1.56705 0.0410668 
0.871744 1.5781 0.0383931 
0.767887 1.56291 -0.00916125 
0.767777 1.57514 -0.0126054 
0.899961 1.56534 -0.0150477 
0.89983 1.57611 -0.0174912 
0.803646 1.5658 0.0457947 
0.804041 1.57758 0.0426103 
0.814559 1.56627 -0.041306 
0.814203 1.57794 -0.0444058 
0.89363 1.57069 0.0267464 
0.765541 1.56342 0.0103247 
0.765606 1.57567 0.00686246 
0.881344 1.56245 -0.0294133 
0.881064 1.5734 -0.032004 
0.831117 1.56538 0.0496424 
0.831542 1.57685 0.046661 
0.789624 1.56945 -0.0337796 
0.905788 1.56278 0.0113837 
0.905869 1.5735 0.00898532 
0.774258 1.56539 0.0281762 
0.774496 1.57753 0.0247772 
0.855309 1.56818 -0.0405964 
0.854977 1.5794 -0.0433903 
0.859717 1.56914 0.0446584 
0.772387 1.56352 -0.0173459 
0.772211 1.57569 -0.0207567 
0.904708 1.5689 -0.00819347 
0.79317 1.57298 0.0398334 
0.826762 1.56884 -0.0433361 
0.884732 1.5667 0.0342107 
0.885041 1.57761 0.0316424 
0.765198 1.56481 0.00120568 
0.765195 1.57707 -0.00225868 
0.89055 1.57035 -0.0251338 
0.818684 1.56665 0.0486057 
0.819111 1.57826 0.0455321 
0.79997 1.56567 -0.0373134 
0.799642 1.57751 -0.0405209 
0.9019 1.56585 0.0185406 
0.902067 1.5766 0.0161105 
0.769093 1.56558 0.0204147 
0.769266 1.57779 0.0169782 
0.867189 1.57158 -0.0378986 
0.847138 1.56321 0.048875 
0.84754 1.57451 0.0460137 
0.778911 1.56319 -0.024449 
0.778671 1.57527 -0.0278115 
0.906933 1.57149 -0.000798068 
0.783754 1.57021 0.035272 
0.839383 1.56838 -0.0430501 
0.874339 1.5651 0.0402058 
0.874686 1.57611 0.0375548 
0.766993 1.5661 -0.0077806 
0.766923 1.57833 -0.0112314 
0.898261 1.56518 -0.0170036 
0.898111 1.57597 -0.0194607 
0.806898 1.57077 0.0453005 
0.811156 1.57158 -0.0420987 
0.89569 1.57024 0.0249446 
0.766019 1.56655 0.0117819 
0.766124 1.5788 0.00832315 
0.878287 1.5719 -0.0331516 
0.834785 1.5719 0.0478818 
0.786992 1.57357 -0.0334548 
0.906406 1.56314 0.00912896 
0.90647 1.57385 0.00673583 
0.776073 1.56895 0.0291226 
0.852071 1.56473 -0.0404473 
0.851712 1.57598 -0.0432654 
0.862887 1.56633 0.0443696 
0.863278 1.57746 0.0416297 
0.770908 1.56689 -0.0161859 
0.770772 1.57908 -0.0196076 
0.903648 1.5691 -0.0103596 
0.795732 1.56553 0.0430941 
0.796102 1.5774 0.0398517 
0.823573 1.56328 -0.0416622 
0.82319 1.57485 -0.0446948 
0.887268 1.56567 0.0327579 
0.887556 1.57656 0.0302096 
0.765076 1.5679 0.00270464 
0.888171 1.56952 -0.0266967 
0.822236 1.57243 0.0474229 
0.796931 1.57025 -0.0374478 
0.90321 1.56596 0.0164197 
0.90336 1.5767 0.0140004 
0.770337 1.5689 0.0216523 
0.864082 1.56905 -0.0383733 
0.850801 1.57076 0.0463733 
0.776877 1.56682 -0.0236045 
0.776676 1.57894 -0.0269821 
0.906591 1.57189 -0.00306963 
0.785938 1.5622 0.0390514 
0.786243 1.5742 0.0357373 
0.836115 1.56373 -0.0420513 
0.835733 1.57515 -0.0449901 
0.877232 1.56336 0.0392017 
0.877555 1.57435 0.0365731 
0.766272 1.56925 -0.00636034 
0.896402 1.56488 -0.0188863 
0.896234 1.57569 -0.0213582 
0.809845 1.56418 0.0478134 
0.810244 1.57589 0.0446743 
0.808188 1.565 -0.03961 
0.807835 1.57674 -0.0427569 
0.897604 1.56994 0.0230621 
0.766671 1.5697 0.0132084 
0.875426 1.57018 -0.0341657 
0.838057 1.56722 0.0489084 
0.838492 1.57862 0.0459794 
0.784759 1.56556 -0.0296992 
0.784495 1.57758 -0.0330188 
0.906823 1.56353 0.00685677 
0.90687 1.57424 0.00446724 
0.778049 1.57259 0.0299789 
0.848436 1.5723 -0.0429558 
0.866017 1.56376 0.0439127 
0.866383 1.57486 0.0411964 
0.769597 1.5702 -0.0149587 
0.902404 1.56923 -0.0124798 
0.798743 1.5701 0.0429676 
0.820021 1.56908 -0.0428526 
0.88969 1.56482 0.0311974 
0.889958 1.57569 0.0286682 
0.765128 1.57099 0.00420426 
0.885676 1.56851 -0.0281532 
0.885456 1.57942 -0.0307109 
0.825418 1.56685 0.0491237 
0.825851 1.57839 0.0461 
0.794332 1.5628 -0.0342106 
0.794005 1.5747 -0.0374595 
0.904339 1.56615 0.0142529 
0.904471 1.57688 0.0118429 
0.771751 1.57226 0.0228232 
0.860933 1.56626 -0.0386821 
0.860602 1.57743 -0.0414325 
0.854053 1.56727 0.0465469 
0.854469 1.5785 0.0437392 
0.775001 1.57038 -0.0226702 
0.906047 1.57225 -0.00532362 
0.788527 1.56632 0.0393865 
0.788871 1.57829 0.0360915 
0.832459 1.57027 -0.0438208 
0.880344 1.57279 0.0354552 
0.765725 1.57238 -0.00490821 
0.894394 1.56446 -0.0206887 
0.894206 1.57529 -0.0231766 
0.813239 1.56948 0.0470278 
0.804918 1.56997 -0.0401112 
0.899362 1.56976 0.0211061 
0.767496 1.57289 0.0145963 
0.872491 1.56825 -0.0350388 
0.872209 1.5793 -0.0377 
0.841349 1.56281 0.0497412 
0.841754 1.57417 0.0468361 
0.782364 1.56946 -0.0291376 
0.907038 1.56394 0.00457481 
0.907068 1.57465 0.00218723 
0.779901 1.56424 0.0340981 
0.780181 1.57631 0.0307401 
0.845155 1.56835 -0.042458 
0.86944 1.57251 0.0406012 
0.768456 1.57347 -0.0136709 
0.90098 1.56926 -0.0145468 
0.801492 1.563 0.0459158 
0.801864 1.57481 0.0427153 
0.816913 1.56306 -0.0408216 
0.816534 1.5747 -0.0439037 
0.891989 1.56413 0.0295367 
0.892237 1.57498 0.0270259 
0.765355 1.57409 0.00569632 
0.883074 1.56732 -0.0294959 
0.882832 1.57826 -0.0320739 
0.829049 1.57303 0.0476317 
0.791486 1.5671 -0.0340811 
0.791198 1.57903 -0.0373512 
0.905278 1.56642 0.0120478 
0.905394 1.57714 0.00964552 
0.773117 1.56353 0.0273281 
0.773332 1.57569 0.0239207 
0.85775 1.56323 -0.038819 
0.857393 1.57442 -0.0415933 
0.857288 1.56405 0.0465385 
0.857678 1.57524 0.0437549 
0.773285 1.57388 -0.0216512 
0.905306 1.57257 -0.00755238 
0.791249 1.57055 0.0396062 
0.829219 1.56513 -0.0424572 
0.828844 1.57663 -0.0454478 
0.883044 1.57144 0.0342089 
0.765379 1.56324 3.0812e-05 
0.765352 1.57549 -0.00343217 
0.892245 1.56388 -0.0224036 
0.892038 1.57473 -0.0249085 
0.816309 1.56331 0.0491976 
0.816712 1.57494 0.046106 
0.802094 1.56299 -0.037291 
0.801743 1.5748 -0.0404827 
0.900958 1.5697 0.0190839 
0.768345 1.56389 0.01938 
0.768493 1.57611 0.015938 
0.86949 1.56609 -0.0357638 
0.869184 1.57717 -0.038448 
0.84503 1.56999 0.0475002 
0.780115 1.57326 -0.0284729 
0.907049 1.56436 0.00229081 
0.907063 1.57507 -9.65012e-05 
0.782146 1.56807 0.0347431 
0.84188 1.56413 -0.0417693 
0.841504 1.5755 -0.0446647 
0.87244 1.57038 0.0398506 
0.767581 1.56446 -0.00888311 
0.767486 1.57669 -0.0123295 
0.899386 1.56918 -0.0165531 
0.804679 1.56788 0.0455119 
0.813459 1.56848 -0.0417085 
0.894156 1.5636 0.0277833 
0.894385 1.57443 0.0252899 
0.765675 1.56495 0.0106339 
0.765756 1.5772 0.00717263 
0.880373 1.56593 -0.0307171 
0.88011 1.5769 -0.0333162 
