1.08584 0.00154982 -0.326261 
1.30553 1.56567e-07 -0.00128873 
1.30552 0.00738078 0.00138589 
1.08144 0.00658178 0.337101 
1.08105 0.000318369 -0.40253 
1.26166 0.0058747 0.234214 
1.13574 0.00367924 0.165415 
1.13981 0.000962573 -0.393363 
1.17229 0.000712728 0.376645 
1.15205 0.00189412 -0.0696482 
1.2275 0.000766358 -0.299171 
1.22965 0.00849539 -0.296893 
1.09787 0.00299597 0.415429 
1.10374 0.000890619 -0.271991 
1.29881 0.00408197 -0.093413 
1.07023 0.00765308 0.378327 
1.07481 0.00585845 -0.385337 
1.28828 0.00393684 0.151535 
1.1151 0.00109525 0.240102 
1.11322 0.00265908 -0.404862 
1.20565 0.00466131 0.338331 
1.15546 0.00020178 0.0208487 
1.15518 0.00834507 0.0242263 
1.19367 0.00579877 -0.347792 
1.12038 0.00774082 0.410923 
1.12563 0.00330966 -0.20365 
1.27977 0.00662385 -0.180011 
1.07177 0.00701806 0.40337 
1.07933 0.00665136 -0.353222 
1.30318 0.00102704 0.0591632 
1.30271 0.00841809 0.0618163 
1.09258 0.00619121 0.304065 
1.09139 0.00121244 -0.406489 
1.24218 0.00102461 0.278443 
1.24012 0.00868694 0.280746 
1.1461 0.00641109 0.113089 
1.15901 0.00060717 -0.380472 
1.16172 0.00871936 -0.378463 
1.15058 0.00481913 0.393997 
1.14469 0.00541473 -0.123463 
1.25076 0.00675124 -0.256094 
1.0869 0.000117761 0.413039 
1.08376 0.00871752 0.414778 
1.09199 0.00195448 -0.307817 
1.30463 0.00466844 -0.0338863 
1.07568 0.00852908 0.354053 
1.07825 0.00431722 -0.397451 
1.27198 0.00733573 0.206263 
1.12748 0.00702816 0.195313 
1.13151 0.00703711 -0.397494 
1.1831 0.00498368 0.365648 
1.15474 0.00350867 -0.0362484 
1.21565 0.00435823 -0.318585 
1.10526 0.00486438 0.415066 
1.11343 0.00804032 -0.246813 
1.29281 0.00167058 -0.127101 
1.06954 0.00660144 0.389177 
1.07483 0.00575596 -0.375692 
1.29543 0.00137161 0.11822 
1.10509 0.0077606 0.266373 
1.10569 0.00540217 -0.405923 
1.21783 0.00765875 0.319947 
1.15361 0.00187517 0.0547583 
1.18049 0.00321865 -0.361776 
1.13145 0.00516404 0.405659 
1.13399 0.0073733 -0.174538 
1.269 0.00117418 -0.210906 
1.27054 0.00870677 -0.208427 
1.07716 0.00192807 0.407704 
1.0816 0.000766332 -0.339179 
1.30504 0.00583822 0.0266766 
1.086 0.00622724 0.323482 
1.08756 0.00749322 -0.403284 
1.25444 0.000128436 0.25272 
1.25256 0.00773221 0.255088 
1.14147 4.9529e-05 0.141552 
1.13987 0.00827032 0.144633 
1.14768 0.000159434 -0.38851 
1.15046 0.00834162 -0.38654 
1.16185 0.00528552 0.385465 
1.14978 0.0071017 -0.0916569 
1.23817 0.00496915 -0.28098 
1.0908 0.0073108 0.416004 
1.09858 0.00167248 -0.287921 
1.30183 0.00218934 -0.0688106 
1.07362 0.00363014 0.3677 
1.07637 0.00710584 -0.390895 
1.2823 0.00280347 0.174732 
1.12052 0.00332107 0.221335 
1.1206 0.0039166 -0.402387 
1.19612 0.00391507 0.350838 
1.15571 0.00523628 -0.00223418 
1.20331 0.00612721 -0.335988 
1.11589 7.35958e-05 0.411856 
1.11289 0.00847567 0.413667 
1.12052 0.00589367 -0.222616 
1.28611 0.00605033 -0.157267 
1.0699 0.00757902 0.398219 
1.07583 0.00351932 -0.364285 
1.30004 0.00655302 0.0866791 
1.09776 0.00679121 0.288508 
1.09836 0.00627798 -0.406032 
1.23173 0.00452376 0.297332 
1.15007 0.00343136 0.0879786 
1.16951 0.006089 -0.372069 
1.14271 0.0035074 0.399193 
1.13959 0.00201364 -0.147432 
1.25826 0.00168188 -0.238162 
1.08021 0.00668255 0.412424 
1.0874 0.00197193 -0.321775 
1.30546 0.00308405 -0.00865567 
1.07989 0.00716056 0.341475 
1.08114 0.00378728 -0.400904 
1.26557 0.000533518 0.225623 
1.26388 0.00808613 0.228049 
1.13422 0.00258604 0.172254 
1.13921 0.006838 -0.393477 
1.17292 0.00770724 0.375621 
1.15271 0.000492902 -0.0622014 
1.15338 0.00864959 -0.0588712 
1.22465 0.00191955 -0.304113 
1.09807 0.00772212 0.416349 
1.10558 0.00087868 -0.266479 
1.29788 0.00729841 -0.100477 
1.07227 0.000888446 0.37985 
1.07557 0.00839986 -0.382613 
1.28966 0.00703755 0.144701 
1.11321 0.000807306 0.246195 
1.11288 0.00789395 -0.404248 
1.20866 0.00535205 0.334015 
1.15488 0.00698481 0.0319034 
1.1905 0.00554047 -0.351382 
1.12378 0.00508486 0.409313 
1.12734 0.0026152 -0.19719 
1.2766 0.00175654 -0.188983 
1.07454 0.00149482 0.40375 
1.08067 0.00773596 -0.349323 
1.30367 0.00418994 0.0518664 
1.09082 0.00637515 0.309062 
1.09125 0.00526249 -0.405284 
1.24478 0.0027035 0.272843 
1.14499 0.00502934 0.120282 
1.15832 0.00688094 -0.381032 
1.15402 0.00290359 0.391554 
1.1458 0.00406593 -0.116394 
1.24632 0.000797904 -0.264131 
1.24824 0.00843459 -0.261765 
1.08697 0.00410619 0.414336 
1.09366 0.00217307 -0.302977 
1.30396 0.00041484 -0.043866 
1.30427 0.00780121 -0.0411986 
1.07738 0.000867368 0.35615 
1.07855 0.00750466 -0.395481 
1.27543 0.00239883 0.197361 
1.12575 0.00622674 0.201915 
1.12812 0.00444642 -0.399255 
1.18632 0.00459815 0.3622 
1.15507 0.0021399 -0.028623 
1.21268 0.00511419 -0.32304 
1.10858 0.00157013 0.413964 
1.11526 0.00783414 -0.240889 
1.29155 0.00479374 -0.13396 
1.07184 0.000364162 0.390289 
1.07584 0.00779164 -0.37251 
1.29648 0.00459988 0.111181 
1.10317 0.00769721 0.272058 
1.10242 0.00174397 -0.406908 
1.22302 0.00103074 0.312916 
1.15304 0.000479228 0.0623149 
1.15229 0.00863598 0.0656364 
1.1772 0.00229957 -0.364932 
1.13489 0.00276179 0.403738 
1.13549 0.00637217 -0.167828 
1.26689 0.00342744 -0.217104 
1.07698 0.00537422 0.409462 
1.08307 0.00142567 -0.334949 
1.30539 0.00155221 0.0166426 
1.08436 0.00659483 0.328116 
1.08444 0.00258652 -0.403657 
1.25682 0.00209959 0.246773 
1.13849 0.00701742 0.151613 
1.14703 0.00616837 -0.388816 
1.16524 0.00381516 0.382705 
1.15062 0.005693 -0.0843633 
1.23545 0.0063676 -0.286262 
1.09406 0.00315189 0.415335 
1.10035 0.00175971 -0.282702 
1.30113 0.00539186 -0.0760022 
1.07234 0.00512739 0.371363 
1.07381 0.00129107 -0.390336 
1.28391 0.00571732 0.168064 
1.11867 0.00282672 0.227672 
1.11726 0.00102328 -0.403842 
1.19923 0.00418208 0.346907 
1.15569 0.00388609 0.00546993 
1.20023 0.00634785 -0.33994 
1.11625 0.00558173 0.412288 
1.1223 0.00542837 -0.216359 
1.28333 0.00146691 -0.166454 
1.07247 0.00178436 0.398907 
1.07705 0.00500363 -0.360683 
1.3014 0.00237231 0.0768364 
1.09592 0.00687535 0.293797 
1.09513 0.00211932 -0.406793 
1.23447 0.00598814 0.292041 
1.14919 0.00201851 0.0953393 
1.16614 0.00459348 -0.374869 
1.14616 0.0013552 0.396971 
1.14091 0.000780586 -0.140531 
1.25589 0.00358755 -0.244075 
1.08334 0.00179315 0.412158 
1.08899 0.00233399 -0.317201 
1.30533 0.00617625 -0.0160157 
1.07836 0.00782776 0.345764 
1.08127 0.00718828 -0.399194 
1.2677 0.00284132 0.219386 
1.13266 0.00155778 0.179045 
1.1358 0.00442192 -0.39546 
1.17623 0.00681907 0.372498 
1.15391 0.00725365 -0.0513636 
1.22178 0.00298838 -0.308938 
1.10136 0.00405901 0.41545 
1.10742 0.000829171 -0.260869 
1.2961 0.00309192 -0.11012 
1.0712 0.00294652 0.383098 
1.07329 0.00215213 -0.381629 
1.29203 0.00274544 0.135241 
1.11132 0.000580324 0.252199 
1.1096 0.00460678 -0.405432 
1.21165 0.00616654 0.329573 
1.15451 0.00561799 0.03956 
1.1873 0.00512044 -0.354859 
1.12719 0.00250381 0.407621 
1.12901 0.00184499 -0.190668 
1.27471 0.00429438 -0.195374 
1.07418 0.00472935 0.405777 
1.07901 8.05849e-05 -0.347344 
1.08203 0.00870177 -0.345331 
1.3041 0.00733434 0.0445474 
1.0891 0.00659818 0.313967 
1.08806 0.000642987 -0.405825 
1.24733 0.00445035 0.267152 
1.14383 0.00366881 0.127427 
1.1549 0.00494411 -0.383523 
1.15745 0.00109067 0.389031 
1.14686 0.00269541 -0.109274 
1.24373 0.00240335 -0.269707 
1.08707 0.00818899 0.415571 
1.09535 0.00235607 -0.298045 
1.30349 0.00356704 -0.0511542 
1.07599 0.00196256 0.360109 
1.07579 0.0019594 -0.395225 
1.27728 0.00506678 0.190871 
1.12397 0.00550276 0.208457 
1.12475 0.00178662 -0.400935 
1.18951 0.00438048 0.358637 
1.15534 0.000779589 -0.0209671 
1.20969 0.00575278 -0.327371 
1.10886 0.0068258 0.414591 
1.11708 0.00757134 -0.234875 
1.28917 0.000428952 -0.143348 
1.29022 0.00787503 -0.140765 
1.07102 0.00294005 0.39308 
1.07381 0.00102647 -0.371113 
1.29825 0.000425465 0.10148 
1.29746 0.00783709 0.104098 
1.10127 0.00767618 0.277645 
1.10218 0.00645324 -0.406007 
1.22586 0.0022657 0.307966 
1.15159 0.0072357 0.0731392 
1.17388 0.00122538 -0.367991 
1.13833 0.000424518 0.401737 
1.13543 0.00867886 0.403619 
1.13694 0.00530628 -0.161067 
1.26472 0.00559512 -0.223236 
1.08 0.000243731 0.409403 
1.08457 0.00199922 -0.330632 
1.30549 0.00464199 0.009274 
1.08275 0.00702522 0.332664 
1.08445 0.00620508 -0.402165 
1.25916 0.00414864 0.24075 
1.13707 0.0058122 0.158547 
1.14359 0.00392633 -0.391016 
1.16861 0.0024838 0.379857 
1.15139 0.00428425 -0.0770165 
1.2327 0.00769738 -0.29144 
1.09423 0.00765416 0.416364 
1.10215 0.0018172 -0.277386 
1.29975 0.00120561 -0.0857996 
1.30037 0.00860848 -0.0831557 
1.07111 0.00676615 0.374923 
1.07444 0.00405553 -0.387853 
1.28668 0.00124054 0.158799 
1.28547 0.00870082 0.161342 
1.1168 0.00240549 0.233934 
1.11688 0.00643486 -0.403361 
1.2023 0.00459836 0.342852 
1.1556 0.00253573 0.0131757 
1.19712 0.0064191 -0.34377 
1.11962 0.00278166 0.410826 
1.12406 0.00489037 -0.210029 
1.28167 0.00427352 -0.173027 
1.07192 0.00477555 0.401242 
1.07831 0.00635335 -0.356979 
1.30206 0.00557799 0.0695971 
1.09411 0.00699302 0.298988 
1.09495 0.00638133 -0.405686 
1.23718 0.00752226 0.286647 
1.14826 0.000610052 0.102652 
1.16275 0.00297191 -0.377586 
1.14677 0.00746453 0.396595 
1.14364 0.00771866 -0.130453 
1.25347 0.0054199 -0.249913 
1.08336 0.0056083 0.413568 
1.0906 0.00264342 -0.312539 
1.30496 0.00189866 -0.0260377 
1.07686 0.00859218 0.349967 
1.07835 0.00187955 -0.399206 
1.26977 0.00523753 0.213084 
1.13106 0.000598883 0.185787 
1.13238 0.001946 -0.397365 
1.17952 0.00609547 0.369273 
1.15437 0.00586759 -0.0438111 
