1.05041 0.782296 -0.0637311 
1.04686 0.791041 -0.0619226 
1.14185 0.780649 0.164826 
1.13945 0.789158 0.164974 
0.727259 0.778717 0.31622 
0.723141 0.790416 0.312896 
1.12946 0.779788 -0.145033 
1.12721 0.788083 -0.142324 
1.02323 0.783652 0.297326 
1.02065 0.793034 0.296144 
0.769122 0.783423 0.219746 
1.18413 0.77821 -0.150201 
1.18244 0.786239 -0.147578 
0.900157 0.778969 0.379896 
0.89737 0.789353 0.377631 
0.857024 0.782013 0.118583 
0.852134 0.792054 0.117014 
1.21741 0.781986 -0.0862284 
1.21566 0.789896 -0.0841453 
0.797355 0.784175 0.395312 
0.971978 0.781468 0.0169574 
0.96751 0.790685 0.017352 
1.19795 0.783238 0.0518445 
1.19579 0.791348 0.0529045 
0.731944 0.785283 0.365818 
1.07733 0.776978 -0.0939097 
1.07421 0.785561 -0.0916747 
1.11187 0.783411 0.204629 
1.10941 0.792135 0.204402 
0.730578 0.788077 0.289366 
1.14496 0.782275 -0.151834 
1.14291 0.790493 -0.149107 
0.988401 0.785113 0.325105 
0.791323 0.77887 0.19321 
0.78659 0.789584 0.190733 
1.19515 0.783571 -0.138577 
1.19347 0.791556 -0.136075 
0.870099 0.778347 0.389986 
0.867224 0.788993 0.387496 
0.88496 0.785416 0.0915547 
1.21868 0.780451 -0.0545946 
1.21683 0.788375 -0.052739 
0.776484 0.780974 0.39244 
0.773205 0.792469 0.38929 
1.00222 0.782429 -0.0125852 
0.998041 0.791461 -0.0116303 
1.18231 0.780083 0.0936276 
1.18005 0.788306 0.0943738 
0.724693 0.784137 0.350212 
1.0975 0.782073 -0.117339 
1.09472 0.790543 -0.114864 
1.08123 0.77986 0.242049 
1.0787 0.788803 0.241473 
0.741431 0.786683 0.264249 
1.16084 0.778802 -0.155959 
1.15898 0.786939 -0.153232 
0.954728 0.782884 0.349619 
0.95206 0.792811 0.347799 
0.814627 0.777776 0.165633 
0.809806 0.788226 0.163463 
1.20714 0.776683 -0.126219 
1.2055 0.784615 -0.123821 
1.20383 0.79256 -0.121451 
0.839891 0.785825 0.393616 
0.918425 0.781062 0.0650382 
0.913643 0.790629 0.0644653 
1.21444 0.782703 -0.0169426 
1.21247 0.790677 -0.0153674 
0.756974 0.783073 0.384998 
1.03171 0.781613 -0.0428833 
1.02789 0.790468 -0.0413941 
1.16083 0.77797 0.135832 
1.15848 0.786345 0.136241 
0.722148 0.787204 0.329467 
1.11763 0.778972 -0.136617 
1.1152 0.787329 -0.133961 
1.04793 0.780089 0.276118 
1.04537 0.78928 0.275187 
0.755679 0.786521 0.237843 
1.17529 0.776862 -0.15483 
1.17355 0.784931 -0.152147 
1.17178 0.793012 -0.149494 
0.922914 0.777158 0.370097 
0.920168 0.787345 0.368017 
0.83965 0.778312 0.137999 
0.834772 0.78851 0.136178 
1.21463 0.779309 -0.105179 
1.21294 0.787219 -0.102949 
0.813348 0.787176 0.395153 
0.952324 0.776835 0.0370409 
0.947709 0.786173 0.0370794 
1.20649 0.782393 0.0229719 
1.20441 0.790437 0.0242525 
0.742876 0.77754 0.376782 
0.739302 0.789305 0.373436 
1.0596 0.77899 -0.0734832 
1.05618 0.787678 -0.0715195 
1.13386 0.778723 0.177152 
1.13143 0.787287 0.177198 
0.727372 0.783004 0.307823 
1.13514 0.777279 -0.148732 
1.13297 0.785544 -0.145997 
1.13076 0.793824 -0.143299 
1.01465 0.776978 0.307096 
1.01203 0.786421 0.305837 
0.776931 0.778814 0.212524 
0.772269 0.789706 0.209865 
1.18815 0.777217 -0.14798 
1.18648 0.785228 -0.145382 
1.18477 0.793251 -0.142813 
0.890425 0.780156 0.383204 
0.887619 0.790626 0.380862 
0.866633 0.780291 0.110705 
0.861742 0.79025 0.109286 
1.21814 0.782216 -0.0771328 
1.21636 0.790129 -0.075117 
0.791381 0.780806 0.395428 
0.78819 0.792167 0.392378 
0.982269 0.779712 0.00791058 
0.977887 0.788864 0.00849948 
1.19441 0.779966 0.0641562 
1.19222 0.788102 0.0651332 
0.728692 0.78625 0.361131 
1.08301 0.780574 -0.101072 
1.07999 0.789126 -0.0987664 
1.10282 0.782184 0.21628 
1.10034 0.790972 0.215947 
0.735905 0.781209 0.283629 
0.731592 0.792714 0.280445 
1.15066 0.778055 -0.154627 
1.14869 0.786242 -0.151881 
0.979296 0.780143 0.333686 
0.976649 0.789867 0.33209 
0.794709 0.786212 0.183112 
1.19901 0.781388 -0.135381 
1.19735 0.789356 -0.132908 
0.860241 0.782351 0.391116 
0.857355 0.79309 0.388544 
0.894838 0.78442 0.0835838 
1.21833 0.779155 -0.0440147 
1.21645 0.787088 -0.0422326 
0.770964 0.779173 0.391162 
0.767638 0.790713 0.387983 
1.01235 0.780059 -0.0220201 
1.00828 0.789029 -0.0208757 
1.17708 0.776806 0.106262 
1.17479 0.785065 0.106919 
1.17251 0.793344 0.10754 
0.722922 0.786209 0.343965 
1.10327 0.783146 -0.123321 
1.1006 0.791584 -0.12079 
1.07136 0.779522 0.252799 
1.06882 0.788538 0.252116 
0.747912 0.780132 0.258051 
0.743455 0.791431 0.255028 
1.16478 0.780766 -0.155282 
1.16295 0.788886 -0.152575 
0.945336 0.779635 0.356665 
0.942641 0.789636 0.354769 
0.818395 0.785563 0.155671 
1.20907 0.780774 -0.119519 
1.20741 0.788702 -0.11718 
0.833114 0.780733 0.395811 
0.830118 0.791714 0.393049 
0.928429 0.780373 0.0566872 
0.923688 0.789871 0.0562903 
1.213 0.780531 -0.00542663 
1.211 0.78852 -0.00392982 
0.751923 0.782704 0.382444 
1.04129 0.778861 -0.0526089 
1.0376 0.787658 -0.0509487 
1.15147 0.783846 0.148765 
1.14911 0.79229 0.14904 
0.72563 0.778978 0.325134 
0.721576 0.790727 0.321775 
1.12333 0.777747 -0.141193 
1.121 0.786073 -0.138502 
1.03726 0.781414 0.28563 
1.03468 0.790687 0.28459 
0.763094 0.780896 0.23108 
0.758514 0.791971 0.228247 
1.17933 0.776885 -0.153287 
1.17762 0.784935 -0.150627 
1.17587 0.792997 -0.147996 
0.910557 0.786521 0.372923 
0.844009 0.786283 0.128404 
1.21598 0.781074 -0.0971679 
1.21427 0.788984 -0.0950021 
0.807003 0.78301 0.396165 
0.957944 0.78495 0.0284289 
1.20392 0.779506 0.0350169 
1.2018 0.787569 0.0362167 
0.738729 0.778001 0.373052 
0.73511 0.789795 0.369681 
1.06531 0.783948 -0.0811408 
1.06199 0.792605 -0.0790964 
1.1255 0.777009 0.189337 
1.12305 0.785632 0.189279 
0.727745 0.787478 0.299217 
1.1387 0.782504 -0.149364 
1.13657 0.790754 -0.146643 
1.00325 0.780299 0.315249 
1.00064 0.789833 0.313876 
0.780164 0.785479 0.202533 
1.19048 0.783859 -0.142882 
1.18879 0.791864 -0.140339 
0.880637 0.782278 0.385794 
0.877815 0.792836 0.383373 
0.876351 0.778821 0.102774 
0.871465 0.788699 0.101508 
1.21855 0.781892 -0.0675566 
1.21674 0.789809 -0.06561 
0.785567 0.77787 0.395129 
0.782325 0.789279 0.392048 
0.992532 0.777743 -0.00130352 
0.988245 0.78683 -0.000520634 
1.18818 0.784763 0.0775022 
1.18597 0.792946 0.0783587 
0.725887 0.787491 0.355987 
1.08875 0.783432 -0.107909 
1.08583 0.791952 -0.105536 
1.09351 0.781166 0.227692 
1.091 0.790021 0.227253 
0.73724 0.785877 0.2746 
1.15444 0.781448 -0.154446 
1.15251 0.789619 -0.151718 
0.967422 0.785429 0.340214 
0.802951 0.783145 0.175378 
0.798173 0.793725 0.173048 
1.20279 0.778791 -0.131866 
1.20115 0.786742 -0.129422 
0.850379 0.787063 0.39166 
0.904757 0.783595 0.0755189 
0.899931 0.79326 0.074709 
1.21766 0.777547 -0.0330705 
1.21575 0.785491 -0.0313636 
1.21382 0.79345 -0.0296901 
0.765577 0.777851 0.389482 
0.762204 0.789436 0.386272 
1.0223 0.777592 -0.0316069 
1.01835 0.786501 -0.0302785 
1.16899 0.781982 0.119531 
1.16668 0.790301 0.12006 
0.725497 0.776918 0.340633 
0.721551 0.788721 0.337242 
1.10906 0.783458 -0.128871 
1.10649 0.791864 -0.126291 
1.06125 0.779611 0.263204 
1.0587 0.788702 0.262412 
0.750237 0.785035 0.248713 
1.16877 0.782097 -0.154371 
1.16697 0.790198 -0.151683 
0.935888 0.776996 0.363152 
0.933165 0.787074 0.36118 
0.82718 0.783052 0.147844 
0.822329 0.793373 0.145842 
1.21085 0.784196 -0.11249 
1.20916 0.792121 -0.110211 
0.823424 0.786951 0.394864 
0.938483 0.779612 0.0482077 
0.93379 0.789042 0.047991 
1.21124 0.778134 0.00630106 
1.20921 0.786138 0.00771871 
0.747084 0.782646 0.379535 
1.04709 0.784679 -0.0605979 
1.04349 0.793444 -0.0588489 
1.144 0.781611 0.161223 
1.14161 0.790106 0.161398 
0.725382 0.78289 0.317095 
1.12676 0.784237 -0.142646 
1.12446 0.792548 -0.139963 
1.02634 0.78336 0.294715 
1.02376 0.792718 0.293563 
0.766098 0.786711 0.221341 
1.18168 0.784459 -0.148813 
1.17996 0.792502 -0.146205 
0.900887 0.786575 0.377115 
0.853426 0.784253 0.120602 
1.21707 0.782135 -0.0886966 
1.21533 0.790046 -0.0865956 
0.800834 0.779144 0.396807 
0.797684 0.790417 0.393825 
0.968226 0.783491 0.0196245 
0.963731 0.792732 0.0199463 
1.19881 0.784505 0.0483335 
1.19666 0.792609 0.049416 
0.734957 0.778667 0.368925 
0.731294 0.790486 0.365534 
1.07424 0.779748 -0.0907431 
1.07107 0.788351 -0.0885575 
1.11436 0.78417 0.201188 
1.1119 0.792877 0.20099 
0.73264 0.780488 0.293684 
0.728384 0.792058 0.290451 
1.14439 0.778967 -0.152465 
1.14235 0.787186 -0.149724 
0.991687 0.784252 0.322908 
0.98907 0.793881 0.321422 
0.788171 0.781698 0.195017 
0.783454 0.792451 0.192496 
1.19442 0.782148 -0.140078 
1.19275 0.790135 -0.137561 
0.870805 0.7853 0.387692 
0.886146 0.777601 0.094775 
0.881271 0.787401 0.0936665 
1.21864 0.781095 -0.05752 
1.21679 0.789018 -0.0556447 
0.776608 0.786865 0.391296 
0.99854 0.784621 -0.00971017 
0.994322 0.793677 -0.00882696 
1.18363 0.781402 0.0899993 
1.18139 0.789616 0.0907695 
0.727363 0.777225 0.353774 
0.723533 0.78906 0.350365 
1.09731 0.777042 -0.116869 
1.09454 0.785509 -0.114383 
1.09171 0.793998 -0.111948 
1.08395 0.780402 0.238835 
1.08143 0.789327 0.238289 
0.74328 0.779175 0.268577 
0.738873 0.790551 0.265493 
1.15831 0.784224 -0.15406 
1.15641 0.792377 -0.151351 
0.958119 0.781474 0.347912 
0.95545 0.791372 0.346124 
0.811339 0.78032 0.167561 
0.80653 0.790807 0.165344 
1.20485 0.783644 -0.125597 
1.20319 0.79159 -0.123211 
0.843487 0.781492 0.394356 
0.840537 0.79238 0.391665 
0.914712 0.782874 0.0673489 
0.909918 0.792468 0.0667093 
1.21472 0.783628 -0.0201828 
1.21276 0.7916 -0.0185864 
0.760332 0.776973 0.387417 
0.756913 0.788601 0.384177 
1.02823 0.783885 -0.0398231 
1.02437 0.792763 -0.038399 
1.16267 0.779114 0.13217 
1.16033 0.787476 0.132605 
0.72453 0.779893 0.333459 
0.720544 0.791687 0.330069 
1.11484 0.783057 -0.133983 
1.11236 0.791431 -0.131359 
1.05089 0.780202 0.273233 
1.04832 0.78937 0.272332 
0.757342 0.778969 0.242177 
0.752804 0.790126 0.239273 
1.17281 0.78282 -0.153203 
1.17103 0.790903 -0.150536 
0.923634 0.785208 0.366974 
0.836169 0.780688 0.139989 
0.831299 0.79092 0.138116 
1.21413 0.778993 -0.107334 
1.21244 0.786904 -0.105088 
0.816886 0.782432 0.396341 
0.81383 0.793563 0.393461 
0.948592 0.778707 0.0395908 
0.943955 0.78807 0.0395584 
1.20708 0.783534 0.0195498 
1.20501 0.791573 0.0208524 
0.742504 0.782845 0.376269 
1.05637 0.781453 -0.0703111 
1.0529 0.790162 -0.0684036 
1.13612 0.779622 0.17358 
1.1337 0.788172 0.173654 
0.725402 0.787099 0.308774 
1.13249 0.781866 -0.146429 
1.13028 0.790146 -0.143718 
1.0152 0.785948 0.303353 
0.773856 0.781944 0.214201 
0.769211 0.792875 0.211501 
1.18573 0.783565 -0.146699 
1.18402 0.791591 -0.144115 
0.893969 0.77712 0.382886 
0.891157 0.787556 0.380577 
0.862996 0.782449 0.112764 
0.858106 0.792438 0.111285 
1.21788 0.782546 -0.0797448 
1.21611 0.790458 -0.0777106 
0.791636 0.786958 0.394044 
0.978531 0.781792 0.010659 
0.974118 0.790968 0.011175 
1.1954 0.781276 0.0605989 
1.19322 0.789405 0.0615986 
0.731602 0.779557 0.364376 
0.727893 0.791395 0.360967 
1.07995 0.783536 -0.0979594 
1.07688 0.792107 -0.0957012 
1.10538 0.782893 0.212897 
1.1029 0.791664 0.212594 
0.733587 0.785138 0.284782 
1.14809 0.783107 -0.152571 
1.14608 0.79131 -0.149846 
0.98262 0.779134 0.33161 
0.979972 0.788831 0.330046 
0.796286 0.778306 0.187346 
0.791532 0.788962 0.184932 
1.1983 0.780083 -0.136966 
1.19665 0.788052 -0.134478 
0.863838 0.778449 0.391476 
0.860943 0.789151 0.38894 
0.891137 0.786334 0.0857482 
1.21839 0.779904 -0.0470586 
1.21651 0.787835 -0.0452563 
0.771028 0.784944 0.390125 
1.00872 0.782275 -0.0190658 
1.00461 0.791269 -0.0179912 
1.17856 0.778098 0.102604 
1.17628 0.786347 0.103285 
0.725491 0.779178 0.347672 
0.721618 0.791013 0.344257 
1.10303 0.778361 -0.123001 
1.10035 0.786797 -0.120459 
1.07415 0.779962 0.249675 
1.07162 0.788958 0.249022 
0.745235 0.783924 0.259366 
1.16408 0.778241 -0.156183 
1.16225 0.786363 -0.153461 
0.948752 0.778045 0.355128 
0.946055 0.788016 0.353263 
0.819895 0.777686 0.159684 
0.815059 0.788081 0.157585 
1.20845 0.779987 -0.121402 
1.20679 0.787916 -0.119047 
0.833698 0.787225 0.393948 
0.924709 0.782182 0.0590634 
0.919953 0.791706 0.0585983 
1.21337 0.781527 -0.00873874 
1.21138 0.789512 -0.00722048 
0.751786 0.788152 0.381713 
1.0379 0.781163 -0.0494886 
1.03416 0.789982 -0.0478906 
1.15346 0.784905 0.145136 
1.1511 0.793335 0.145438 
0.72389 0.783306 0.325874 
1.12059 0.781999 -0.138664 
1.11821 0.790342 -0.136002 
1.04028 0.781359 0.282861 
1.03771 0.790609 0.281851 
0.760136 0.784358 0.232596 
1.17686 0.782982 -0.15176 
1.17512 0.791047 -0.149115 
0.914046 0.784123 0.372101 
0.84536 0.778484 0.132109 
0.840475 0.788629 0.130372 
1.21554 0.780972 -0.0994537 
1.21383 0.788882 -0.0972705 
0.810517 0.778162 0.397473 
0.807408 0.789346 0.39456 
0.958755 0.777605 0.0308279 
0.954184 0.786902 0.0309835 
1.20461 0.780712 0.0315454 
1.20251 0.78877 0.0327673 
0.738235 0.783262 0.372637 
1.06543 0.777888 -0.0800527 
1.06211 0.786541 -0.0779956 
1.12787 0.777855 0.185804 
1.12542 0.786462 0.185775 
0.72988 0.779889 0.303504 
0.725683 0.79152 0.300227 
1.13817 0.778989 -0.149893 
1.13605 0.787239 -0.147159 
1.00648 0.779672 0.312867 
1.00386 0.78918 0.311526 
0.78175 0.777664 0.206844 
0.777062 0.788496 0.204245 
1.18973 0.782304 -0.14428 
1.18805 0.790311 -0.141722 
0.884201 0.778953 0.385702 
0.881372 0.789476 0.383315 
0.872685 0.780892 0.104875 
0.867798 0.790801 0.103549 
1.21839 0.782377 -0.07031 
1.21659 0.790294 -0.0683445 
0.785753 0.783916 0.393853 
0.988821 0.779872 0.00152703 
0.9845 0.788984 0.00223765 
1.19152 0.777934 0.073008 
1.18931 0.78609 0.0739238 
0.728689 0.780708 0.359374 
0.724936 0.792559 0.355951 
1.08865 0.778083 -0.107246 
1.08572 0.786601 -0.104863 
1.09614 0.781816 0.224378 
1.09364 0.790652 0.223968 
0.739175 0.778346 0.278926 
0.734822 0.789794 0.275787 
1.15381 0.778493 -0.155204 
1.15187 0.786665 -0.152463 
0.970778 0.784242 0.338303 
0.968136 0.794039 0.336625 
0.799729 0.785799 0.177247 
1.2021 0.77762 -0.133538 
1.20046 0.785572 -0.131079 
1.19879 0.793537 -0.128647 
0.853977 0.782945 0.392205 
0.851072 0.79374 0.389586 
0.901047 0.785455 0.0777401 
1.21781 0.778385 -0.0362184 
1.2159 0.786326 -0.0344909 
0.76558 0.783509 0.388546 
1.01875 0.779826 -0.028578 
1.01476 0.788758 -0.0273171 
1.17064 0.783216 0.115877 
1.16834 0.791523 0.116432 
0.724029 0.781564 0.341086 
0.720114 0.793396 0.337668 
1.10876 0.778909 -0.128704 
1.10618 0.787314 -0.126113 
1.06411 0.779925 0.260178 
1.06156 0.788995 0.259417 
0.751962 0.777533 0.25304 
0.747469 0.788771 0.250068 
1.16805 0.779762 -0.155336 
1.16625 0.787865 -0.152634 
0.936602 0.785252 0.359862 
0.82378 0.785514 0.149788 
1.21027 0.783611 -0.114475 
1.20859 0.791538 -0.11218 
0.82699 0.78236 0.39588 
0.823978 0.793399 0.393071 
0.934754 0.78144 0.050653 
0.930044 0.790896 0.0503667 
1.2117 0.779198 0.00292721 
1.20967 0.787199 0.00436649 
0.74686 0.78803 0.378893 
1.04734 0.77829 -0.0592499 
1.04374 0.787051 -0.0574861 
1.14612 0.782599 0.157612 
1.14374 0.79108 0.157815 
0.723543 0.787111 0.317932 
1.12632 0.780345 -0.142937 
1.12402 0.788657 -0.140242 
1.02943 0.783128 0.292066 
1.02685 0.792462 0.290946 
0.767701 0.779046 0.225679 
0.763091 0.790059 0.222904 
1.18092 0.782646 -0.150026 
1.1792 0.790692 -0.147404 
0.904398 0.783897 0.376521 
0.849839 0.786525 0.122603 
1.21671 0.782236 -0.0911218 
1.21497 0.790147 -0.089003 
0.801164 0.785413 0.395297 
