1.18971 0.00710922 -0.153212 
1.25843 0.00693173 0.0446906 
1.1911 0.00118563 0.110162 
1.21139 0.00402246 -0.183261 
1.21816 0.0063465 0.182598 
1.19447 0.00619915 -0.0663658 
1.25499 0.00762103 -0.0685583 
1.18747 0.002843 0.182793 
1.19163 0.0028989 -0.184156 
1.24712 0.00642401 0.111805 
1.1949 0.00584633 0.0454431 
1.22951 0.00297179 -0.155542 
1.20111 0.00511229 0.200182 
1.19093 0.00727596 -0.126457 
1.26035 0.00421439 0.00184745 
1.18783 0.00606313 0.14371 
1.20267 0.00502026 -0.189412 
1.22985 0.00250569 0.161479 
1.19582 0.00605622 -0.026754 
1.24686 0.000819304 -0.107174 
1.24773 0.00848237 -0.104366 
1.18974 0.00522669 0.196303 
1.18943 0.00418091 -0.169816 
1.25521 0.000320743 0.072654 
1.25458 0.00794767 0.0754816 
1.19258 0.00603574 0.0847124 
1.21937 0.00577419 -0.173164 
1.21001 0.00724597 0.193263 
1.19258 0.00349695 -0.0952482 
1.25834 0.00133819 -0.0408679 
1.18623 0.00711536 0.16964 
1.19475 0.000477291 -0.190381 
1.19641 0.0084019 -0.187651 
1.24022 0.00408274 0.135373 
1.19587 0.00501108 0.0140751 
1.23782 0.00515277 -0.136079 
1.19522 0.0054424 0.201398 
1.18862 2.65319e-05 -0.149905 
1.19001 0.00798827 -0.147007 
1.25933 0.00435066 0.0336475 
1.19055 0.000529878 0.118145 
1.18937 0.00848778 0.121132 
1.20888 0.00306028 -0.185809 
1.22068 0.00699701 0.178649 
1.1948 0.00479584 -0.0575115 
1.25318 0.00442502 -0.0789714 
1.18738 0.00525393 0.187426 
1.19145 0.00608831 -0.180374 
1.24962 0.00275652 0.101922 
1.19454 0.0042301 0.0545951 
1.22714 0.00436424 -0.160218 
1.2036 0.00341883 0.198388 
1.19136 0.00709787 -0.119076 
1.2602 0.00173346 -0.00932174 
1.18729 0.00631966 0.150632 
1.20029 0.0027179 -0.190725 
1.23216 0.00449098 0.156311 
1.19593 0.00432817 -0.0174748 
1.2451 0.00436937 -0.113864 
1.19176 0.00108797 0.196816 
1.18956 0.00600572 -0.164626 
1.25622 0.0050416 0.0648032 
1.19204 0.0048664 0.0933053 
1.21686 0.00582577 -0.176628 
1.21258 0.00688406 0.190238 
1.19303 0.00252102 -0.0869322 
1.25758 0.00620431 -0.0488999 
1.18752 0.000556687 0.1725 
1.18589 0.0085274 0.175303 
1.19432 0.00471862 -0.187663 
1.24218 0.00729502 0.129048 
1.19572 0.00323937 0.0234222 
1.23567 0.00753962 -0.141663 
1.19756 0.00271536 0.200573 
1.18902 0.000627426 -0.143417 
1.19035 0.00858763 -0.140495 
1.25996 0.00182884 0.0225342 
1.19001 7.16613e-05 0.125897 
1.18876 0.00803204 0.128863 
1.20638 0.00177203 -0.18806 
1.22465 0.000198744 0.171704 
1.22318 0.00797253 0.174404 
1.1951 0.00328836 -0.0485249 
1.25111 0.00103422 -0.0891834 
1.25183 0.00867774 -0.0863583 
1.18909 3.96288e-05 0.188972 
1.18735 0.00800062 0.191706 
1.18972 0.000986632 -0.179026 
1.25109 0.00695642 0.0946192 
1.19416 0.00269738 0.0636437 
1.22472 0.00543204 -0.164598 
1.20612 0.00205487 0.19629 
1.19182 0.00670096 -0.111443 
1.25993 0.00682566 -0.0175981 
1.18679 0.0068364 0.157265 
1.19795 7.95777e-05 -0.191726 
1.19962 0.00798678 -0.18901 
1.23441 0.0067871 0.150853 
1.19599 0.0025634 -0.00814573 
1.24324 0.00766084 -0.120301 
1.19209 0.00523697 0.199694 
1.18974 0.00751513 -0.159099 
1.2576 0.00226624 0.0539796 
1.19149 0.00384592 0.101718 
1.21435 0.00555143 -0.179798 
1.21515 0.00684725 0.186916 
1.19348 0.00139128 -0.0784282 
1.25623 0.00333628 -0.0596558 
1.18729 0.00228012 0.177855 
1.19229 0.000685988 -0.187344 
1.19394 0.00862421 -0.184595 
1.24509 0.00309689 0.119694 
1.19552 0.00149988 0.032731 
1.23222 0.00188478 -0.149717 
1.19995 0.000328431 0.199429 
1.19818 0.00822993 0.202095 
1.18946 0.00096268 -0.136633 
1.26018 0.00694652 0.0142361 
1.18816 0.00778939 0.136347 
1.2039 0.000156392 -0.190011 
1.20553 0.00803196 -0.187304 
1.22708 0.00151018 0.167158 
1.19536 0.00169289 -0.0394247 
1.24961 0.00507992 -0.0963634 
1.18918 0.00312651 0.192923 
1.1897 0.00350173 -0.174563 
1.25319 0.00370651 0.0843078 
1.19373 0.00126424 0.0725696 
1.22227 0.00617365 -0.168684 
1.20866 0.00101826 0.19389 
1.19227 0.00610098 -0.103573 
1.25933 0.00426181 -0.0286799 
1.18633 0.00762756 0.163596 
1.19736 0.00502104 -0.1897 
1.23781 0.00167691 0.142367 
1.19601 0.000778597 0.00121241 
1.19596 0.00871012 0.00437665 
1.24024 0.00298434 -0.129259 
1.19429 0.00179102 0.199549 
1.18855 0.000757563 -0.15612 
1.18998 0.00871913 -0.153242 
1.25832 0.00720849 0.0458837 
1.19093 0.00298997 0.109934 
1.21183 0.0049516 -0.182674 
1.21771 0.0071357 0.183298 
1.1939 0.000123606 -0.0697531 
1.19456 0.00806352 -0.0666469 
1.25461 0.000321697 -0.0702562 
1.25517 0.0079494 -0.0674173 
1.18712 0.00432543 0.182868 
1.19202 0.0042515 -0.183949 
1.24683 0.00682891 0.112862 
1.19483 0.00774469 0.045121 
1.22991 0.00363503 -0.15472 
1.20065 0.00616642 0.200645 
1.18992 0.00104688 -0.129566 
1.26035 0.00447479 0.00306044 
1.18758 0.00777526 0.14357 
1.20311 0.0060997 -0.188958 
1.22945 0.00314281 0.162316 
1.19558 2.56957e-05 -0.0302305 
1.19586 0.00795863 -0.0270764 
1.24714 0.00124343 -0.106129 
1.18933 0.00655485 0.196518 
1.18975 0.00568597 -0.169749 
1.25503 0.000636389 0.0738043 
1.25438 0.00826418 0.0766305 
1.19245 0.0078917 0.0844323 
1.21979 0.00658862 -0.172475 
1.21121 0.000307589 0.191191 
1.20954 0.00814984 0.19386 
1.19272 0.00531374 -0.0954804 
1.25846 0.00162237 -0.0396801 
1.18751 0.00073533 0.166789 
1.18592 0.0087065 0.169613 
1.19517 0.00171199 -0.190068 
1.23987 0.00457855 0.136342 
1.19584 0.00692234 0.0137411 
1.23818 0.0057047 -0.135156 
1.19477 0.00661311 0.201756 
1.18889 0.00166886 -0.149968 
1.25925 0.0046197 0.0348497 
1.19037 0.00231421 0.117936 
1.20932 0.00402632 -0.185255 
1.22024 0.00774952 0.179382 
1.19488 0.00667222 -0.0578054 
1.25339 0.00477326 -0.0778509 
1.18701 0.00670018 0.187533 
1.19181 0.00747815 -0.180201 
1.24936 0.0031357 0.103006 
1.19446 0.00612071 0.0542808 
1.22754 0.00506401 -0.159428 
1.20314 0.0044356 0.198885 
1.19041 0.000895142 -0.12223 
1.26023 0.00199607 -0.0081108 
1.18847 3.75767e-05 0.147622 
1.18703 0.0080049 0.150517 
1.20073 0.00383511 -0.190305 
1.23177 0.00509276 0.157181 
1.19595 0.00623551 -0.017803 
1.24539 0.00482161 -0.112846 
1.19135 0.00237653 0.197068 
1.18987 0.00754563 -0.164591 
1.25606 0.00534256 0.0659694 
1.1919 0.00670764 0.0930401 
1.2173 0.00667714 -0.175972 
1.21212 0.0077512 0.190868 
1.19317 0.0043551 -0.0871821 
1.25771 0.00650008 -0.0477244 
1.1872 0.00211312 0.172507 
1.19472 0.0059903 -0.187382 
1.24294 7.57176e-05 0.127279 
1.24185 0.00776028 0.130046 
1.19568 0.00514828 0.0230903 
1.23485 0.000406133 -0.143534 
1.23603 0.00812589 -0.140771 
1.19711 0.00384754 0.200966 
1.18927 0.00229919 -0.143507 
1.2599 0.00209264 0.0237428 
1.18981 0.00183429 0.12571 
1.20682 0.00277508 -0.187539 
1.22423 0.00091255 0.172473 
1.22274 0.00868846 0.175169 
1.19517 0.00517504 -0.0488299 
1.25135 0.00140487 -0.0880859 
1.18872 0.00144712 0.189116 
1.19008 0.00241535 -0.17889 
1.25085 0.00731343 0.0957255 
1.19406 0.0045785 0.0633392 
1.22514 0.0061686 -0.163841 
1.20566 0.00303456 0.196821 
1.19091 0.000522953 -0.11464 
1.19199 0.00847556 -0.111632 
1.25998 0.00709265 -0.0163918 
1.18801 0.000523781 0.154306 
1.18651 0.00849313 0.157177 
1.19839 0.00123492 -0.191341 
1.23403 0.00735433 0.151754 
1.196 0.00447387 -0.00847763 
1.24255 0.000459845 -0.122102 
1.24355 0.00814302 -0.119311 
1.19167 0.00648825 0.199979 
1.18855 0.00112787 -0.161952 
1.25746 0.00255424 0.0551604 
1.19133 0.00567075 0.101469 
1.21479 0.00643969 -0.179175 
1.2147 0.00767768 0.187579 
1.1936 0.00324092 -0.0786942 
1.25639 0.00364666 -0.0584958 
1.18695 0.00380228 0.177893 
1.19269 0.001997 -0.1871 
1.24479 0.00353188 0.120722 
1.19547 0.00340468 0.0324031 
1.23261 0.00250816 -0.14886 
1.1995 0.0014225 0.199857 
1.18969 0.00266229 -0.13675 
1.26015 0.00720767 0.015448 
1.18926 0.0015658 0.133239 
1.20435 0.00119661 -0.189523 
1.22666 0.00218766 0.167959 
1.19542 0.00358812 -0.0397391 
1.24987 0.00547421 -0.0952893 
1.18879 0.00449678 0.1931 
1.19005 0.00496691 -0.174459 
1.25297 0.00404264 0.0854363 
1.19363 0.00313417 0.0722765 
1.22269 0.00694714 -0.16796 
1.2082 0.00196107 0.194454 
1.19243 0.00789651 -0.103783 
1.25941 0.00453575 -0.0274809 
1.18759 0.00128305 0.16069 
1.19778 0.00621262 -0.189347 
1.23745 0.00220885 0.143302 
1.19601 0.00269044 0.000878663 
1.24058 0.00349968 -0.128302 
1.19385 0.00300304 0.19987 
1.18883 0.00236532 -0.15615 
1.2582 0.00748661 0.0470756 
1.19076 0.0047967 0.109703 
1.21227 0.00587673 -0.182083 
1.21883 0.000126252 0.181309 
1.21726 0.00792941 0.183993 
1.19401 0.0019871 -0.0700336 
1.2548 0.00064926 -0.0691143 
1.25535 0.00827611 -0.0662742 
1.18676 0.00581232 0.182938 
1.1924 0.0055998 -0.183738 
1.24654 0.00723709 0.113916 
1.19522 0.00170817 0.0416586 
1.2303 0.00429442 -0.153894 
1.20018 0.00722513 0.201104 
1.19014 0.00277269 -0.129708 
1.26034 0.00473546 0.00427343 
1.18872 0.00152424 0.14051 
1.20354 0.00717504 -0.1885 
1.22905 0.00378433 0.16315 
1.19563 0.00192774 -0.0305524 
1.24742 0.00166481 -0.105082 
1.18892 0.00788773 0.196728 
1.19008 0.00718696 -0.169678 
1.25484 0.000954221 0.0749526 
1.25419 0.00858289 0.0777774 
1.19316 0.00180367 0.081074 
1.22022 0.00739907 -0.171783 
1.21075 0.00121364 0.191788 
1.19287 0.00712848 -0.09571 
1.25856 0.00190574 -0.0384912 
1.18721 0.00232888 0.166762 
1.19558 0.00294242 -0.189751 
1.23953 0.00507828 0.137307 
1.19596 0.000901972 0.0102447 
1.23852 0.00625308 -0.134229 
1.19432 0.00778849 0.202109 
1.18915 0.00330772 -0.150027 
1.25916 0.00488981 0.0360511 
1.19018 0.00410114 0.117725 
1.20977 0.00498835 -0.184697 
1.22133 0.000716069 0.177422 
1.2198 0.00850655 0.180111 
1.19439 0.000609556 -0.0612178 
1.19497 0.00854738 -0.0580976 
1.2536 0.00511957 -0.0767281 
1.18836 0.000185696 0.184884 
1.18664 0.00815099 0.187635 
1.19055 0.000915611 -0.182795 
1.2491 0.00351791 0.104087 
1.19492 7.5224e-05 0.050836 
1.19438 0.00801243 0.0539656 
1.22795 0.00575986 -0.158634 
1.20268 0.00545692 0.199378 
1.19061 0.00264545 -0.122397 
1.26026 0.00225868 -0.00689955 
1.18821 0.00172491 0.147507 
1.20116 0.00494818 -0.189882 
