1.05108 0.779604 -0.0598363 
1.04752 0.78835 -0.0580599 
1.13796 0.780367 0.166271 
1.13554 0.788901 0.166396 
0.732099 0.781074 0.311609 
0.727987 0.792725 0.308329 
1.12859 0.782451 -0.137601 
1.12628 0.790758 -0.134963 
1.01884 0.783968 0.297512 
1.01623 0.793382 0.296304 
0.775196 0.785644 0.214899 
1.18411 0.776979 -0.141702 
1.18237 0.785014 -0.139138 
1.18059 0.793063 -0.136605 
0.895685 0.781975 0.376872 
0.892877 0.792397 0.374582 
0.864593 0.784454 0.113805 
1.2141 0.783783 -0.0728351 
1.21228 0.791721 -0.0708499 
0.797194 0.778878 0.39144 
0.793988 0.790175 0.38845 
0.981076 0.781856 0.0115887 
0.976698 0.791024 0.0121158 
1.19004 0.781737 0.0670384 
1.18783 0.7899 0.067982 
0.735231 0.781986 0.358223 
0.73151 0.793778 0.354851 
1.08305 0.780489 -0.0963984 
1.08001 0.789046 -0.0941445 
1.09761 0.784605 0.217745 
1.09511 0.79343 0.217373 
0.739481 0.787978 0.277423 
1.14974 0.782433 -0.145937 
1.1477 0.790633 -0.14327 
0.973414 0.784074 0.33304 
0.970756 0.793847 0.331402 
0.804145 0.782688 0.179086 
0.799401 0.793276 0.176759 
1.19836 0.781631 -0.125229 
1.19664 0.78961 -0.122828 
0.857396 0.780192 0.388181 
0.854462 0.790948 0.385609 
0.90615 0.781358 0.0788308 
0.901351 0.791024 0.078025 
1.21306 0.781516 -0.0284212 
1.2111 0.78949 -0.0267582 
0.769999 0.779247 0.38472 
0.766622 0.790783 0.381551 
1.02034 0.782853 -0.0275833 
1.01637 0.791784 -0.0263417 
1.16566 0.7777 0.122283 
1.16332 0.786037 0.122798 
0.730932 0.777026 0.336065 
0.726979 0.788766 0.332729 
1.11142 0.776809 -0.125539 
1.10886 0.785204 -0.122976 
1.10624 0.793618 -0.12046 
1.05457 0.784932 0.264315 
1.05201 0.794075 0.263468 
0.757236 0.784927 0.243819 
1.16965 0.779432 -0.147071 
1.16781 0.787535 -0.144436 
0.928589 0.78531 0.360731 
0.835623 0.784006 0.142454 
1.21093 0.776939 -0.102568 
1.20921 0.784869 -0.100346 
1.20745 0.792812 -0.098154 
0.82268 0.778418 0.392615 
0.819597 0.789485 0.389801 
0.94866 0.779986 0.0422678 
0.944044 0.789359 0.0422046 
1.20357 0.781701 0.0233068 
1.20147 0.78976 0.0245846 
0.745562 0.788136 0.370305 
1.05738 0.780764 -0.0672161 
1.05392 0.789473 -0.0653396 
1.13135 0.777954 0.176735 
1.1289 0.786533 0.176777 
0.733831 0.780239 0.305702 
0.729676 0.791849 0.302452 
1.1344 0.776937 -0.141716 
1.13218 0.785212 -0.139039 
1.12992 0.793502 -0.136402 
1.00947 0.785516 0.304819 
0.779722 0.786907 0.207444 
1.18623 0.782043 -0.137753 
1.18448 0.790072 -0.135234 
0.888062 0.780814 0.37995 
0.885228 0.791302 0.377603 
0.875496 0.777763 0.107737 
0.870636 0.787663 0.10644 
1.21466 0.782857 -0.0650101 
1.21281 0.790797 -0.063081 
0.790234 0.78311 0.389463 
0.987924 0.784357 0.00410711 
0.98361 0.793486 0.00475645 
1.1868 0.778062 0.0775456 
1.18456 0.786248 0.0784203 
0.734342 0.778414 0.355159 
0.730566 0.790194 0.351799 
1.08917 0.779458 -0.103087 
1.08623 0.787979 -0.100753 
1.08986 0.782929 0.227445 
1.08735 0.791809 0.226985 
0.742371 0.787517 0.270912 
1.15351 0.783112 -0.1464 
1.15152 0.791294 -0.143738 
0.966187 0.778004 0.340266 
0.963494 0.78783 0.338571 
0.809028 0.785091 0.171366 
1.20194 0.777236 -0.122628 
1.20024 0.785197 -0.120245 
1.19851 0.793171 -0.117891 
0.84973 0.781823 0.389054 
0.846776 0.79265 0.386422 
0.912446 0.785155 0.0715105 
1.21238 0.77919 -0.0190699 
1.2104 0.787172 -0.0174693 
0.763426 0.785465 0.381067 
1.027 0.784701 -0.0350823 
1.02311 0.793593 -0.0337256 
1.15807 0.782845 0.133465 
1.15571 0.791238 0.133866 
0.727709 0.78675 0.327887 
1.11487 0.781379 -0.128226 
1.11236 0.789758 -0.125653 
1.04589 0.784669 0.272829 
1.04332 0.793876 0.271892 
0.761283 0.785042 0.236809 
1.17355 0.777809 -0.146609 
1.17175 0.785893 -0.143985 
1.16991 0.79399 -0.141391 
0.921117 0.781528 0.36589 
0.918365 0.791732 0.363803 
0.841182 0.786764 0.134903 
1.21231 0.778023 -0.0961647 
1.21056 0.785951 -0.0939935 
1.20879 0.793892 -0.091853 
0.815339 0.781424 0.391944 
0.812239 0.792561 0.389071 
0.955268 0.783325 0.0348552 
0.950697 0.792658 0.0349066 
1.20163 0.778502 0.0334229 
1.1995 0.786577 0.0346349 
0.743333 0.783891 0.368501 
1.06363 0.781612 -0.0745026 
1.06027 0.790284 -0.0725294 
1.12201 0.784313 0.18707 
1.11955 0.792963 0.18699 
0.735786 0.779568 0.299621 
0.731588 0.791135 0.296404 
1.13799 0.779319 -0.142916 
1.13582 0.787577 -0.140242 
1.00261 0.777997 0.313148 
0.999963 0.787531 0.311789 
0.788991 0.777688 0.202429 
0.78431 0.788455 0.199909 
1.19003 0.778826 -0.136128 
1.18831 0.786837 -0.133624 
0.88041 0.780306 0.382534 
0.877552 0.79086 0.38013 
0.881605 0.781152 0.10034 
0.876755 0.791004 0.0991345 
1.21498 0.781558 -0.0568254 
1.21311 0.789502 -0.0549535 
0.78335 0.787755 0.387122 
0.999012 0.777622 -0.00422262 
0.994799 0.786678 -0.00335886 
1.18093 0.782575 0.0889652 
1.17867 0.790805 0.0897332 
0.729993 0.786856 0.348392 
1.09525 0.777869 -0.109556 
1.09241 0.786355 -0.107148 
1.08193 0.781422 0.236967 
1.0794 0.790359 0.23642 
0.745512 0.787095 0.264315 
1.15733 0.78333 -0.146702 
1.15537 0.791494 -0.144047 
0.956195 0.78215 0.34544 
0.953506 0.792061 0.34365 
0.818812 0.77716 0.165794 
0.814015 0.787587 0.163668 
1.20376 0.780398 -0.117388 
1.20204 0.788355 -0.115052 
0.842094 0.78382 0.38958 
0.923541 0.7794 0.064732 
0.918799 0.788942 0.064225 
1.21147 0.776681 -0.0095003 
1.20946 0.784672 -0.00796293 
1.20744 0.792681 -0.00646034 
0.760389 0.780428 0.380318 
0.756944 0.792046 0.377086 
1.03734 0.777602 -0.0440879 
1.03359 0.786428 -0.0425393 
1.15245 0.779843 0.144131 
1.15006 0.788274 0.144453 
0.72871 0.785081 0.322733 
1.12079 0.777104 -0.133193 
1.11837 0.785449 -0.130569 
1.11591 0.793812 -0.12799 
1.03703 0.784823 0.281061 
1.03445 0.794097 0.280034 
0.76549 0.785403 0.229685 
1.17568 0.783866 -0.143312 
1.17387 0.791943 -0.140729 
0.913615 0.778325 0.370568 
0.910833 0.78859 0.368426 
0.851741 0.779484 0.129083 
0.846882 0.789587 0.127423 
1.21351 0.778562 -0.0894237 
1.21175 0.786489 -0.0873043 
0.808088 0.784698 0.390956 
0.966469 0.777192 0.027196 
0.961968 0.786449 0.0274612 
1.19726 0.78323 0.044816 
1.1951 0.79134 0.0459257 
0.741409 0.779785 0.366416 
0.737765 0.79154 0.363078 
1.06985 0.782082 -0.081677 
1.06659 0.790718 -0.0796109 
1.11488 0.782221 0.197258 
1.1124 0.79092 0.197093 
0.737967 0.779009 0.293397 
0.733727 0.790531 0.290214 
1.14163 0.781305 -0.143907 
1.1395 0.789545 -0.141237 
0.99298 0.780392 0.319861 
0.99033 0.790005 0.318409 
0.793656 0.779549 0.194774 
0.788954 0.790259 0.192312 
1.19208 0.78336 -0.131774 
1.19035 0.791365 -0.129315 
0.872737 0.780417 0.384647 
0.869855 0.791039 0.382186 
0.887774 0.784669 0.0929962 
1.21507 0.779942 -0.0482994 
1.21317 0.78789 -0.0464862 
0.779833 0.781376 0.387528 
0.776537 0.792831 0.384416 
1.00581 0.779829 -0.0117919 
1.00168 0.788845 -0.0108073 
1.17692 0.778933 0.0996035 
1.17463 0.787191 0.1003 
0.729782 0.783806 0.34462 
1.09855 0.784167 -0.113301 
1.09577 0.792638 -0.110875 
1.07383 0.780128 0.246291 
1.07128 0.789124 0.245655 
0.748899 0.786737 0.257628 
1.16119 0.783079 -0.146837 
1.15927 0.791224 -0.14419 
0.948866 0.776836 0.351972 
0.946143 0.786802 0.350126 
0.823932 0.779773 0.158068 
0.819122 0.790146 0.156009 
1.20548 0.783103 -0.111918 
1.20376 0.791056 -0.109632 
0.834505 0.786127 0.389783 
0.929931 0.783168 0.0573724 
0.925221 0.792668 0.0569713 
1.20829 0.781999 0.00173347 
1.20624 0.790018 0.0031718 
0.754029 0.787264 0.376076 
1.04378 0.779217 -0.0516013 
1.04012 0.788005 -0.0499457 
1.14648 0.777035 0.154774 
1.14407 0.785506 0.155015 
1.14168 0.794 0.15522 
0.72996 0.783729 0.317298 
1.1243 0.780728 -0.135217 
1.12193 0.789057 -0.132589 
1.028 0.785423 0.288998 
0.769826 0.786042 0.222448 
1.17959 0.781497 -0.14241 
1.17781 0.789555 -0.139838 
0.90327 0.786072 0.372548 
0.857573 0.782445 0.121592 
0.852713 0.792497 0.120015 
1.21453 0.778581 -0.0823251 
1.21275 0.786507 -0.0802587 
0.80411 0.777038 0.392574 
0.80093 0.78827 0.389636 
0.9732 0.780131 0.0196999 
0.968754 0.789348 0.0200846 
1.19472 0.779739 0.0551235 
1.19253 0.787867 0.0561662 
0.736119 0.787579 0.3607 
1.07604 0.782113 -0.0887173 
1.07288 0.790713 -0.086562 
1.10754 0.780245 0.207327 
1.10504 0.788995 0.207074 
0.740382 0.77852 0.287054 
0.736101 0.789995 0.283906 
1.14531 0.782883 -0.144713 
1.14322 0.791106 -0.142047 
0.98324 0.783238 0.326206 
0.98059 0.792931 0.32466 
0.798378 0.781628 0.187078 
0.793657 0.792283 0.184676 
1.19579 0.779625 -0.129683 
1.19408 0.787613 -0.12724 
0.865051 0.781096 0.386318 
0.862148 0.791786 0.383799 
0.898815 0.778577 0.0866255 
0.893992 0.788295 0.0857017 
1.21491 0.778056 -0.0394581 
1.21299 0.78601 -0.0377048 
1.21105 0.793979 -0.0359852 
0.773098 0.786821 0.384521 
1.01259 0.781906 -0.019339 
1.00853 0.790882 -0.0182348 
1.1702 0.783663 0.11094 
1.16789 0.791971 0.111526 
0.729915 0.781081 0.340481 
0.726022 0.792859 0.337115 
1.10463 0.781427 -0.11919 
1.10196 0.789862 -0.116698 
1.06554 0.7791 0.255394 
1.06297 0.788156 0.254669 
0.75252 0.786481 0.250845 
1.16508 0.782361 -0.146793 
1.16319 0.790487 -0.144155 
0.938752 0.781954 0.356227 
0.936035 0.79201 0.354287 
0.829188 0.782431 0.150392 
0.824366 0.792752 0.148404 
1.20883 0.777371 -0.108463 
1.20711 0.785307 -0.106196 
1.20537 0.793257 -0.103958 
0.830033 0.777705 0.392436 
0.826977 0.788704 0.389675 
0.941059 0.777402 0.0502359 
0.936397 0.786824 0.0500399 
1.20688 0.779152 0.0115973 
1.2048 0.787184 0.0129709 
0.751319 0.782685 0.374812 
1.05015 0.78064 -0.0590505 
1.04658 0.789391 -0.0572911 
1.13777 0.782927 0.165529 
1.13535 0.791463 0.165651 
0.731444 0.782652 0.311618 
1.12785 0.783924 -0.136942 
1.12554 0.792236 -0.134313 
1.02143 0.777101 0.2978 
1.0188 0.786489 0.296625 
0.774264 0.786977 0.215103 
1.18347 0.778828 -0.14127 
1.18172 0.786867 -0.138712 
0.895675 0.784211 0.37616 
0.863516 0.785514 0.114168 
1.21535 0.778118 -0.0748577 
1.21354 0.786045 -0.0728455 
1.21172 0.793987 -0.0708651 
0.797057 0.780879 0.390968 
0.793862 0.79218 0.387972 
0.980001 0.782849 0.0122186 
0.975615 0.792025 0.0127244 
1.18965 0.78428 0.0665288 
1.18744 0.792447 0.0674674 
0.734827 0.783787 0.358003 
1.0822 0.781653 -0.0955978 
1.07914 0.790216 -0.0933576 
1.1 0.778387 0.217258 
1.09749 0.78719 0.216918 
0.743038 0.778072 0.280607 
0.738718 0.789499 0.277497 
1.14904 0.784037 -0.145349 
1.147 0.792242 -0.142688 
0.97609 0.776786 0.333765 
0.973405 0.786531 0.33216 
0.803168 0.783884 0.179363 
1.19774 0.783573 -0.124919 
1.19601 0.791555 -0.122523 
0.857365 0.782278 0.387581 
0.854442 0.793038 0.385004 
0.905061 0.782328 0.079277 
0.900259 0.792003 0.0784516 
1.21256 0.783902 -0.0286398 
1.2106 0.791879 -0.0269816 
0.769798 0.78115 0.384337 
0.766431 0.792691 0.381162 
1.01933 0.783868 -0.0268589 
1.01535 0.792806 -0.025637 
1.16538 0.780267 0.121633 
1.16304 0.788608 0.122143 
0.730371 0.778708 0.335984 
0.726426 0.790458 0.332639 
1.11064 0.77816 -0.124798 
1.10807 0.786561 -0.122245 
1.05707 0.778392 0.264254 
1.05449 0.787511 0.26344 
0.756358 0.786376 0.24396 
1.16898 0.781191 -0.146556 
1.16713 0.789298 -0.143927 
0.931335 0.777568 0.361914 
0.928586 0.787681 0.359918 
0.834587 0.785132 0.142777 
1.21035 0.779045 -0.102408 
1.20861 0.786979 -0.100191 
0.822597 0.78046 0.392083 
0.819525 0.79153 0.389263 
0.947573 0.780944 0.0428166 
0.942952 0.790325 0.0427324 
1.20312 0.784176 0.02292 
1.20102 0.79224 0.0241927 
0.748847 0.778277 0.373292 
0.745279 0.78998 0.369998 
1.05646 0.781817 -0.0664231 
1.05299 0.790532 -0.0645631 
1.13117 0.780517 0.175976 
1.12873 0.789099 0.176014 
0.733153 0.781799 0.305729 
0.729006 0.79342 0.30247 
1.13368 0.778433 -0.141068 
1.13145 0.786712 -0.138399 
1.01208 0.778564 0.305198 
1.00944 0.788025 0.303929 
0.783433 0.777377 0.210253 
0.77878 0.788213 0.207662 
1.18559 0.783912 -0.137347 
1.18383 0.791946 -0.134833 
0.888048 0.783016 0.379263 
0.885226 0.793506 0.376912 
0.874413 0.778799 0.108126 
0.869553 0.788708 0.10681 
1.21594 0.777222 -0.0670199 
1.21411 0.785151 -0.0650633 
1.21226 0.793095 -0.0631389 
0.790088 0.785098 0.389005 
0.986853 0.785361 0.00475219 
1.18643 0.780617 0.0770081 
1.1842 0.788807 0.0778778 
0.733903 0.780198 0.354966 
0.730137 0.791987 0.351598 
1.08833 0.780659 -0.102291 
1.08538 0.789187 -0.0999701 
1.08974 0.785521 0.226606 
0.745942 0.777656 0.274068 
0.741583 0.789031 0.270998 
1.15282 0.784748 -0.145824 
1.15082 0.792935 -0.143169 
0.966174 0.78045 0.339395 
0.963491 0.790278 0.337697 
0.808042 0.786274 0.17165 
1.20133 0.779202 -0.122341 
1.19962 0.787167 -0.119963 
0.849693 0.783897 0.388468 
0.911355 0.78612 0.0719673 
1.21189 0.781594 -0.0193233 
1.2099 0.789579 -0.0177276 
0.763217 0.787355 0.380697 
1.02985 0.776851 -0.0357649 
1.026 0.785721 -0.0343452 
1.16018 0.777039 0.132353 
1.15781 0.785414 0.132787 
1.15546 0.79381 0.133184 
0.731122 0.776695 0.331146 
0.727128 0.788414 0.327824 
1.1141 0.782768 -0.127509 
1.11157 0.791152 -0.124946 
1.04842 0.778055 0.272853 
1.04582 0.787239 0.271948 
0.760387 0.786469 0.236965 
1.1729 0.779596 -0.146112 
1.17108 0.787683 -0.143493 
0.921109 0.783873 0.3651 
0.918368 0.794079 0.363009 
0.844986 0.777715 0.136988 
0.840133 0.78788 0.13523 
1.21173 0.780171 -0.0960434 
1.20997 0.788103 -0.0938769 
0.815245 0.783464 0.391423 
0.954179 0.784295 0.0354179 
0.949602 0.793635 0.035448 
1.20119 0.780996 0.0330076 
1.19906 0.789075 0.0342145 
0.743021 0.785726 0.368214 
1.06273 0.782687 -0.073704 
1.05936 0.791365 -0.0717468 
1.12431 0.778254 0.186336 
1.12184 0.786884 0.186289 
0.735085 0.781114 0.299664 
0.730895 0.792692 0.296437 
1.13728 0.780843 -0.142284 
1.13509 0.789105 -0.139618 
1.00258 0.780492 0.31226 
0.999943 0.790029 0.310898 
0.788036 0.778955 0.202673 
0.78336 0.789734 0.20014 
1.1894 0.780712 -0.135743 
1.18767 0.788726 -0.133243 
0.880394 0.782476 0.381871 
0.877546 0.793033 0.379463 
0.880517 0.782174 0.100736 
0.875667 0.792035 0.0995129 
1.21445 0.783882 -0.0569206 
1.21258 0.791829 -0.0550536 
0.786468 0.778336 0.389738 
0.783196 0.789727 0.386679 
0.997958 0.778628 -0.00354156 
0.993735 0.787691 -0.00269866 
1.18285 0.776928 0.0875957 
1.18058 0.785143 0.0883953 
1.17833 0.793377 0.0891585 
0.733349 0.776856 0.351573 
0.729529 0.788629 0.348219 
1.09443 0.779109 -0.108767 
1.09158 0.787601 -0.106371 
1.08182 0.784018 0.236117 
1.0793 0.792958 0.235566 
0.749096 0.777278 0.26744 
0.744699 0.7886 0.264413 
1.15857 0.776845 -0.148821 
1.15665 0.784999 -0.146139 
1.15468 0.793167 -0.143491 
0.956188 0.784585 0.344577 
0.81781 0.77832 0.166099 
0.813017 0.788758 0.163958 
1.20315 0.782397 -0.11713 
1.20143 0.790358 -0.1148 
0.84205 0.785885 0.389007 
0.922451 0.780356 0.0652202 
0.917706 0.789905 0.0646929 
1.21099 0.779103 -0.00978664 
1.20897 0.787098 -0.00825424 
0.760159 0.782302 0.379966 
0.756725 0.793926 0.376727 
1.03637 0.778622 -0.0433208 
1.03261 0.787454 -0.0417906 
1.15221 0.78241 0.143432 
1.14984 0.790845 0.14375 
0.728103 0.786717 0.322695 
1.12004 0.778522 -0.132489 
1.11761 0.786872 -0.129875 
1.03958 0.778131 0.281172 
1.03698 0.787381 0.280176 
0.764578 0.786804 0.229856 
1.1768 0.777613 -0.145447 
1.17502 0.785681 -0.142839 
1.1732 0.793763 -0.140262 
0.913603 0.780639 0.369803 
0.910832 0.790906 0.367656 
0.850679 0.780579 0.129432 
0.845822 0.790692 0.127755 
1.21294 0.780752 -0.0893425 
1.21117 0.788683 -0.0872279 
0.807984 0.786732 0.390446 
0.965385 0.778166 0.0277942 
0.960877 0.787431 0.0280381 
1.19899 0.777652 0.0432266 
1.19683 0.785747 0.0443673 
1.19467 0.793861 0.0454719 
0.741065 0.781612 0.366151 
0.737432 0.793374 0.362805 
1.06896 0.783184 -0.0808749 
1.06569 0.791825 -0.078824 
1.11473 0.784798 0.196462 
1.11226 0.7935 0.196293 
0.737243 0.780544 0.293455 
0.733011 0.792077 0.290261 
