1.05412 0.777662 -0.0868586 
1.05067 0.786352 -0.0847394 
1.16075 0.781907 0.157725 
1.15846 0.790298 0.157976 
0.69884 0.780678 0.334357 
0.69473 0.792693 0.330749 
1.12912 0.783033 -0.176767 
1.12709 0.791302 -0.173793 
1.0436 0.782067 0.297198 
1.04112 0.791304 0.296127 
0.738267 0.777182 0.241106 
0.733599 0.788453 0.238038 
1.18321 0.784597 -0.191084 
1.18178 0.792603 -0.188193 
0.917791 0.78047 0.389534 
0.91516 0.790719 0.387331 
0.814583 0.786341 0.137754 
1.22788 0.776849 -0.146498 
1.2265 0.784663 -0.144019 
1.22509 0.792486 -0.141562 
0.806104 0.784402 0.418843 
0.926858 0.782856 0.0405461 
0.922007 0.79231 0.0402519 
1.23063 0.78171 -0.0220155 
1.22878 0.789593 -0.0204029 
0.728707 0.777769 0.404832 
0.725284 0.789744 0.401299 
1.03937 0.781351 -0.0700671 
1.03568 0.790129 -0.0682104 
1.17513 0.777325 0.13601 
1.17287 0.785613 0.13646 
1.17063 0.793922 0.136875 
0.697046 0.781678 0.345429 
0.693026 0.79376 0.341777 
1.1213 0.781046 -0.170156 
1.11913 0.789355 -0.167212 
1.06118 0.77882 0.281548 
1.0587 0.787922 0.280657 
0.726493 0.786821 0.251609 
1.17779 0.777293 -0.195449 
1.17637 0.785321 -0.192502 
1.17489 0.793359 -0.189578 
0.932984 0.785859 0.37935 
0.805302 0.779526 0.15261 
0.80033 0.789968 0.150376 
1.22301 0.778545 -0.156112 
1.22165 0.786377 -0.153561 
0.81867 0.787502 0.416998 
0.910876 0.782998 0.0541115 
0.905953 0.792559 0.0535253 
1.23277 0.784413 -0.041437 
1.23098 0.792273 -0.0396953 
0.735204 0.784943 0.407189 
1.02397 0.784816 -0.0536511 
1.02005 0.793686 -0.052081 
1.18589 0.781735 0.114532 
1.18368 0.789951 0.115138 
0.696115 0.783793 0.355486 
1.11353 0.77735 -0.16235 
1.11123 0.785699 -0.159445 
1.10887 0.794064 -0.15658 
1.07814 0.777189 0.264732 
1.07568 0.786165 0.26402 
0.72005 0.785818 0.264868 
1.16966 0.784375 -0.193294 
1.16814 0.792444 -0.190339 
0.950608 0.782799 0.369684 
0.948036 0.792773 0.367751 
0.791455 0.783392 0.165385 
0.78653 0.793987 0.162964 
1.21781 0.778626 -0.164797 
1.21647 0.786479 -0.162178 
0.834388 0.780361 0.417085 
0.831535 0.791356 0.414257 
0.894974 0.783138 0.0673681 
0.889997 0.792808 0.0665021 
1.23586 0.778738 -0.0621924 
1.23415 0.786567 -0.0602942 
0.745418 0.781153 0.41212 
0.742146 0.792987 0.408682 
1.01209 0.779241 -0.039093 
1.00801 0.788178 -0.0377373 
1.19739 0.778456 0.0924132 
1.19523 0.78659 0.0932031 
0.696215 0.787083 0.364366 
1.10342 0.780138 -0.150459 
1.10091 0.788544 -0.14765 
1.09452 0.776978 0.246821 
1.09208 0.785834 0.246287 
0.714343 0.785177 0.277913 
1.16309 0.781775 -0.193528 
1.16152 0.789875 -0.190544 
0.968021 0.781293 0.358552 
0.965463 0.791122 0.356773 
0.782856 0.777079 0.180565 
0.77796 0.787773 0.178039 
1.21238 0.777372 -0.172702 
1.21106 0.785246 -0.170016 
1.20969 0.793129 -0.167351 
0.847377 0.78543 0.413209 
0.879149 0.783594 0.0803516 
0.874136 0.793379 0.0792175 
1.23637 0.780218 -0.0803873 
1.23472 0.788033 -0.0783679 
0.755881 0.778591 0.415985 
0.752661 0.790325 0.412623 
0.995945 0.782308 -0.023436 
0.991663 0.791341 -0.0223954 
1.20525 0.783476 0.0712578 
1.20314 0.791557 0.0721908 
0.701288 0.779214 0.375692 
0.697522 0.791368 0.372009 
1.09313 0.780983 -0.137598 
1.09042 0.789447 -0.134904 
1.11034 0.777839 0.227952 
1.10793 0.786583 0.227594 
0.709399 0.784635 0.290827 
1.15668 0.777635 -0.19327 
1.15506 0.785764 -0.190258 
1.15338 0.793904 -0.187273 
0.985189 0.781143 0.346183 
0.982649 0.790833 0.344558 
0.769559 0.782026 0.193149 
0.764721 0.792881 0.190454 
1.20548 0.782964 -0.177182 
1.20413 0.79087 -0.174452 
0.863223 0.781292 0.41069 
0.860468 0.792023 0.408067 
0.86343 0.784614 0.0931162 
1.23603 0.780802 -0.0975814 
1.23446 0.788607 -0.0954459 
0.76663 0.77737 0.418693 
0.763466 0.789001 0.415407 
0.979599 0.784965 -0.00833641 
0.975143 0.794095 -0.00761924 
1.21383 0.780241 0.0494053 
1.21177 0.788258 0.0505113 
0.703794 0.784191 0.382158 
1.08271 0.779922 -0.123967 
1.07979 0.788446 -0.121406 
1.12559 0.779441 0.208292 
1.12321 0.788077 0.208109 
0.705196 0.784069 0.303611 
1.14877 0.78026 -0.189491 
1.14703 0.788429 -0.186481 
1.00204 0.78225 0.332772 
0.999522 0.791808 0.331301 
0.761263 0.776997 0.20813 
0.756462 0.787956 0.205338 
1.19981 0.77982 -0.183733 
1.19847 0.787749 -0.180941 
0.87898 0.779311 0.406506 
0.876258 0.789898 0.404004 
0.847869 0.786358 0.105726 
1.23483 0.780265 -0.113619 
1.23332 0.788066 -0.111373 
0.777733 0.777484 0.420215 
0.774628 0.78901 0.417003 
0.967788 0.777837 0.00576995 
0.963216 0.787034 0.00626829 
1.2191 0.784625 0.0289328 
1.2171 0.792604 0.030174 
0.711176 0.777558 0.391167 
0.707569 0.789666 0.387531 
1.07218 0.777203 -0.109756 
1.06906 0.785787 -0.107345 
1.14017 0.781617 0.188 
1.13782 0.790151 0.187991 
0.701689 0.783588 0.316158 
1.14088 0.781653 -0.185112 
1.13903 0.789862 -0.182109 
1.01848 0.78463 0.318449 
1.01599 0.794062 0.31713 
0.748338 0.783965 0.219937 
1.19279 0.783747 -0.186826 
1.19142 0.791709 -0.183995 
0.894586 0.779671 0.400535 
0.891904 0.790121 0.398151 
0.837594 0.778724 0.120023 
0.832559 0.788849 0.118245 
1.2328 0.778356 -0.128437 
1.23135 0.786157 -0.126087 
1.22988 0.793969 -0.123761 
0.789253 0.778778 0.420607 
0.78621 0.790196 0.417469 
0.951595 0.779143 0.020277 
0.946895 0.788439 0.0204583 
1.22528 0.78058 0.00741719 
1.22334 0.78851 0.00882502 
0.715969 0.783447 0.395563 
1.05818 0.781857 -0.0928764 
1.05481 0.790525 -0.0906949 
1.15389 0.784362 0.167226 
1.15159 0.792802 0.167387 
0.698859 0.783477 0.328271 
1.13302 0.781778 -0.179962 
1.13105 0.790027 -0.176973 
1.03692 0.779065 0.304404 
1.03442 0.788351 0.30327 
0.740481 0.780982 0.234149 
0.735798 0.79222 0.231106 
1.18718 0.778615 -0.192104 
1.1858 0.7866 -0.189214 
0.910021 0.782283 0.392772 
0.907385 0.792601 0.390504 
0.822641 0.781696 0.132727 
0.817629 0.791962 0.130729 
1.22865 0.782617 -0.139641 
1.22723 0.790432 -0.137215 
0.801219 0.780967 0.419999 
0.798241 0.792274 0.416938 
0.935493 0.779819 0.0344184 
0.930687 0.789216 0.034291 
1.22857 0.783993 -0.0124944 
1.22669 0.791894 -0.0109549 
0.725127 0.777738 0.402654 
0.721671 0.789742 0.399098 
1.04712 0.777069 -0.0781414 
1.04356 0.7858 -0.0761417 
1.16885 0.779403 0.145765 
1.16657 0.787737 0.146126 
0.696742 0.784075 0.339712 
1.12519 0.780481 -0.17384 
1.1231 0.78877 -0.170874 
1.05226 0.784299 0.288228 
1.0498 0.793472 0.287242 
0.733078 0.778916 0.247953 
0.728447 0.790264 0.244823 
1.18031 0.780028 -0.19384 
1.17889 0.788046 -0.190916 
0.927929 0.7767 0.385439 
0.925297 0.786858 0.383325 
0.808158 0.785112 0.145415 
1.22535 0.777288 -0.15218 
1.22399 0.785111 -0.149659 
1.22259 0.792943 -0.14716 
0.813607 0.783813 0.418516 
0.919493 0.780041 0.04822 
0.914604 0.789542 0.047795 
1.23288 0.779048 -0.0337507 
1.23107 0.78691 -0.0320494 
0.731409 0.784596 0.405375 
1.03208 0.780578 -0.0614563 
1.02828 0.789399 -0.0597301 
1.18023 0.783512 0.124358 
1.178 0.791768 0.124879 
0.69543 0.785687 0.350237 
1.11742 0.777565 -0.166572 
1.1152 0.785893 -0.16364 
1.0695 0.781901 0.272011 
1.06705 0.790945 0.271204 
0.726283 0.777582 0.261401 
0.721711 0.789037 0.258188 
1.17357 0.779813 -0.194924 
1.17211 0.787862 -0.191968 
0.943009 0.783044 0.374371 
0.940429 0.793082 0.372372 
0.799105 0.778392 0.1604 
0.794151 0.788901 0.158084 
1.22029 0.778058 -0.161265 
1.21894 0.785901 -0.158674 
1.21756 0.793752 -0.156105 
0.826337 0.787322 0.416173 
0.903577 0.780108 0.0616992 
0.898625 0.789716 0.0609883 
1.23456 0.78147 -0.052953 
1.23282 0.789312 -0.0511245 
0.741494 0.780343 0.410731 
0.738189 0.792211 0.407269 
1.01642 0.783958 -0.0452156 
1.01239 0.792872 -0.0437857 
1.19241 0.780002 0.102301 
1.19023 0.788172 0.103009 
0.695072 0.788474 0.359648 
1.10736 0.781197 -0.155184 
1.10494 0.789581 -0.152341 
1.08614 0.781037 0.254658 
1.08371 0.789958 0.254029 
0.720193 0.776737 0.274587 
0.715685 0.788296 0.271297 
1.16697 0.777922 -0.195417 
1.16546 0.786002 -0.192431 
1.16389 0.794091 -0.189468 
0.960518 0.780887 0.36385 
0.95795 0.790777 0.362006 
0.78545 0.782474 0.173176 
0.780547 0.793138 0.170679 
1.21494 0.777361 -0.169508 
1.21362 0.785225 -0.16685 
1.21225 0.793097 -0.164212 
0.842133 0.780835 0.41563 
0.839309 0.791758 0.412856 
0.887731 0.780353 0.0748834 
0.882732 0.790074 0.0738982 
1.23547 0.783275 -0.0714705 
1.23379 0.791101 -0.0695182 
0.751834 0.777233 0.415069 
0.74858 0.789002 0.411685 
1.00446 0.778224 -0.0307305 
1.00028 0.787204 -0.0295188 
1.20306 0.776904 0.0801639 
1.20093 0.784998 0.0810525 
1.1988 0.79311 0.0819063 
0.699647 0.780203 0.371524 
0.695846 0.792359 0.367835 
1.09709 0.782931 -0.142759 
1.09446 0.791374 -0.140023 
1.10223 0.781414 0.236278 
1.09981 0.790219 0.235825 
0.710418 0.787762 0.284246 
1.15895 0.782542 -0.192375 
1.15734 0.790662 -0.189385 
0.9778 0.780165 0.351991 
0.975248 0.789914 0.350301 
0.772089 0.78718 0.185768 
1.2081 0.783378 -0.174311 
1.20675 0.791272 -0.171608 
0.855174 0.786719 0.411063 
0.871969 0.781061 0.087819 
0.866942 0.790899 0.0865712 
1.23555 0.78428 -0.0890799 
1.23393 0.792095 -0.0870084 
0.759237 0.787096 0.414978 
0.988239 0.78106 -0.0152896 
0.98387 0.790138 -0.0143968 
1.21013 0.781854 0.0591551 
1.20805 0.789899 0.0601839 
0.701594 0.784898 0.378511 
1.08667 0.782716 -0.129476 
1.08384 0.791218 -0.126867 
1.11775 0.782668 0.217031 
1.11537 0.791362 0.216754 
0.705907 0.787231 0.297078 
1.15262 0.777624 -0.191845 
1.15095 0.785773 -0.188828 
1.14922 0.793934 -0.185838 
0.994802 0.780729 0.33901 
0.99227 0.790343 0.337473 
0.763758 0.781825 0.200803 
0.758948 0.792752 0.198037 
1.20247 0.780605 -0.181139 
1.20112 0.788523 -0.178372 
0.870991 0.783688 0.407685 
0.856332 0.782432 0.100567 
0.851294 0.792395 0.0990688 
1.23476 0.78427 -0.105595 
1.23321 0.792077 -0.10341 
0.77022 0.786541 0.417086 
0.971906 0.783378 -0.000375338 
0.967376 0.792553 0.000194117 
1.21797 0.778445 0.0373667 
1.21595 0.786431 0.0385662 
0.708482 0.778048 0.388006 
0.704841 0.790172 0.384355 
1.07614 0.78071 -0.115537 
1.0731 0.789272 -0.113071 
1.13266 0.784549 0.197082 
1.13031 0.793138 0.19698 
0.702114 0.786707 0.309736 
1.14474 0.779555 -0.187751 
1.14296 0.787744 -0.184738 
1.01144 0.782547 0.325069 
1.00893 0.792031 0.323685 
0.755533 0.777319 0.215618 
0.750762 0.788352 0.212757 
1.19678 0.776989 -0.18736 
1.19545 0.784931 -0.184532 
1.19407 0.792881 -0.181726 
0.886683 0.782949 0.402562 
0.883999 0.793472 0.40011 
0.840894 0.784557 0.113193 
1.23313 0.783006 -0.120908 
1.23164 0.790812 -0.118615 
0.781596 0.787254 0.418029 
0.955591 0.785052 0.014089 
1.22262 0.782574 0.017031 
1.22065 0.790524 0.0183643 
0.712824 0.783758 0.392823 
1.06549 0.77725 -0.101113 
1.06225 0.785873 -0.0988056 
1.14915 0.77852 0.17648 
1.14681 0.78699 0.176585 
0.699001 0.786411 0.322058 
1.13689 0.780252 -0.182967 
1.13499 0.78848 -0.179964 
1.0276 0.785673 0.310254 
0.742774 0.78495 0.227126 
1.18979 0.780342 -0.190086 
1.18842 0.788316 -0.18722 
0.902209 0.784538 0.395632 
0.830801 0.777186 0.127631 
0.825772 0.787373 0.125755 
1.2307 0.780223 -0.13502 
1.22927 0.78803 -0.132626 
0.796431 0.777646 0.420993 
0.793413 0.788995 0.417909 
0.944118 0.776725 0.0281307 
0.939363 0.786066 0.0281723 
1.22822 0.778292 -0.00446315 
1.22632 0.786197 -0.00296462 
1.22441 0.794118 -0.00149895 
0.721661 0.777827 0.40031 
0.718173 0.789859 0.396732 
1.05123 0.781434 -0.0842161 
1.04773 0.790143 -0.0821515 
1.16229 0.781656 0.155415 
1.16 0.790036 0.155687 
0.696578 0.78667 0.333817 
1.12908 0.779605 -0.177299 
1.12705 0.787873 -0.174314 
1.04572 0.780954 0.295641 
1.04323 0.790175 0.294592 
0.735158 0.782522 0.241087 
0.730512 0.793837 0.23798 
1.18287 0.782433 -0.192113 
1.18145 0.790439 -0.189211 
0.920209 0.778008 0.389136 
0.91757 0.788234 0.386957 
0.816092 0.780378 0.14039 
0.811092 0.790709 0.138302 
1.22625 0.783509 -0.14555 
1.22484 0.791333 -0.143082 
0.808625 0.78024 0.419875 
0.805673 0.791475 0.416867 
0.928102 0.777088 0.0421748 
0.923253 0.786531 0.0419135 
1.23104 0.781444 -0.0242564 
1.22919 0.789324 -0.0226274 
0.727691 0.784417 0.403389 
1.03631 0.785121 -0.0675586 
1.03258 0.79392 -0.0657626 
1.17653 0.777162 0.133653 
1.17427 0.785441 0.134123 
1.17203 0.79374 0.134557 
0.694915 0.787815 0.344769 
1.12131 0.777429 -0.170553 
1.11915 0.785737 -0.167597 
1.11694 0.794059 -0.164678 
1.06322 0.777897 0.27985 
1.06075 0.786984 0.278981 
0.72809 0.780916 0.254662 
0.7235 0.792339 0.251471 
1.17605 0.782972 -0.19347 
1.17459 0.79101 -0.190536 
0.935371 0.783611 0.378756 
0.932783 0.793714 0.376692 
0.801866 0.783955 0.153132 
1.22271 0.777204 -0.157559 
1.22136 0.785037 -0.154997 
1.21997 0.792879 -0.152457 
0.821201 0.783457 0.417906 
0.912175 0.77715 0.0558851 
0.907252 0.786699 0.0553321 
1.23309 0.784095 -0.0436358 
1.23131 0.791952 -0.0418779 
0.737629 0.779751 0.409149 
0.734291 0.791653 0.405665 
1.02467 0.779746 -0.0528927 
1.02075 0.78861 -0.0513017 
1.18713 0.781639 0.11217 
1.18493 0.789846 0.112795 
0.698068 0.777973 0.35835 
0.694133 0.790087 0.354687 
1.11131 0.781869 -0.159682 
1.10895 0.790232 -0.156806 
1.07766 0.785405 0.262207 
0.721692 0.779913 0.267932 
0.717164 0.791442 0.264662 
1.16937 0.781836 -0.194206 
1.16786 0.789905 -0.191242 
0.952971 0.78076 0.368892 
0.950393 0.790712 0.366983 
0.793013 0.777351 0.168222 
0.788079 0.787928 0.165826 
1.21747 0.777124 -0.166166 
1.21614 0.784977 -0.163536 
1.21478 0.792839 -0.160926 
0.834064 0.787458 0.415029 
0.896315 0.777244 0.0692825 
0.891336 0.786902 0.0684494 
1.23607 0.77836 -0.0643421 
1.23437 0.786186 -0.0624285 
1.23266 0.794025 -0.0605447 
0.744562 0.787929 0.410532 
1.00878 0.783038 -0.0368522 
1.00466 0.791996 -0.0355658 
1.19846 0.778403 0.0900489 
1.19631 0.78653 0.0908571 
0.69824 0.781362 0.367111 
0.694405 0.793519 0.363418 
1.10107 0.78448 -0.147725 
1.09852 0.792901 -0.144949 
1.09399 0.785219 0.244349 
1.09158 0.794085 0.243803 
0.716032 0.779244 0.280998 
0.711571 0.790875 0.277654 
1.16283 0.779055 -0.194392 
1.16127 0.787155 -0.191398 
0.970357 0.779436 0.357588 
0.967794 0.789245 0.355832 
0.779516 0.781705 0.180965 
0.774636 0.792438 0.178393 
1.2107 0.783615 -0.171308 
1.20935 0.791499 -0.168633 
0.849905 0.781751 0.413794 
0.847112 0.792604 0.411074 
0.880523 0.777681 0.0824049 
0.875507 0.787454 0.0813029 
1.23649 0.779756 -0.0824472 
1.23486 0.787568 -0.080413 
0.755085 0.78545 0.414322 
0.996804 0.777085 -0.0224437 
0.992528 0.786109 -0.0213779 
1.20617 0.783418 0.0689245 
1.20407 0.791492 0.0698753 
0.699633 0.785725 0.374633 
1.09336 0.776682 -0.137533 
1.09066 0.785143 -0.134827 
1.0879 0.793624 -0.132171 
1.1122 0.777342 0.225886 
1.10978 0.786072 0.225549 
0.711133 0.778655 0.293933 
0.706744 0.790381 0.290522 
1.15484 0.78288 -0.191069 
1.15318 0.79102 -0.188073 
0.987491 0.779451 0.345069 
0.984947 0.789122 0.343466 
0.766264 0.786809 0.193448 
1.20511 0.781232 -0.178418 
1.20377 0.789138 -0.175678 
0.865737 0.777875 0.411067 
0.862971 0.78858 0.408471 
0.86483 0.778701 0.095308 
0.859794 0.788594 0.0939488 
1.23606 0.780231 -0.0995308 
1.23449 0.788035 -0.0973811 
0.765902 0.784316 0.416946 
0.980554 0.779626 -0.00720492 
0.976103 0.788748 -0.00645979 
1.2146 0.780152 0.0470901 
1.21255 0.788164 0.0482133 
0.706007 0.778633 0.384635 
0.702331 0.790771 0.38097 
1.08013 0.783918 -0.121191 
1.07716 0.792459 -0.118672 
1.12738 0.77902 0.206137 
1.125 0.787643 0.205976 
0.706969 0.778045 0.306729 
0.702656 0.78986 0.303257 
1.14859 0.777225 -0.190253 
1.14687 0.785394 -0.187232 
1.14509 0.793574 -0.184239 
1.0043 0.780719 0.331526 
1.00178 0.790258 0.330078 
0.757997 0.781924 0.208357 
0.753215 0.792925 0.205522 
1.19943 0.777995 -0.184914 
1.1981 0.785925 -0.182112 
1.19673 0.793864 -0.17933 
0.878738 0.786747 0.404183 
0.849293 0.780449 0.108056 
0.844253 0.790471 0.106452 
1.23476 0.779561 -0.115445 
1.23326 0.787361 -0.113186 
0.777083 0.784506 0.418386 
0.964265 0.781566 0.00754858 
0.959666 0.790786 0.00797186 
1.21975 0.784488 0.0266497 
1.21775 0.792462 0.0279078 
