1.03664 0.780395 0.0344799 
1.03297 0.78936 0.0351681 
1.05679 0.780921 0.188035 
1.05387 0.789979 0.187658 
0.854469 0.781314 0.226415 
0.850389 0.791759 0.224395 
1.10958 0.780775 0.00185454 
1.10666 0.789326 0.00315211 
0.944206 0.782827 0.278351 
0.941043 0.792754 0.276788 
0.929207 0.783739 0.128286 
0.924962 0.793457 0.127382 
1.12744 0.778293 0.0633889 
1.12472 0.786807 0.0642223 
0.85991 0.783597 0.287642 
1.03632 0.78058 0.0346843 
1.03265 0.789547 0.035368 
1.05679 0.781703 0.187705 
1.05388 0.79076 0.187327 
0.854305 0.781473 0.226603 
0.850226 0.791921 0.224581 
1.1093 0.781248 0.00189066 
1.10638 0.789801 0.00318537 
0.94428 0.783414 0.278137 
0.94112 0.793341 0.276573 
0.928921 0.783813 0.128527 
0.924676 0.793533 0.127618 
1.12726 0.779019 0.0631963 
1.12455 0.787534 0.0640282 
0.859922 0.783953 0.287636 
1.03601 0.780764 0.034889 
1.03234 0.789734 0.0355682 
1.0568 0.782484 0.187374 
1.05389 0.791543 0.186996 
0.854142 0.781634 0.226791 
0.850064 0.792083 0.224767 
1.10902 0.781722 0.00192712 
1.10609 0.790276 0.00321895 
0.944355 0.784003 0.277923 
0.941197 0.793929 0.276358 
0.928635 0.783888 0.128768 
0.924389 0.79361 0.127855 
1.12709 0.779745 0.0630041 
1.12437 0.788262 0.0638345 
0.859934 0.78431 0.28763 
1.0357 0.780948 0.035094 
1.03202 0.78992 0.0357686 
1.0568 0.783267 0.187043 
1.0539 0.792326 0.186664 
0.853978 0.781794 0.226979 
0.849902 0.792245 0.224952 
1.10873 0.782194 0.00196391 
1.10581 0.790751 0.00325284 
0.944429 0.784592 0.277707 
0.928349 0.783962 0.129009 
0.924103 0.793687 0.128092 
1.12692 0.780471 0.0628124 
1.1242 0.788989 0.0636412 
0.859947 0.784667 0.287623 
1.03538 0.781132 0.0352992 
1.03171 0.790106 0.0359692 
1.05681 0.78405 0.186711 
1.0539 0.79311 0.186333 
0.853815 0.781956 0.227167 
0.849741 0.792409 0.225137 
1.10845 0.782667 0.00200102 
1.10552 0.791226 0.00328706 
0.944504 0.785182 0.277491 
0.928063 0.784037 0.129251 
0.923816 0.793764 0.128329 
1.12675 0.781197 0.0626211 
1.12403 0.789717 0.0634483 
0.85996 0.785025 0.287615 
1.03507 0.781316 0.0355048 
1.03139 0.790292 0.0361701 
1.05681 0.784834 0.18638 
1.05391 0.793894 0.186001 
0.853653 0.782117 0.227354 
0.84958 0.792573 0.225321 
1.10816 0.78314 0.00203846 
1.10523 0.7917 0.0033216 
0.944579 0.785773 0.277275 
0.927777 0.784111 0.129492 
0.92353 0.793841 0.128566 
1.12657 0.781923 0.0624301 
1.12385 0.790444 0.0632558 
0.859973 0.785384 0.287607 
1.03476 0.781499 0.0357105 
1.03107 0.790477 0.0363713 
1.05682 0.785618 0.186049 
0.85349 0.78228 0.227541 
0.849419 0.792737 0.225506 
1.10788 0.783612 0.00207624 
1.10494 0.792175 0.00335646 
0.944654 0.786366 0.277057 
0.927491 0.784186 0.129733 
0.923244 0.793918 0.128803 
1.1264 0.782649 0.0622396 
1.12368 0.791172 0.0630637 
0.859987 0.785744 0.287598 
1.03444 0.781682 0.0359166 
1.03076 0.790662 0.0365728 
1.05974 0.777371 0.186055 
1.05682 0.786403 0.185717 
0.853328 0.782443 0.227727 
0.849258 0.792903 0.22569 
1.10759 0.784084 0.00211434 
1.10466 0.792649 0.00339163 
0.947903 0.777069 0.278362 
0.944729 0.786959 0.276839 
0.927205 0.784262 0.129975 
0.922957 0.793996 0.12904 
1.12622 0.783375 0.0620496 
1.12351 0.791899 0.062872 
0.860001 0.786105 0.287588 
1.03413 0.781864 0.0361229 
1.03044 0.790846 0.0367745 
1.05974 0.778156 0.185723 
1.05683 0.787189 0.185386 
0.853167 0.782607 0.227914 
0.849098 0.793068 0.225874 
1.10731 0.784556 0.00215277 
1.10437 0.793122 0.00342713 
0.947976 0.777663 0.278143 
0.944804 0.787554 0.276621 
0.926919 0.784337 0.130216 
0.922671 0.794073 0.129277 
1.12605 0.784101 0.0618599 
1.12333 0.792627 0.0626808 
0.860016 0.786466 0.287578 
1.03381 0.782046 0.0363295 
1.03012 0.791031 0.0369764 
1.05974 0.778941 0.185392 
1.05683 0.787975 0.185054 
0.853005 0.782771 0.228099 
0.848938 0.793235 0.226057 
1.10702 0.785027 0.00219153 
1.10408 0.793596 0.00346295 
0.948049 0.778259 0.277924 
0.944879 0.78815 0.276401 
0.926633 0.784413 0.130458 
1.12587 0.784827 0.0616706 
1.12316 0.793354 0.0624899 
0.860031 0.786829 0.287568 
1.0335 0.782228 0.0365363 
1.02981 0.791214 0.0371786 
1.05975 0.779728 0.185061 
1.05684 0.788762 0.184722 
0.852844 0.782936 0.228285 
0.848778 0.793402 0.22624 
1.10966 0.776953 0.000909771 
1.10673 0.785499 0.00223062 
1.10379 0.794069 0.00349909 
0.948122 0.778855 0.277704 
0.944955 0.788746 0.276181 
0.926347 0.784488 0.130699 
1.12841 0.777049 0.060619 
1.1257 0.785553 0.0614818 
1.12298 0.794082 0.0622995 
0.860046 0.787192 0.287556 
1.03318 0.782409 0.0367434 
1.02949 0.791398 0.0373811 
1.05975 0.780515 0.184729 
1.05684 0.78955 0.18439 
0.852683 0.783102 0.22847 
0.848619 0.793569 0.226423 
1.10937 0.777422 0.00095209 
1.10644 0.78597 0.00227003 
0.948195 0.779453 0.277484 
0.94503 0.789344 0.275961 
0.926061 0.784564 0.130941 
1.12824 0.777774 0.0604322 
1.12552 0.78628 0.0612934 
0.863656 0.777024 0.28971 
0.860062 0.787556 0.287544 
1.03287 0.78259 0.0369508 
1.02917 0.791581 0.0375838 
1.05975 0.781302 0.184397 
1.05684 0.790338 0.184058 
0.852523 0.783268 0.228655 
0.84846 0.793737 0.226605 
1.10909 0.777891 0.000994746 
1.10616 0.786441 0.00230978 
0.948268 0.780052 0.277263 
0.945106 0.789943 0.275739 
0.925776 0.78464 0.131182 
1.12806 0.778498 0.0602458 
1.12534 0.787006 0.0611054 
0.86367 0.777388 0.289698 
0.860078 0.787921 0.287532 
1.03255 0.782771 0.0371584 
1.02885 0.791764 0.0377868 
1.05975 0.782091 0.184066 
1.05685 0.791127 0.183726 
0.852363 0.783434 0.22884 
0.848301 0.793906 0.226788 
1.1088 0.77836 0.00103774 
1.10587 0.786911 0.00234985 
0.948341 0.780652 0.277041 
0.945182 0.790543 0.275517 
0.92549 0.784717 0.131424 
1.12788 0.779223 0.0600598 
1.12517 0.787732 0.0609178 
0.863684 0.777753 0.289686 
0.860095 0.788287 0.287519 
1.03224 0.782951 0.0373663 
1.02853 0.791946 0.0379901 
1.05975 0.782879 0.183734 
1.05685 0.791916 0.183393 
0.852203 0.783602 0.229025 
0.848143 0.794076 0.22697 
1.10851 0.778828 0.00108107 
1.10558 0.787382 0.00239026 
0.948414 0.781253 0.276819 
0.945258 0.791144 0.275295 
0.925204 0.784793 0.131666 
1.1277 0.779947 0.0598743 
1.12499 0.788458 0.0607306 
0.863699 0.778119 0.289673 
0.860112 0.788653 0.287505 
1.03192 0.783131 0.0375745 
1.02822 0.792129 0.0381936 
1.05975 0.783669 0.183402 
1.05685 0.792706 0.183061 
0.852043 0.78377 0.229209 
1.10823 0.779296 0.00112474 
1.10529 0.787852 0.00243099 
0.948488 0.781855 0.276596 
0.945334 0.791746 0.275071 
0.924919 0.78487 0.131907 
1.12752 0.780672 0.0596891 
1.12481 0.789184 0.0605439 
0.863714 0.778486 0.28966 
0.860129 0.789021 0.287491 
1.0316 0.783311 0.0377829 
1.0279 0.79231 0.0383973 
1.05975 0.784459 0.18307 
1.05686 0.793497 0.182728 
0.851884 0.783938 0.229392 
1.10794 0.779764 0.00116874 
1.105 0.788322 0.00247205 
0.948561 0.782458 0.276372 
0.94541 0.79235 0.274847 
0.924633 0.784947 0.132149 
1.12734 0.781396 0.0595044 
1.12463 0.78991 0.0603576 
0.863729 0.778854 0.289646 
0.860147 0.789389 0.287476 
1.03129 0.78349 0.0379916 
1.02758 0.792492 0.0386013 
1.05975 0.78525 0.182737 
0.851725 0.784108 0.229576 
1.10765 0.780232 0.00121308 
1.10471 0.788791 0.00251343 
0.948635 0.783062 0.276148 
0.945486 0.792954 0.274623 
0.924348 0.785024 0.132391 
1.12716 0.782121 0.0593201 
1.12445 0.790636 0.0601717 
0.863745 0.779222 0.289631 
0.860165 0.789758 0.28746 
1.03097 0.783669 0.0382005 
1.02726 0.792673 0.0388056 
1.06267 0.777031 0.182705 
1.05975 0.786041 0.182405 
0.851566 0.784277 0.229759 
1.10736 0.780699 0.00125776 
1.10442 0.789261 0.00255515 
0.948709 0.783667 0.275923 
0.945562 0.793559 0.274397 
0.924062 0.785102 0.132633 
1.12698 0.782845 0.0591363 
1.12427 0.791362 0.0599862 
0.863761 0.779591 0.289616 
0.860183 0.790128 0.287444 
1.03065 0.783848 0.0384097 
1.02694 0.792854 0.0390101 
1.06266 0.777822 0.182373 
1.05976 0.786833 0.182073 
0.851408 0.784448 0.229942 
1.10707 0.781166 0.00130277 
1.10413 0.78973 0.00259719 
0.948782 0.784274 0.275697 
0.923777 0.785179 0.132875 
1.1268 0.78357 0.0589529 
1.12409 0.792088 0.0598011 
0.863777 0.779962 0.2896 
0.860202 0.790499 0.287428 
1.03034 0.784026 0.0386191 
1.02662 0.793034 0.0392148 
1.06266 0.778614 0.182041 
1.05975 0.787626 0.18174 
0.85125 0.784619 0.230124 
1.10679 0.781633 0.00134812 
1.10384 0.790199 0.00263955 
0.948856 0.784881 0.27547 
0.923491 0.785257 0.133117 
1.12662 0.784294 0.0587699 
1.12391 0.792814 0.0596165 
0.863794 0.780333 0.289584 
0.860221 0.79087 0.28741 
1.03002 0.784204 0.0388288 
1.0263 0.793214 0.0394198 
1.06266 0.779407 0.181709 
1.05975 0.788419 0.181408 
0.851092 0.784791 0.230306 
1.1065 0.7821 0.0013938 
1.10355 0.790668 0.00268224 
0.948931 0.78549 0.275243 
0.923206 0.785335 0.133359 
1.12644 0.785019 0.0585873 
1.12372 0.79354 0.0594323 
0.863812 0.780704 0.289567 
0.860241 0.791242 0.287392 
1.0297 0.784382 0.0390388 
1.02598 0.793394 0.0396251 
1.06266 0.7802 0.181376 
1.05975 0.789213 0.181075 
0.850934 0.784963 0.230488 
1.10621 0.782567 0.00143982 
1.10325 0.791136 0.00272526 
0.949005 0.7861 0.275016 
0.922921 0.785413 0.133601 
1.12897 0.777244 0.0575167 
1.12626 0.785743 0.0584052 
0.863829 0.781077 0.289549 
0.860261 0.791616 0.287374 
1.02938 0.784559 0.039249 
1.02566 0.793573 0.0398306 
1.06265 0.780994 0.181044 
1.05975 0.790007 0.180742 
0.850777 0.785136 0.23067 
1.10592 0.783033 0.00148617 
1.10296 0.791604 0.0027686 
0.952241 0.776854 0.27627 
0.949079 0.78671 0.274787 
0.922636 0.785492 0.133843 
1.12879 0.777967 0.0573366 
1.12607 0.786467 0.0582235 
0.863847 0.78145 0.289531 
0.860281 0.79199 0.287355 
1.02906 0.784736 0.0394594 
1.02534 0.793752 0.0400363 
1.06265 0.781788 0.180712 
1.05975 0.790802 0.180409 
0.85062 0.78531 0.230851 
1.10563 0.783499 0.00153285 
1.10267 0.792072 0.00281227 
0.952313 0.777466 0.276042 
0.949154 0.787322 0.274558 
0.92235 0.785571 0.134085 
1.1286 0.77869 0.057157 
1.12589 0.787192 0.0580422 
0.863865 0.781825 0.289512 
0.860302 0.792365 0.287335 
1.02875 0.784912 0.0396701 
1.02502 0.793931 0.0402423 
1.06265 0.782583 0.180379 
1.05975 0.791598 0.180076 
0.850464 0.785484 0.231032 
1.10533 0.783964 0.00157987 
1.10237 0.79254 0.00285626 
0.952385 0.778078 0.275812 
0.949228 0.787935 0.274328 
0.922065 0.785649 0.134327 
1.12842 0.779413 0.0569779 
1.1257 0.787916 0.0578614 
0.863884 0.7822 0.289493 
0.860323 0.79274 0.287315 
1.02843 0.785088 0.0398811 
1.0247 0.794109 0.0404485 
1.06265 0.783379 0.180047 
1.05975 0.792394 0.179743 
0.850308 0.785659 0.231212 
1.10504 0.78443 0.00162722 
1.10208 0.793007 0.00290057 
0.952457 0.778692 0.275582 
0.949303 0.788549 0.274098 
0.92178 0.785729 0.134569 
1.12823 0.780135 0.0567991 
1.12552 0.78864 0.057681 
0.863903 0.782576 0.289473 
0.860345 0.793117 0.287294 
1.02811 0.785264 0.0400922 
1.06264 0.784175 0.179714 
1.05975 0.793191 0.17941 
0.850152 0.785834 0.231392 
1.10475 0.784895 0.0016749 
1.10179 0.793475 0.00294521 
0.95253 0.779307 0.275351 
0.949378 0.789164 0.273867 
0.921496 0.785808 0.134811 
1.12805 0.780858 0.0566209 
1.12533 0.789364 0.0575011 
0.863923 0.782952 0.289452 
0.860367 0.793494 0.287272 
1.02779 0.78544 0.0403037 
1.06264 0.784972 0.179381 
1.05975 0.793988 0.179077 
0.849996 0.78601 0.231572 
1.10741 0.776803 0.000402733 
1.10446 0.78536 0.00172291 
1.10149 0.793941 0.00299017 
0.952602 0.779923 0.27512 
0.949453 0.78978 0.273635 
0.921211 0.785887 0.135053 
1.12786 0.781581 0.056443 
1.12515 0.790089 0.0573216 
0.863943 0.78333 0.289431 
0.860389 0.793872 0.28725 
1.02747 0.785615 0.0405153 
1.06554 0.77678 0.179311 
1.06263 0.785769 0.179048 
0.849841 0.786187 0.231752 
1.10712 0.777266 0.000454078 
1.10417 0.785824 0.00177126 
0.952674 0.78054 0.274888 
0.949528 0.790397 0.273403 
0.920926 0.785967 0.135295 
1.12768 0.782303 0.0562656 
1.12496 0.790812 0.0571425 
0.863963 0.783708 0.289409 
1.03088 0.776792 0.0401097 
1.02715 0.785789 0.0407272 
1.06553 0.777578 0.178978 
1.06263 0.786567 0.178715 
0.849686 0.786364 0.231931 
1.10683 0.777728 0.000505762 
1.10387 0.786288 0.00181993 
0.952747 0.781158 0.274655 
0.949603 0.791016 0.27317 
0.920641 0.786047 0.135537 
1.12749 0.783025 0.0560887 
1.12478 0.791536 0.0569639 
0.863984 0.784087 0.289387 
1.03056 0.776964 0.0403265 
1.02683 0.785964 0.0409393 
1.06553 0.778375 0.178646 
1.06263 0.787366 0.178382 
0.849532 0.786542 0.23211 
1.10654 0.77819 0.000557784 
1.10358 0.786752 0.00186893 
0.95282 0.781777 0.274421 
0.949678 0.791635 0.272936 
0.920357 0.786127 0.13578 
1.1273 0.783748 0.0559122 
1.12459 0.79226 0.0567857 
0.864005 0.784467 0.289364 
1.03024 0.777136 0.0405436 
1.02651 0.786138 0.0411517 
1.06552 0.779174 0.178313 
1.06262 0.788165 0.178049 
0.849378 0.78672 0.232288 
1.10624 0.778651 0.000610142 
1.10328 0.787216 0.00191826 
0.952892 0.782398 0.274187 
0.949753 0.792255 0.272702 
0.920072 0.786207 0.136022 
1.12711 0.78447 0.0557362 
1.1244 0.792984 0.056608 
0.864026 0.784848 0.28934 
1.02992 0.777307 0.0407609 
1.02619 0.786312 0.0413642 
1.06551 0.779973 0.177981 
1.06262 0.788964 0.177716 
0.849224 0.786899 0.232466 
1.10595 0.779113 0.000662837 
1.10299 0.787679 0.00196791 
0.952965 0.783019 0.273953 
0.949829 0.792876 0.272467 
0.919788 0.786288 0.136264 
1.12964 0.7767 0.0546452 
1.12693 0.785192 0.0555606 
1.12421 0.793708 0.0564307 
0.864048 0.78523 0.289316 
1.02961 0.777478 0.0409784 
1.02587 0.786485 0.041577 
1.06551 0.780772 0.177648 
1.06261 0.789764 0.177383 
0.849071 0.787079 0.232644 
1.10566 0.779574 0.000715866 
1.1027 0.788142 0.0020179 
0.953038 0.783641 0.273717 
0.949905 0.793499 0.272231 
0.919503 0.786369 0.136506 
1.12945 0.77742 0.0544717 
1.12674 0.785914 0.0553854 
0.86407 0.785612 0.289291 
1.02929 0.777649 0.0411962 
1.02555 0.786658 0.0417901 
1.0655 0.781572 0.177315 
1.06261 0.790565 0.17705 
0.852972 0.77679 0.234871 
0.848918 0.787259 0.232821 
1.10537 0.780034 0.00076923 
1.1024 0.788605 0.0020682 
0.953111 0.784264 0.273481 
0.94998 0.794122 0.271995 
0.923483 0.77669 0.137734 
0.919219 0.786449 0.136748 
1.12926 0.77814 0.0542987 
1.12655 0.786635 0.0552108 
0.864092 0.785995 0.289265 
1.02897 0.777819 0.0414141 
1.02523 0.78683 0.0420033 
1.06549 0.782373 0.176982 
1.0626 0.791366 0.176717 
0.852818 0.776969 0.235051 
0.848765 0.78744 0.232998 
1.10507 0.780494 0.000822927 
1.10211 0.789067 0.00211884 
0.953185 0.784889 0.273245 
0.923199 0.776769 0.13798 
0.918935 0.786531 0.136991 
1.12907 0.778861 0.0541262 
1.12636 0.787357 0.0550365 
0.864115 0.786379 0.289239 
1.02865 0.77799 0.0416323 
1.02491 0.787003 0.0422168 
1.06548 0.783174 0.17665 
1.0626 0.792168 0.176383 
