1.20722 0.0041048 -0.100539 
1.24749 0.00231396 0.035969 
1.20598 0.00122705 0.0641209 
1.22591 0.00403263 -0.114736 
1.22141 0.00717575 0.130447 
1.2065 0.00313717 -0.0643372 
1.24848 0.00378229 -0.0147327 
1.20515 0.00631737 0.105531 
1.21601 0.00518131 -0.124045 
1.23341 0.00327308 0.105752 
1.20685 0.00286981 -0.0170802 
1.24297 0.00273253 -0.0629571 
1.20783 0.00624061 0.129798 
1.20878 0.000537066 -0.117173 
1.20983 0.00839547 -0.114243 
1.24338 0.00320148 0.0671945 
1.20657 0.000429882 0.0328017 
1.20622 0.00830674 0.0358962 
1.23282 0.00109781 -0.100266 
1.21534 0.00365369 0.134997 
1.20699 0.00653227 -0.0883517 
1.24859 0.00293381 0.0183183 
1.20575 0.000949809 0.0793289 
1.22196 0.00299818 -0.120575 
1.22545 0.0068484 0.124053 
1.2066 0.00249729 -0.0487969 
1.24726 0.0042318 -0.0322388 
1.2063 0.00145401 0.114222 
1.2135 0.00719757 -0.122396 
1.23683 0.00729257 0.0952347 
1.20684 0.000879268 5.24764e-05 
1.23964 0.000848154 -0.078166 
1.24029 0.00855098 -0.0752762 
1.20989 0.00585705 0.133946 
1.20815 0.00567861 -0.107844 
1.24592 0.00274608 0.0506523 
1.20588 0.00677739 0.052507 
1.22909 0.00300817 -0.10888 
1.21929 0.000279787 0.131532 
1.21809 0.00808596 0.134372 
1.20688 0.00770075 -0.0748046 
1.24888 0.00374892 0.000454423 
1.2056 0.00165488 0.093454 
1.21802 0.00029621 -0.124832 
1.21911 0.00810556 -0.121958 
1.2304 0.000371149 0.113292 
1.22938 0.00812142 0.11614 
1.2067 0.0011772 -0.0324718 
1.24526 0.00409423 -0.0491573 
1.20665 0.00594652 0.124323 
1.21124 0.00752062 -0.119057 
1.24064 0.00491098 0.0805909 
1.20659 0.00671981 0.0203573 
1.2365 0.0054248 -0.0892959 
1.21224 0.00717062 0.136398 
1.2068 0.00142138 -0.0998838 
1.2477 0.00298796 0.0333976 
1.20554 0.00583763 0.0684442 
1.2252 0.0033413 -0.11601 
1.22215 0.0063761 0.129296 
1.20685 0.00779973 -0.0600809 
1.24835 0.00448169 -0.0173349 
1.20556 0.0035396 0.106301 
1.21533 0.00372492 -0.124592 
1.23405 0.00319003 0.103925 
1.20692 0.00727375 -0.0124954 
1.24252 0.00310882 -0.0652385 
1.20843 0.00416489 0.129878 
1.20929 0.00616799 -0.114039 
1.24379 0.00367178 0.0648311 
1.20633 0.00486555 0.0373477 
1.23217 0.000872973 -0.101976 
1.23303 0.00861171 -0.0991006 
1.21607 0.0023592 0.134319 
1.20664 0.00363497 -0.0874815 
1.24868 0.00365735 0.015694 
1.20524 0.00570397 0.0834758 
1.22124 0.00204082 -0.121598 
1.22618 0.00631035 0.122655 
1.20686 0.0070364 -0.044387 
1.24701 0.00485586 -0.0347652 
1.20568 0.0067796 0.117701 
1.21285 0.00546712 -0.122677 
1.23742 0.00742937 0.0931972 
1.2068 0.00526104 0.00466708 
1.23911 0.00103713 -0.080267 
1.21054 0.00405437 0.13376 
1.20767 0.00319512 -0.107388 
1.24623 0.00334469 0.048159 
1.20605 0.0034154 0.0538746 
1.2284 0.00253422 -0.110357 
1.21884 0.00706127 0.133435 
1.2066 0.00461859 -0.073745 
1.24885 0.0044779 -0.00217716 
1.20503 0.00658498 0.0973893 
1.21841 0.00688025 -0.122726 
1.23108 8.81476e-05 0.111655 
1.23008 0.00783505 0.114504 
1.20688 0.00562794 -0.0279492 
1.2449 0.0046005 -0.0515661 
1.20719 0.00364854 0.12462 
1.21065 0.00551711 -0.119073 
1.24114 0.00524323 0.078364 
1.20664 0.00323975 0.0218497 
1.2359 0.00539978 -0.0911928 
1.21294 0.00564339 0.135944 
1.2073 0.00657363 -0.0962095 
1.24789 0.00367279 0.0308148 
1.20577 0.00258993 0.0696919 
1.22448 0.00260755 -0.117243 
1.2229 0.00561917 0.128105 
1.20664 0.0045651 -0.0588616 
1.2482 0.00517202 -0.019928 
1.20598 0.000797579 0.107036 
1.20494 0.00867504 0.109994 
1.21465 0.00222393 -0.125096 
1.23469 0.00314393 0.102063 
1.20687 0.00379663 -0.0110104 
1.24207 0.0034576 -0.0674931 
1.20904 0.00213324 0.129915 
1.20876 0.00389787 -0.113793 
1.24419 0.00416521 0.0624445 
1.20644 0.00143491 0.0387882 
1.2315 0.000608937 -0.10365 
1.23238 0.00835091 -0.100775 
1.21679 0.00110914 0.133599 
1.2063 0.000705307 -0.0865786 
1.20709 0.00857937 -0.0835626 
1.24876 0.00438472 0.0130655 
1.20553 0.00260473 0.0845702 
1.22052 0.00104005 -0.12258 
1.2269 0.00581364 0.121218 
1.20671 0.00368368 -0.043041 
1.24675 0.00546398 -0.0372754 
1.20617 0.00426952 0.118206 
1.21222 0.003692 -0.122915 
1.23799 0.0075993 0.0911278 
1.20681 0.00176725 0.00617278 
1.23856 0.00119342 -0.0823367 
1.21121 0.00229659 0.13353 
1.20721 0.000671667 -0.106893 
1.20817 0.00853928 -0.103929 
1.24651 0.00395991 0.0456487 
1.20622 6.97513e-05 0.0552252 
1.20565 0.00794811 0.0582938 
1.2277 0.00201904 -0.111795 
1.21959 0.00608019 0.132457 
1.20633 0.00150919 -0.0726573 
1.2488 0.00520368 -0.00480564 
1.20539 0.00366667 0.0983 
1.21771 0.00561078 -0.123451 
1.23077 0.00758804 0.112832 
1.20679 0.00219249 -0.0265118 
1.24453 0.00508429 -0.0539526 
1.20775 0.00139311 0.124875 
1.21007 0.00346961 -0.119045 
1.24162 0.00560358 0.0761095 
1.20645 0.00764153 0.0264383 
1.23529 0.00533808 -0.0930552 
1.21365 0.00416103 0.135448 
1.20691 0.00381931 -0.0954835 
1.24806 0.00436734 0.0282216 
1.2053 0.00724327 0.0739604 
1.22376 0.00183122 -0.118437 
1.22364 0.00490476 0.126874 
1.20643 0.00130878 -0.0576195 
1.24804 0.00585218 -0.0225107 
1.20537 0.00596718 0.110694 
1.21397 0.000678296 -0.125557 
1.21507 0.00850871 -0.122669 
1.23531 0.00313425 0.100166 
1.20683 0.000314338 -0.00951945 
1.20689 0.00818952 -0.00641074 
1.24159 0.00377796 -0.06972 
1.20965 0.000145878 0.129908 
1.20844 0.00800249 0.132788 
1.20824 0.00158548 -0.113506 
1.24457 0.00468075 0.0600356 
1.20615 0.00589258 0.0433052 
1.23083 0.000305314 -0.105286 
1.23173 0.00805057 -0.102413 
1.2163 0.00771867 0.135681 
1.20676 0.00561992 -0.082629 
1.24881 0.00511481 0.0104339 
1.20499 0.0074123 0.0886502 
1.22087 0.00779602 -0.120652 
1.22762 0.00535801 0.119743 
1.20657 0.000315005 -0.0416776 
1.20694 0.00819044 -0.038589 
1.24647 0.00605511 -0.0397685 
1.20667 0.00179964 0.118672 
1.21158 0.00187226 -0.123111 
1.23932 9.50246e-05 0.0861566 
1.23855 0.00780162 0.0890271 
1.20673 0.00614964 0.0107869 
1.238 0.0013163 -0.0843745 
1.21187 0.000583754 0.133257 
1.21064 0.00842849 0.136118 
1.20772 0.00597885 -0.103396 
1.24678 0.00459065 0.0431223 
1.20584 0.00461873 0.059627 
1.22699 0.00146236 -0.113195 
1.22033 0.00514254 0.131438 
1.20673 0.00624981 -0.0684983 
1.24874 0.00592516 -0.00742983 
1.20576 0.00078097 0.0991782 
1.20479 0.00866004 0.102157 
1.21701 0.00429704 -0.124135 
1.23145 0.00738001 0.111122 
1.20692 0.00662235 -0.0219613 
1.24415 0.00554461 -0.0563159 
1.20713 0.00704461 0.12799 
1.20949 0.00137832 -0.118976 
1.24209 0.00599112 0.0738282 
1.20653 0.00417332 0.0279184 
1.23467 0.00523918 -0.0948826 
1.21435 0.00272348 0.134908 
1.20652 0.00102947 -0.094722 
1.24822 0.0050705 0.0256193 
1.20554 0.00403917 0.0751627 
1.22304 0.00101212 -0.119591 
1.22437 0.00423267 0.125603 
1.20676 0.0059081 -0.0532865 
1.24785 0.00652108 -0.025082 
1.20582 0.0032964 0.111358 
1.21441 0.00692187 -0.123089 
1.23592 0.00316042 0.0982356 
1.20686 0.00470318 -0.00491478 
1.24111 0.00406906 -0.0719185 
1.20907 0.00605632 0.132741 
1.20875 0.00709551 -0.110236 
1.24493 0.00521741 0.0576054 
1.20629 0.00248517 0.044721 
1.23106 0.00771032 -0.104014 
1.21705 0.00655336 0.134879 
1.20645 0.00262967 -0.081664 
1.24885 0.00584649 0.00780041 
1.20531 0.00436723 0.0896893 
1.22016 0.00671167 -0.121554 
1.22833 0.00494316 0.118229 
1.20681 0.00480752 -0.0372098 
1.24618 0.00662818 -0.0422435 
1.20605 0.00724087 0.12202 
1.21096 7.97389e-06 -0.123262 
1.21205 0.00785436 -0.120359 
1.23985 0.000331546 0.0840239 
1.2391 0.00803558 0.0868957 
1.20676 0.00265812 0.0122908 
1.23743 0.00140509 -0.0863799 
1.21132 0.00675713 0.135804 
1.20728 0.00337954 -0.102825 
1.24704 0.00523582 0.0405809 
1.20603 0.00130751 0.0609413 
1.22628 0.000863941 -0.114556 
1.22726 0.00863162 -0.111686 
1.22108 0.00424818 0.130378 
1.20648 0.00309 -0.0673579 
1.24866 0.00664122 -0.0100486 
1.20517 0.00580567 0.103004 
1.21631 0.00293894 -0.124776 
1.23212 0.00721052 0.109377 
1.20684 0.00316809 -0.0205026 
1.24374 0.00598049 -0.058655 
1.20771 0.00487232 0.128163 
1.20999 0.00710096 -0.115941 
1.24254 0.00640495 0.0715208 
1.20661 0.000712644 0.0293907 
1.20629 0.00858933 0.0324879 
1.23404 0.00510255 -0.0966745 
1.21507 0.00133066 0.134325 
1.20701 0.0060791 -0.0909299 
1.24836 0.00578116 0.023009 
1.2058 0.000858871 0.0763406 
1.22232 0.000150092 -0.120704 
1.22336 0.00793761 -0.117836 
1.2251 0.00360269 0.124293 
1.20657 0.00261222 -0.052002 
1.24765 0.0071776 -0.0276407 
1.20626 0.000663379 0.111984 
1.20519 0.00853903 0.114927 
1.21375 0.00529032 -0.123467 
1.23652 0.00322183 0.0962711 
1.20684 0.00121355 -0.00341487 
1.24061 0.00433004 -0.074088 
1.20971 0.00415475 0.132651 
1.20825 0.00470243 -0.109869 
1.24528 0.00577413 0.0551547 
1.20596 0.00696855 0.0492042 
1.23039 0.00732981 -0.105577 
1.21779 0.00543212 0.134035 
1.20688 0.00748479 -0.0776411 
1.24887 0.00657865 0.00516623 
1.20563 0.00135133 0.0906988 
1.21945 0.00558353 -0.122414 
1.22904 0.0045688 0.116677 
1.20668 0.0014105 -0.0358152 
1.24587 0.00718213 -0.0446992 
1.20657 0.00485018 0.122407 
1.21145 0.00594886 -0.12047 
1.24037 0.000598859 0.0818612 
1.23963 0.0083004 0.0847344 
1.20664 0.00704489 0.0168992 
1.23685 0.00145911 -0.0883523 
1.21201 0.00513075 0.135446 
1.20685 0.00074195 -0.102216 
1.20777 0.00861187 -0.0992388 
1.24728 0.00589434 0.0380255 
1.20561 0.00589346 0.0652954 
1.22557 0.000223562 -0.115877 
1.22656 0.00799479 -0.113009 
1.22182 0.00339693 0.129277 
1.20685 0.00778139 -0.0631369 
1.24856 0.00735074 -0.0126607 
1.20557 0.00298542 0.103816 
1.21562 0.0015364 -0.125375 
1.23278 0.00707913 0.107595 
1.20693 0.00758082 -0.0159292 
1.24333 0.00639096 -0.0609692 
1.2083 0.00274354 0.128295 
1.20944 0.00492578 -0.115788 
1.24298 0.00684412 0.0691882 
1.20639 0.00513661 0.0339517 
1.23341 0.00492772 -0.0984307 
1.21456 0.00780677 0.136547 
1.20665 0.00322239 -0.0901008 
1.24848 0.00649821 0.0203919 
1.2053 0.0055817 0.0805259 
