1.17462 0.00299432 -0.188267 
1.26652 0.000344051 0.0417833 
1.26615 0.00791568 0.0445996 
1.17792 0.00562172 0.147834 
1.19672 0.00662227 -0.22684 
1.21919 0.004943 0.208279 
1.18784 0.00588535 -0.0502407 
1.25203 0.00537065 -0.123267 
1.17465 0.00157819 0.234906 
1.17411 0.00412173 -0.206577 
1.26195 0.00454141 0.0808109 
1.18154 0.00710813 0.116879 
1.2052 0.00275555 -0.219863 
1.20888 0.00288989 0.222959 
1.18508 0.00199738 -0.0875897 
1.25957 0.00489267 -0.0900899 
1.1715 0.00461105 0.225184 
1.17469 0.00147146 -0.220976 
1.25534 0.00268621 0.115299 
1.18556 0.00239508 0.0805386 
1.21555 0.00307639 -0.207039 
1.19836 0.00462373 0.234269 
1.1822 0.00462675 -0.119854 
1.26478 0.00237803 -0.0547426 
1.17161 0.00354025 0.208913 
1.17844 0.00288708 -0.22881 
1.24647 0.00321827 0.147273 
1.18766 0.00691592 0.0456402 
1.22711 0.00730897 -0.188176 
1.18996 0.0021077 0.239763 
1.17897 0.00525048 -0.149584 
1.26765 0.00622738 -0.0152169 
1.17275 0.00610659 0.188839 
1.18333 0.000371285 -0.232894 
1.18532 0.0083533 -0.230312 
1.23559 0.00694781 0.176093 
1.18894 0.00412371 0.00669495 
1.23772 0.00756668 -0.165769 
1.18211 0.00323629 0.241931 
1.17576 0.00331028 -0.176219 
1.26759 0.00207055 0.0219712 
1.17632 0.00379727 0.162457 
1.1911 0.00207066 -0.23091 
1.22468 0.00670143 0.19876 
1.18842 0.0013738 -0.0322793 
1.24708 0.00409038 -0.139913 
1.17719 0.000164971 0.238035 
1.17508 0.00818759 0.240585 
1.17478 0.00629284 -0.196525 
1.26452 0.00579027 0.0615756 
1.17998 0.00411715 0.13293 
1.19944 0.000137437 -0.225641 
1.20131 0.00803214 -0.223059 
1.21462 0.0025886 0.215283 
1.18688 0.00601476 -0.0672412 
1.2558 0.00504405 -0.108191 
1.17339 0.00105175 0.230369 
1.17479 0.00568814 -0.213047 
1.25919 0.00302045 0.0970857 
1.18335 0.00651179 0.100811 
1.20987 0.00246087 -0.214572 
1.20418 0.00231809 0.228373 
1.18354 0.00150403 -0.103729 
1.26228 0.00350637 -0.0739013 
1.17083 0.00595723 0.218815 
1.17594 0.00118916 -0.225595 
1.25151 0.00217372 0.13049 
1.18682 0.00245772 0.0635778 
1.2201 0.000997972 -0.200178 
1.19367 0.00578454 0.238139 
1.18039 0.00325845 -0.134858 
1.26636 0.000329597 -0.0378163 
1.26664 0.0079008 -0.0349933 
1.17148 0.00664054 0.200749 
1.18024 0.000748656 -0.231641 
1.24168 0.00411022 0.161055 
1.18841 0.00736184 0.0281753 
1.23137 0.00338982 -0.179683 
1.18547 0.00497655 0.242091 
1.17706 0.00274731 -0.16318 
1.26794 0.00388083 0.00204791 
1.1748 0.00271127 0.176216 
1.18758 0.00443018 -0.23148 
1.23152 0.00182198 0.185613 
1.18894 0.00466856 -0.0108959 
1.24154 0.00187775 -0.155654 
1.17795 0.00788403 0.242641 
1.17569 0.00744627 -0.185376 
1.26637 0.0073429 0.0419795 
1.1784 0.00170796 0.14827 
1.19563 0.00439691 -0.227938 
1.22023 0.00338094 0.206634 
1.18769 0.00172117 -0.0495772 
1.25137 0.00448877 -0.125562 
1.17354 0.0066674 0.237031 
1.17331 0.000761164 -0.20668 
1.26236 0.00389917 0.0782734 
1.1819 0.00307209 0.117433 
1.20411 0.000769329 -0.221162 
1.20594 0.00863939 -0.21857 
1.20997 0.00107356 0.221535 
1.18568 0.00588685 -0.0838881 
1.25909 0.00417151 -0.0925502 
1.17239 0.00140859 0.224968 
1.17575 0.00639392 -0.218658 
1.25592 0.00191991 0.112898 
1.18496 0.00625535 0.0842898 
1.2145 0.00134101 -0.208554 
1.19948 0.00255963 0.233061 
1.18182 0.000630611 -0.11936 
1.18298 0.00863104 -0.116331 
1.26447 0.00176243 -0.0573186 
1.17239 9.61398e-05 0.208913 
1.17043 0.008147 0.211599 
1.17745 3.25023e-05 -0.229363 
1.17945 0.00804739 -0.226757 
1.24722 0.00227219 0.145057 
1.1878 0.0027355 0.0463297 
1.22614 0.00583527 -0.189921 
1.18903 0.00774976 0.241288 
1.17848 0.00138903 -0.149222 
1.26756 0.00566612 -0.017855 
1.17342 0.00244835 0.189036 
1.18427 0.00575655 -0.231092 
1.23649 0.00577458 0.174095 
1.18885 0.00789071 0.010601 
1.23686 0.00634818 -0.167743 
1.1832 0.000686253 0.241143 
1.1811 0.00867527 0.243669 
1.1768 0.007651 -0.173181 
1.26769 0.00151493 0.0193288 
1.17525 0.00799188 0.165691 
1.19196 0.00765962 -0.22932 
1.22568 0.00527606 0.196994 
1.18863 0.00515779 -0.0284027 
1.24633 0.00310153 -0.142102 
1.17613 0.00537908 0.240025 
1.17405 0.00281019 -0.196519 
1.26483 0.00519163 0.0589871 
1.1804 0.0001425 0.133423 
1.17905 0.00815359 0.136398 
1.20023 0.00592058 -0.224254 
1.21568 0.000907469 0.213741 
1.21388 0.00872297 0.216317 
1.18669 0.00187824 -0.0666066 
1.25522 0.0042443 -0.110568 
1.17226 0.00602691 0.232624 
1.17395 0.00244295 -0.213255 
1.25968 0.00232738 0.0946055 
1.18366 0.00243027 0.101407 
1.20879 0.000590627 -0.21597 
1.21057 0.00843628 -0.213368 
1.20529 0.000385684 0.227049 
1.20337 0.00825521 0.229598 
1.18424 0.00544374 -0.100108 
1.26188 0.00284146 -0.0764223 
1.17168 0.00263768 0.218705 
1.17698 0.00622504 -0.223407 
1.25217 0.00133016 0.128169 
1.18633 0.0062816 0.0673893 
1.22073 0.00717516 -0.19917 
1.1948 0.00360644 0.237031 
1.18126 0.00732987 -0.131438 
1.26645 0.00731757 -0.0376063 
1.17221 0.00309095 0.200847 
1.18122 0.00601747 -0.229712 
1.2425 0.00306303 0.158937 
1.1885 0.00316719 0.0288773 
1.23043 0.00203502 -0.181531 
1.18658 0.00255681 0.241191 
1.17806 0.00698608 -0.160003 
1.26794 0.00332811 -0.000599151 
1.17369 0.00700297 0.179315 
1.1865 0.00194651 -0.232355 
1.23246 0.000535703 0.183718 
1.23092 0.00826711 0.186356 
1.18891 0.000469781 -0.0101938 
1.18898 0.00843802 -0.00699376 
1.24072 0.000769074 -0.157728 
1.24199 0.00845647 -0.155022 
1.17903 0.0052124 0.241962 
1.17502 0.00384957 -0.185265 
1.26658 0.00677315 0.0393559 
1.17741 0.00582288 0.151623 
1.19454 0.00215499 -0.22902 
1.22126 0.00183643 0.204972 
1.18803 0.00552763 -0.0457385 
1.2507 0.00359487 -0.127844 
1.17454 0.00373818 0.236576 
1.17441 0.00542789 -0.204062 
1.26275 0.00326332 0.0757287 
1.18106 0.00704556 0.121001 
1.20487 0.00664215 -0.219863 
1.20921 0.00711393 0.222663 
1.18543 0.00178524 -0.0832891 
1.25859 0.00344187 -0.0950011 
1.17124 0.00626926 0.227355 
1.17486 0.00326757 -0.218973 
1.25649 0.00116363 0.110487 
1.18522 0.0021354 0.084923 
1.21517 0.00741021 -0.207443 
1.2006 0.000512527 0.231837 
1.19863 0.00840693 0.234375 
1.18262 0.00462863 -0.115832 
1.26415 0.00114188 -0.0598888 
1.26461 0.00872257 -0.0570756 
1.17123 0.00471507 0.211591 
1.17847 0.00518018 -0.227302 
1.24796 0.00133957 0.142826 
1.18743 0.00653168 0.0501873 
1.22517 0.00434451 -0.19165 
1.19017 0.00545724 0.24028 
1.17942 0.00553561 -0.145916 
1.26745 0.00510316 -0.0204908 
1.17227 0.00684673 0.191991 
1.18322 0.0031424 -0.231856 
1.23737 0.00461741 0.172082 
1.18889 0.00368968 0.0113076 
1.23598 0.00511367 -0.169702 
1.1822 0.00613708 0.242875 
1.1762 0.00394965 -0.172972 
1.26777 0.000960618 0.0166849 
1.26761 0.00852636 0.0195107 
1.17581 0.00416637 0.166045 
1.19088 0.0052923 -0.230297 
1.22667 0.00386806 0.195211 
1.18856 0.000969401 -0.0277126 
1.24558 0.00209899 -0.144277 
1.17717 0.00258898 0.239447 
1.17513 0.00735231 -0.193742 
1.26512 0.00459753 0.0563934 
1.17949 0.00418568 0.136887 
1.19914 0.00379249 -0.225435 
1.21496 0.00705394 0.214768 
1.18714 0.00571601 -0.0628199 
1.25462 0.00343415 -0.112935 
1.17322 0.00297624 0.232276 
1.17503 0.00722067 -0.210766 
1.26015 0.00164238 0.0921165 
1.18292 0.00634872 0.105064 
1.20951 0.00655471 -0.21476 
1.20449 0.00633419 0.228268 
1.18394 0.00138415 -0.0995513 
1.26146 0.00216975 -0.0789355 
1.17051 0.00738515 0.221222 
1.17604 0.00321923 -0.223829 
1.25282 0.000498285 0.125837 
1.25176 0.00813274 0.128572 
1.18653 0.00213039 0.0680521 
1.21972 0.00554727 -0.200779 
1.19592 0.00144533 0.235906 
1.18084 0.00338491 -0.130995 
1.26624 0.00673098 -0.0402151 
1.17104 0.00760493 0.203651 
1.1802 0.00326928 -0.23036 
1.2433 0.00203066 0.156805 
1.18825 0.00694468 0.0327663 
1.22949 0.00066345 -0.183364 
1.23098 0.00840485 -0.180701 
1.18769 0.000154439 0.240274 
1.18562 0.00811867 0.2428 
1.17752 0.0031902 -0.159705 
1.26791 0.00277509 -0.00324577 
1.17431 0.00326835 0.179584 
1.18741 0.00741614 -0.230639 
1.23187 0.00699311 0.184453 
1.18897 0.00423854 -0.0062906 
1.24118 0.00733664 -0.157087 
1.1801 0.00255888 0.241265 
1.17436 0.000238448 -0.185138 
1.17608 0.00827409 -0.182336 
1.26677 0.00620621 0.0367289 
1.1779 0.00192699 0.152043 
1.19537 0.00782326 -0.227512 
1.22228 0.000309447 0.203294 
1.22058 0.00809141 0.205894 
1.1879 0.00135739 -0.045068 
1.25002 0.00268874 -0.130113 
1.17554 0.000827489 0.236103 
1.17363 0.00203836 -0.20414 
1.26313 0.00263361 0.0731771 
1.18145 0.00302317 0.121541 
1.20379 0.00462829 -0.221141 
1.2103 0.0053267 0.221217 
1.186 0.00566284 -0.0795679 
1.25807 0.00270352 -0.0974424 
1.17216 0.00309797 0.227113 
1.17396 0.000123389 -0.21927 
1.17592 0.00815845 -0.216614 
1.25705 0.000417123 0.108065 
1.25614 0.00803205 0.110823 
1.18458 0.00600691 0.0886566 
1.21413 0.00564607 -0.208935 
1.19976 0.00637096 0.233145 
1.18226 0.000618156 -0.115324 
1.18338 0.00861654 -0.112283 
1.26382 0.000516141 -0.0624528 
1.2643 0.0080983 -0.0596417 
1.17203 0.00129966 0.211566 
1.17748 0.00229495 -0.227829 
1.24868 0.000420212 0.140583 
1.2475 0.00807395 0.143296 
1.18759 0.00235656 0.0508724 
1.22418 0.00283665 -0.193362 
1.19129 0.00318183 0.239255 
1.17895 0.00165551 -0.145535 
1.26733 0.0045383 -0.0231243 
1.17295 0.00321321 0.192166 
1.18217 0.000510784 -0.232602 
1.18416 0.00849923 -0.230016 
1.23824 0.00347619 0.170054 
1.18877 0.00745772 0.0152125 
1.2351 0.00386302 -0.171645 
1.18331 0.0036166 0.242063 
1.1756 0.000235207 -0.172748 
1.17722 0.00826507 -0.169898 
1.26784 0.000407419 0.0140398 
1.2677 0.00797281 0.0168663 
1.17637 0.000352508 0.166386 
1.17473 0.00838372 0.169246 
1.1898 0.00290821 -0.231258 
1.22765 0.00247738 0.193412 
1.18874 0.00474905 -0.0238282 
1.24481 0.00108255 -0.146439 
1.1761 0.00783419 0.241398 
1.17442 0.00384239 -0.193712 
1.2654 0.00400777 0.0537947 
1.17992 0.000226906 0.137365 
1.17853 0.00824037 0.140327 
1.19804 0.00164786 -0.226599 
1.21602 0.00540245 0.213203 
1.18696 0.00157144 -0.0621763 
1.25402 0.00261337 -0.11529 
