1.09288 0.00820676 -0.318867 
1.30367 0.0056964 0.0036025 
1.0881 0.00376206 0.328047 
1.0889 0.00482914 -0.394864 
1.25896 0.00483059 0.235481 
1.14062 0.00192663 0.152809 
1.14734 0.00156572 -0.383383 
1.16924 0.0036394 0.374221 
1.1529 0.00796078 -0.0800773 
1.23517 0.00213993 -0.28105 
1.09895 0.00172227 0.407615 
1.10431 0.00340697 -0.279309 
1.29975 0.000485559 -0.0700704 
1.30026 0.0078901 -0.0674092 
1.07849 0.00469604 0.361658 
1.08243 0.00850747 -0.383677 
1.2808 0.00132106 0.173162 
1.1246 0.00424693 0.213672 
1.12635 0.00320487 -0.394345 
1.19483 0.00407848 0.347665 
1.1572 0.00623189 -0.011482 
1.20798 0.00111037 -0.324389 
1.11531 0.00330271 0.406205 
1.12013 0.00476926 -0.230009 
1.28853 0.0039201 -0.138415 
1.07494 0.00703492 0.386438 
1.08074 0.00578361 -0.364652 
1.29542 0.00412141 0.106201 
1.10816 0.00396246 0.26646 
1.10957 0.00804773 -0.398054 
1.22314 0.000438342 0.308073 
1.22087 0.00819738 0.310301 
1.15476 0.00483039 0.0583858 
1.18324 0.00611911 -0.354277 
1.13574 0.003624 0.397803 
1.13504 0.00144653 -0.174434 
1.27 0.00309804 -0.202452 
1.08245 0.000287671 0.399386 
1.08602 0.00175926 -0.336101 
1.30274 0.007222 0.035909 
1.09256 0.00676095 0.311674 
1.09365 0.00394969 -0.397484 
1.24859 0.00341058 0.259536 
1.14609 0.00275427 0.124905 
1.15945 0.00750833 -0.374969 
1.15721 0.00765049 0.383919 
1.14795 0.00102855 -0.112036 
1.24654 0.00231371 -0.258834 
1.09075 0.00733141 0.407628 
1.09941 0.00714675 -0.297215 
1.30248 0.00154367 -0.0381409 
1.08199 0.00454993 0.347892 
1.08252 0.00121013 -0.390785 
1.27157 0.00418799 0.202026 
1.13214 0.00278697 0.187449 
1.13531 0.00245911 -0.390279 
1.18361 0.00286508 0.360452 
1.1561 0.00717004 -0.0420556 
1.22073 0.00385961 -0.305991 
1.10681 0.00477907 0.408092 
1.11206 0.00115002 -0.253707 
1.29462 0.00477367 -0.107944 
1.0769 0.00225506 0.375972 
1.07864 0.00178745 -0.375453 
1.28956 0.00473466 0.137022 
1.11648 0.000144926 0.242982 
1.11398 0.00851508 0.245558 
1.11504 0.00176135 -0.398176 
1.21054 0.00234497 0.327132 
1.15666 0.00582703 0.0279102 
1.19455 0.00596936 -0.341987 
1.12671 0.0025144 0.402113 
1.12793 0.000310344 -0.200635 
1.13001 0.00860419 -0.197806 
1.27946 0.00667276 -0.17403 
1.07907 0.00110169 0.394348 
1.08249 0.00231972 -0.350054 
1.30076 0.000992468 0.065337 
1.30024 0.00839488 0.0679931 
1.10033 0.00185123 0.291769 
1.09873 0.00170455 -0.399322 
1.23738 0.00298714 0.282325 
1.15056 0.00397278 0.0962391 
1.16878 0.00412507 -0.367565 
1.14783 0.00496511 0.390588 
1.14293 0.00198239 -0.139889 
1.25711 0.00153898 -0.235302 
1.08591 0.00589383 0.405088 
1.09213 0.00191925 -0.316035 
1.30364 0.00300225 -0.00589385 
1.08592 0.00612598 0.332971 
1.08654 0.00161635 -0.3947 
1.26256 0.0010666 0.227442 
1.26084 0.00863422 0.229867 
1.13884 0.00251563 0.160428 
1.14452 0.0011075 -0.385152 
1.17199 0.00415596 0.371736 
1.15297 0.000153745 -0.0752303 
1.15379 0.00830897 -0.0719351 
1.23288 0.00521935 -0.285772 
1.09844 0.00807553 0.409075 
1.10663 0.00532186 -0.273419 
1.29916 0.00541026 -0.0767125 
1.07653 0.00812044 0.365798 
1.08057 0.00469139 -0.382717 
1.28214 0.00598289 0.167021 
1.12227 0.00554675 0.220764 
1.12367 0.00233056 -0.395464 
1.19739 0.00605642 0.344281 
1.15727 0.00668397 -0.00292976 
1.20548 0.0033956 -0.328075 
1.11795 0.002238 0.405322 
1.12245 0.00628319 -0.223182 
1.28629 0.0012767 -0.147235 
1.07663 0.00300153 0.38779 
1.07946 0.000921764 -0.36274 
1.29695 0.00170133 0.0970028 
1.10571 0.00580228 0.272683 
1.107 0.0062225 -0.398592 
1.22548 0.00344206 0.303605 
1.15398 0.00520891 0.066723 
1.18054 0.00698837 -0.356997 
1.13853 0.00310255 0.396249 
1.13695 0.00223868 -0.167026 
1.26827 0.0070897 -0.20818 
1.08156 0.00556651 0.401614 
1.08809 0.00434188 -0.33143 
1.30321 0.00456711 0.0264342 
1.09321 0.000360185 0.314774 
1.09118 0.00105305 -0.397559 
1.25065 0.00691887 0.254205 
1.14459 0.00316247 0.132721 
1.15663 0.00729019 -0.377013 
1.16003 0.0076719 0.381738 
1.14923 0.00139432 -0.10416 
1.24439 0.00560532 -0.263927 
1.09328 0.00470544 0.407502 
1.09888 0.000679865 -0.294039 
1.30214 0.00634147 -0.0448935 
1.07991 0.00743206 0.352393 
1.08349 0.00629574 -0.388377 
1.27464 0.000961507 0.193612 
1.27317 0.00847513 0.196104 
1.13002 0.00374945 0.194809 
1.13256 0.00180383 -0.391691 
1.18625 0.00418904 0.357505 
1.15655 0.00758194 -0.0336276 
1.21832 0.00659079 -0.310156 
1.10941 0.00327439 0.407477 
1.11445 0.00290059 -0.247285 
1.29288 0.00231276 -0.117001 
1.07518 0.00639827 0.379592 
1.08021 0.00608752 -0.37205 
1.29158 0.00225411 0.128033 
1.11404 0.00179628 0.249648 
1.11243 0.000416606 -0.398942 
1.21298 0.00499937 0.323137 
1.15624 0.00626075 0.0364207 
1.19194 0.00749808 -0.345098 
1.12944 0.00182072 0.400854 
1.13009 0.00143092 -0.193451 
1.27665 0.00357123 -0.182528 
1.07793 0.00614781 0.396948 
1.08445 0.00537484 -0.345716 
1.30121 0.00585685 0.0586059 
1.09798 0.00383225 0.297452 
1.09922 0.0077435 -0.39775 
1.23959 0.00627417 0.277333 
1.14936 0.00431564 0.104279 
1.16599 0.00427869 -0.369879 
1.15066 0.00467527 0.388681 
1.14449 0.00246439 -0.13223 
1.25511 0.00508409 -0.240704 
1.08836 0.00289837 0.405178 
1.0943 0.0041055 -0.31094 
1.30345 0.000317409 -0.0153843 
1.30354 0.00770772 -0.0127027 
1.08678 8.16605e-06 0.335748 
1.08375 0.00858423 0.337797 
1.0873 0.00692658 -0.392625 
1.26438 0.00497039 0.221759 
1.13698 0.00317372 0.167994 
1.14172 0.000605102 -0.386846 
1.17473 0.00482997 0.369162 
1.15386 0.000516298 -0.0670375 
1.15458 0.00866692 -0.0637249 
1.22846 0.000518559 -0.292682 
1.23058 0.00824383 -0.290385 
1.10102 0.00605593 0.408693 
1.10897 0.0072062 -0.267403 
1.2979 0.00295251 -0.0859686 
1.07775 0.00305922 0.36795 
1.07878 0.000777431 -0.381634 
1.28465 0.00325686 0.158277 
1.11989 0.00693505 0.227765 
1.12101 0.00137527 -0.396504 
1.20238 0.000324286 0.338636 
1.19992 0.00819433 0.340772 
1.15723 0.00713974 0.00563389 
1.20296 0.00554028 -0.331635 
1.12061 0.00127284 0.404361 
1.12471 0.00771818 -0.216256 
1.28506 0.00602112 -0.153413 
1.07522 0.00773307 0.390821 
1.08129 0.00453827 -0.358787 
1.29765 0.00668552 0.0903922 
1.10325 0.00768147 0.278778 
1.10444 0.00425499 -0.39907 
1.2278 0.00651238 0.299018 
1.1531 0.00557415 0.0750003 
1.17782 0.00769266 -0.359625 
1.14133 0.00262541 0.394618 
1.13879 0.00295197 -0.159561 
1.26493 0.00343039 -0.216324 
1.08386 0.00229214 0.401977 
1.09016 0.00681694 -0.326659 
1.30352 0.00189361 0.0169456 
1.09098 0.0025287 0.31997 
1.09178 0.00662615 -0.395742 
1.25454 0.00289058 0.246416 
1.14301 0.00360894 0.140481 
1.15382 0.0069994 -0.378986 
1.16284 0.00780843 0.379481 
1.15043 0.00174803 -0.0962175 
1.24023 0.00117817 -0.271283 
1.09582 0.00220373 0.407317 
1.10117 0.00267328 -0.288469 
1.30137 0.00377872 -0.0542941 
1.08096 0.00183593 0.35485 
1.08144 0.00269616 -0.387709 
1.27617 0.00535857 0.187631 
1.12783 0.00480401 0.202102 
1.12983 0.00109952 -0.393023 
1.18888 0.00569221 0.354448 
1.15689 0.00800851 -0.025153 
1.21362 0.00142424 -0.316429 
1.11202 0.0019017 0.406792 
1.11682 0.00459651 -0.240743 
1.2919 0.00726105 -0.123384 
1.07667 0.00202879 0.381255 
1.07875 0.00161807 -0.370426 
1.29253 0.00724472 0.121587 
1.11159 0.003509 0.256197 
1.11279 0.00737229 -0.397766 
1.2154 0.00775923 0.319013 
1.15571 0.00668208 0.0448945 
1.1868 0.000904275 -0.350224 
1.13217 0.00118296 0.399515 
1.13218 0.00245993 -0.186197 
1.2737 0.000348283 -0.190944 
1.27511 0.00786169 -0.188426 
1.08002 0.00262466 0.397658 
1.08643 0.00828714 -0.341271 
1.30202 0.00328689 0.0491862 
1.09564 0.00584823 0.303015 
1.09671 0.00515398 -0.397982 
1.24379 0.00195766 0.269919 
1.14807 0.00466684 0.112255 
1.16319 0.00431518 -0.372117 
1.15349 0.00445696 0.3867 
1.14597 0.0029036 -0.124514 
1.25127 0.000944323 -0.248436 
1.25309 0.00855895 -0.246029 
1.08771 0.00856949 0.406976 
1.09648 0.00623386 -0.305738 
1.30328 0.00504056 -0.0221837 
1.08466 0.00255675 0.340514 
1.08503 0.00358009 -0.392309 
1.26777 0.00142719 0.213556 
1.13504 0.00390789 0.175506 
1.13892 6.15786e-05 -0.388465 
1.14174 0.0082988 -0.386505 
1.17744 0.00566996 0.366495 
1.15465 0.000891344 -0.0587768 
1.22611 0.00347062 -0.297179 
1.1036 0.00417987 0.408251 
1.10873 0.000644484 -0.263749 
1.29649 0.000508447 -0.0951728 
1.29718 0.00792607 -0.0925306 
1.07588 0.0067937 0.371883 
1.08016 0.00540182 -0.378574 
1.28701 0.000618676 0.149459 
1.28586 0.00807889 0.152024 
1.11987 5.88958e-05 0.232033 
1.11746 0.00840772 0.234671 
1.11836 0.000328535 -0.397466 
1.12128 0.00869891 -0.395567 
1.20488 0.00262619 0.334996 
1.15707 0.00759534 0.0141981 
1.20042 0.00753404 -0.33507 
1.12328 0.000396983 0.40332 
1.12476 0.000756615 -0.212009 
1.28259 0.00321282 -0.162102 
1.07705 0.003907 0.391943 
1.08315 0.00799665 -0.35471 
1.29895 0.00423441 0.0811046 
1.10358 0.00114158 0.282401 
1.10188 0.00214536 -0.39949 
1.23227 0.00193012 0.292049 
1.15212 0.00592863 0.0832145 
1.17247 0.000207855 -0.364236 
1.17509 0.0082395 -0.362165 
1.14413 0.00219455 0.39291 
1.14055 0.00359273 -0.152041 
1.26309 0.00722096 -0.221921 
1.08306 0.00769479 0.404032 
1.08934 0.000649205 -0.323937 
1.3036 0.00659785 0.0101306 
1.08877 0.004763 0.32506 
1.08936 0.00355468 -0.3957 
1.25651 0.00655061 0.240927 
1.14135 0.00410237 0.148185 
1.15101 0.00664587 -0.380886 
1.16834 5.6248e-06 0.37514 
1.16563 0.00807249 0.377144 
1.15153 0.00209671 -0.0882056 
1.238 0.0043575 -0.276186 
1.09528 0.00835188 0.408864 
1.10347 0.00463648 -0.282779 
1.30045 0.00124908 -0.0636598 
1.3009 0.00865085 -0.0609938 
1.07896 0.00499618 0.359177 
1.08254 0.00764762 -0.385082 
