1.01648 0.783565 0.100983 
1.01285 0.79275 0.100959 
1.01535 0.784258 0.180172 
1.01211 0.793571 0.179593 
0.935788 0.778743 0.182402 
0.931928 0.788546 0.181261 
1.06019 0.777325 0.0956311 
1.05693 0.786251 0.0959324 
0.948809 0.785087 0.222139 
0.992048 0.782373 0.119235 
0.988285 0.791725 0.11891 
1.03798 0.784566 0.153317 
1.03478 0.793705 0.153048 
0.925441 0.782052 0.202648 
0.921659 0.79197 0.20131 
1.04842 0.782584 0.0893083 
1.04505 0.791574 0.089576 
0.974377 0.778465 0.213901 
0.97099 0.78808 0.212875 
0.966438 0.783154 0.142131 
0.962586 0.792696 0.141454 
1.05621 0.776794 0.126755 
1.05302 0.785781 0.126801 
0.926019 0.783698 0.216911 
0.922346 0.793646 0.215503 
1.03079 0.783493 0.0932371 
1.02727 0.792588 0.093366 
0.998535 0.784269 0.1955 
0.995246 0.79371 0.19472 
0.945377 0.781313 0.166784 
0.941501 0.791028 0.165798 
1.06013 0.78194 0.105298 
1.05692 0.790884 0.105507 
0.936513 0.786161 0.222817 
1.0093 0.780251 0.106681 
1.00563 0.789481 0.106579 
1.02514 0.780891 0.17115 
1.02191 0.790127 0.1707 
0.930519 0.781253 0.189911 
0.926684 0.79111 0.18868 
1.05773 0.77722 0.0921571 
1.05443 0.786155 0.0924734 
0.957895 0.780981 0.220544 
0.954448 0.79072 0.21936 
0.98184 0.785214 0.126821 
1.04524 0.782259 0.143721 
1.04205 0.791339 0.143567 
0.926493 0.777202 0.209236 
0.922736 0.787118 0.207889 
1.04489 0.777871 0.0893552 
1.04147 0.786875 0.089621 
0.983282 0.778916 0.208486 
0.979929 0.788466 0.207549 
0.957587 0.784593 0.150608 
1.05742 0.782381 0.118426 
1.05423 0.791358 0.11852 
0.929408 0.782413 0.220298 
0.925773 0.792343 0.218903 
1.02347 0.782997 0.0969782 
1.01989 0.792136 0.0970336 
1.00958 0.779147 0.187814 
1.00631 0.788499 0.187168 
0.938562 0.782923 0.175062 
0.934696 0.7927 0.173969 
1.05883 0.784462 0.0997215 
1.05559 0.79341 0.0999568 
0.945127 0.779159 0.223769 
0.941602 0.788985 0.222484 
0.998617 0.784878 0.113142 
1.0341 0.778162 0.161667 
1.03089 0.787327 0.161342 
0.926144 0.784523 0.196746 
1.05147 0.7845 0.0902204 
1.04813 0.793477 0.0904902 
0.967033 0.778508 0.217547 
0.963617 0.788177 0.216451 
0.975852 0.777926 0.135346 
0.972016 0.787392 0.134806 
1.05149 0.779831 0.13433 
1.04831 0.788859 0.134286 
0.924662 0.783422 0.213452 
0.920955 0.793371 0.21205 
1.03775 0.780443 0.0909396 
1.03427 0.789491 0.0911411 
0.991888 0.780843 0.201897 
0.988569 0.790331 0.201048 
0.949386 0.785933 0.159122 
1.06086 0.778121 0.110796 
1.05766 0.787063 0.110981 
0.933487 0.782541 0.222397 
0.929894 0.792449 0.221022 
1.0162 0.780913 0.101827 
1.01256 0.790097 0.101805 
1.01672 0.784392 0.178727 
1.01348 0.793694 0.178165 
0.932577 0.784964 0.182958 
1.0601 0.776681 0.0949679 
1.05683 0.785605 0.0952764 
0.95054 0.78352 0.22208 
0.947065 0.793315 0.220828 
0.991909 0.779128 0.120539 
0.988138 0.788477 0.120216 
1.03896 0.784906 0.151759 
1.03576 0.794038 0.151505 
0.926468 0.778811 0.204081 
0.922685 0.788719 0.202755 
1.04814 0.78121 0.0892061 
1.04476 0.7902 0.0894783 
0.976095 0.777649 0.213199 
0.972712 0.787251 0.212192 
0.966533 0.77957 0.143743 
0.962675 0.789109 0.143069 
1.05673 0.777006 0.125362 
1.05354 0.785988 0.12542 
0.927402 0.781 0.21787 
0.92373 0.790936 0.216476 
1.03047 0.781328 0.0937213 
1.02694 0.790421 0.0938531 
1.00008 0.784102 0.194281 
0.9968 0.793531 0.193519 
0.945794 0.777652 0.168515 
0.941914 0.787361 0.167535 
1.06023 0.7817 0.104312 
1.05702 0.790642 0.10453 
0.938157 0.784127 0.223174 
0.934609 0.794007 0.221825 
1.00907 0.777364 0.107702 
1.00538 0.786592 0.107602 
1.02638 0.781139 0.169625 
1.02315 0.790365 0.169191 
0.931303 0.777768 0.191538 
0.927465 0.787616 0.190317 
1.05426 0.785265 0.0920069 
0.95964 0.779681 0.220251 
0.956196 0.789406 0.219085 
0.981771 0.781818 0.128253 
0.977963 0.791243 0.127791 
1.04606 0.782594 0.142189 
1.04287 0.791668 0.142049 
0.923893 0.784044 0.209182 
0.920156 0.79399 0.207794 
1.04116 0.785225 0.0897267 
0.984957 0.778349 0.207581 
0.981608 0.787886 0.206662 
0.957786 0.780952 0.152286 
0.953914 0.790562 0.151485 
1.05778 0.782464 0.117162 
1.05459 0.791437 0.117267 
0.930898 0.779942 0.221051 
0.927264 0.789859 0.219671 
1.02317 0.78056 0.097662 
1.01958 0.789699 0.0977198 
1.01103 0.779164 0.186449 
1.00776 0.788506 0.185821 
0.939104 0.779294 0.176784 
0.935235 0.789065 0.175699 
1.05882 0.78401 0.098911 
1.05558 0.792956 0.0991541 
0.946825 0.777386 0.22389 
0.943303 0.787198 0.222622 
0.998425 0.781783 0.114325 
0.994691 0.791088 0.114084 
1.0352 0.778482 0.160101 
1.03199 0.787638 0.159791 
0.927059 0.781156 0.198283 
0.923255 0.791053 0.196983 
1.05123 0.783352 0.0899494 
1.04789 0.792328 0.0902246 
0.968772 0.777474 0.217027 
0.965359 0.787129 0.215949 
0.972028 0.783879 0.136346 
0.968193 0.793379 0.135747 
1.05215 0.780116 0.132861 
1.04896 0.789139 0.13283 
0.925945 0.780546 0.214569 
0.922239 0.790484 0.213181 
1.03743 0.778512 0.0912502 
1.03395 0.78756 0.0914549 
0.993502 0.780506 0.200809 
0.990187 0.789981 0.199978 
0.949698 0.782266 0.160842 
0.945823 0.791944 0.159921 
1.06108 0.778042 0.109671 
1.05788 0.786982 0.109865 
0.935068 0.780307 0.222935 
0.931477 0.790201 0.221576 
1.01592 0.778221 0.102699 
1.01228 0.787405 0.10268 
1.01806 0.784545 0.177268 
1.01482 0.793838 0.176723 
0.933249 0.781398 0.184644 
0.929399 0.791226 0.183462 
1.05672 0.784922 0.0946497 
1.05345 0.793875 0.0949115 
0.952273 0.781997 0.221982 
0.948802 0.791778 0.220747 
0.988004 0.785204 0.121544 
1.03991 0.785248 0.150204 
0.923733 0.785497 0.204174 
1.04787 0.779793 0.0891358 
1.04448 0.788782 0.0894127 
0.977807 0.776875 0.212462 
0.974427 0.786463 0.211473 
0.962782 0.785511 0.144695 
1.05723 0.7772 0.123986 
1.05404 0.786178 0.124057 
0.928803 0.778341 0.218793 
0.925131 0.788264 0.217413 
1.03016 0.779118 0.0942374 
1.02662 0.788211 0.094372 
1.00162 0.783966 0.193037 
0.998339 0.793383 0.192294 
0.942347 0.7837 0.16927 
0.938477 0.793443 0.168237 
1.06032 0.781428 0.103353 
1.0571 0.790368 0.103579 
0.939811 0.782135 0.223493 
0.936266 0.792001 0.22216 
1.00514 0.783669 0.108651 
1.00145 0.79293 0.108492 
1.0276 0.7814 0.168093 
1.02437 0.790617 0.167675 
0.928268 0.784143 0.191937 
0.924446 0.794024 0.190669 
1.05407 0.784334 0.0915708 
1.05076 0.793298 0.0918448 
0.961385 0.778425 0.21992 
0.957944 0.788136 0.218772 
0.981716 0.778403 0.129703 
0.977901 0.787825 0.129243 
1.04685 0.782924 0.140667 
1.04367 0.791991 0.140541 
0.925072 0.781002 0.210446 
0.921334 0.790938 0.20907 
1.04085 0.78353 0.0898648 
1.03741 0.792564 0.0900809 
0.986623 0.777822 0.206643 
0.983278 0.787346 0.205742 
0.958004 0.777306 0.15397 
0.954127 0.786912 0.153174 
1.05812 0.782522 0.115919 
1.05493 0.791492 0.116035 
0.932403 0.777512 0.221766 
0.92877 0.787416 0.220401 
1.02287 0.778081 0.0983763 
1.01927 0.787219 0.0984365 
1.01247 0.779207 0.185065 
1.00921 0.788537 0.184454 
0.935795 0.78544 0.177422 
1.05879 0.783521 0.0981287 
1.05555 0.792466 0.0983796 
0.945011 0.785453 0.22272 
0.998244 0.778657 0.115532 
0.994502 0.787961 0.115293 
1.03628 0.778808 0.158533 
1.03307 0.787956 0.158238 
0.927997 0.777814 0.199799 
0.924191 0.787701 0.198509 
1.05098 0.782162 0.0897098 
1.04763 0.791137 0.0899902 
0.967098 0.786125 0.21541 
0.972058 0.780352 0.1379 
0.968215 0.789848 0.137304 
1.05278 0.78039 0.131406 
1.0496 0.789408 0.131387 
0.927248 0.777707 0.215653 
0.923542 0.787633 0.214279 
1.03363 0.785584 0.0918011 
0.995105 0.780203 0.199692 
0.991793 0.789666 0.19888 
0.950032 0.778599 0.162564 
0.946151 0.788272 0.161648 
1.06128 0.777935 0.10857 
1.05807 0.786872 0.108775 
0.936662 0.778114 0.223434 
0.933072 0.787994 0.222091 
1.01201 0.784674 0.103583 
1.00836 0.79389 0.103506 
1.01939 0.784718 0.175796 
1.01615 0.794001 0.175268 
0.933943 0.777848 0.186318 
0.93009 0.787669 0.185144 
1.0566 0.784199 0.0940525 
1.05333 0.793152 0.0943211 
0.95401 0.780518 0.221845 
0.950542 0.790284 0.220628 
0.987884 0.781906 0.122892 
0.984102 0.791287 0.122512 
1.04084 0.78559 0.148653 
0.924802 0.782305 0.205567 
0.921037 0.792234 0.204208 
1.04758 0.778332 0.0890978 
1.04419 0.78732 0.089379 
0.976137 0.785718 0.210719 
0.962908 0.781905 0.146332 
0.959046 0.791474 0.145605 
1.0577 0.777375 0.12263 
1.05451 0.786349 0.122712 
0.926549 0.785632 0.218315 
1.02985 0.776865 0.0947852 
1.0263 0.785957 0.0949224 
1.00314 0.78386 0.191771 
0.999864 0.793265 0.191045 
0.942803 0.780044 0.171002 
0.938928 0.789782 0.169976 
1.06039 0.781123 0.10242 
1.05717 0.790062 0.102656 
0.941475 0.780186 0.223772 
0.937931 0.790038 0.222456 
1.00492 0.780711 0.109726 
1.00121 0.789971 0.109569 
1.02879 0.781673 0.166553 
1.02557 0.790881 0.166152 
0.929093 0.780691 0.19354 
0.925269 0.790563 0.192282 
1.05387 0.783363 0.0911653 
1.05056 0.792326 0.0914452 
0.96313 0.777213 0.219551 
0.959692 0.78691 0.218421 
0.977855 0.784388 0.130713 
0.974039 0.793844 0.130194 
1.04762 0.783247 0.139154 
1.04443 0.792308 0.139042 
0.926271 0.777994 0.211679 
0.922532 0.787919 0.210316 
1.04054 0.78179 0.0900354 
1.03709 0.790823 0.0902552 
0.98828 0.777333 0.205673 
0.984938 0.786844 0.204791 
0.95436 0.783258 0.154869 
0.950489 0.792897 0.154017 
1.05844 0.782556 0.114698 
1.05524 0.791523 0.114825 
0.930292 0.785013 0.221094 
1.01898 0.784698 0.0991833 
1.01537 0.793869 0.0991856 
1.01389 0.779274 0.183663 
1.01063 0.788594 0.18307 
0.936378 0.781826 0.179137 
0.932517 0.791624 0.178008 
1.05875 0.782997 0.0973749 
1.0555 0.791941 0.0976335 
0.946724 0.783752 0.222779 
0.94323 0.793574 0.221496 
0.994325 0.784805 0.116525 
1.03734 0.779141 0.156963 
1.03413 0.788281 0.156685 
0.925148 0.784376 0.200013 
1.05073 0.780928 0.0895018 
1.04738 0.789904 0.0897872 
0.968833 0.785164 0.214834 
0.972105 0.776811 0.139467 
0.968255 0.786304 0.138875 
1.05339 0.78065 0.129965 
1.0502 0.789663 0.12996 
0.924864 0.784819 0.215344 
1.0333 0.783563 0.0921796 
1.0298 0.792642 0.0923321 
0.996695 0.779935 0.198549 
0.993388 0.789386 0.197754 
0.946501 0.784603 0.163377 
1.06145 0.777798 0.107495 
1.05825 0.786732 0.107709 
0.93468 0.78583 0.222567 
1.01175 0.781905 0.104515 
1.00809 0.79112 0.104439 
1.02069 0.78491 0.174313 
0.930803 0.784127 0.186814 
0.926965 0.793981 0.185592 
1.05647 0.783438 0.0934851 
1.05319 0.79239 0.0937603 
0.955749 0.779083 0.221668 
0.952284 0.788835 0.22047 
0.987779 0.778585 0.12426 
0.983988 0.787963 0.123883 
1.04494 0.776853 0.147268 
1.04174 0.785932 0.147107 
0.925893 0.779143 0.206933 
0.922127 0.789062 0.205587 
1.0473 0.776826 0.089092 
1.04389 0.785815 0.0893776 
0.977839 0.785013 0.209931 
0.963053 0.77829 0.147977 
0.959185 0.787855 0.147255 
1.05814 0.77753 0.121292 
1.05495 0.7865 0.121387 
0.927985 0.783038 0.21918 
0.924337 0.792976 0.217778 
1.02599 0.78366 0.0955043 
1.02243 0.792784 0.0955847 
1.00465 0.783783 0.190482 
1.00137 0.793177 0.189773 
0.939401 0.786127 0.171711 
1.06044 0.780785 0.101515 
1.05721 0.789721 0.101759 
0.943147 0.778279 0.224012 
0.939606 0.788118 0.222713 
1.0047 0.777721 0.110827 
1.00099 0.786979 0.110672 
1.02997 0.781958 0.165007 
1.02675 0.791158 0.164622 
0.929941 0.77726 0.195126 
0.926114 0.787124 0.193877 
1.05367 0.78235 0.0907906 
1.05035 0.791313 0.0910762 
0.961439 0.785727 0.218031 
0.977825 0.780932 0.132199 
0.974001 0.790386 0.131684 
1.04836 0.783562 0.137651 
1.04518 0.792618 0.137553 
0.923751 0.784934 0.211531 
1.04023 0.780005 0.0902385 
1.03677 0.789038 0.0904619 
0.989927 0.776882 0.204673 
0.986589 0.786381 0.203808 
0.954614 0.779601 0.156569 
0.950737 0.789236 0.155723 
1.05873 0.782565 0.1135 
1.05553 0.791528 0.113637 
0.931828 0.782651 0.221749 
0.92822 0.792568 0.220364 
1.01868 0.782137 0.09996 
1.01507 0.791306 0.0999646 
1.01529 0.779364 0.182244 
1.01203 0.788673 0.181668 
0.936982 0.778225 0.180844 
0.933118 0.788016 0.179723 
1.05869 0.782436 0.0966498 
1.05543 0.791378 0.0969159 
0.948443 0.782095 0.222799 
0.944951 0.791902 0.221533 
0.994161 0.781621 0.117779 
0.990406 0.790956 0.117483 
1.03837 0.779478 0.155394 
1.03516 0.78861 0.155131 
0.926128 0.781077 0.201494 
0.922338 0.790987 0.200171 
1.05047 0.779653 0.0893254 
1.04711 0.788627 0.0896157 
0.970564 0.784246 0.214222 
0.967183 0.793896 0.213149 
0.968313 0.782747 0.140459 
0.964466 0.792275 0.139808 
1.05396 0.780896 0.12854 
1.05078 0.789904 0.128547 
0.926205 0.782042 0.216374 
0.92252 0.791984 0.214974 
1.03299 0.781497 0.0925903 
1.02947 0.790576 0.0927458 
0.998272 0.779701 0.197378 
0.994969 0.78914 0.196601 
0.946872 0.780935 0.165106 
0.942994 0.790637 0.164143 
1.06161 0.77763 0.106445 
1.0584 0.786562 0.106669 
0.936299 0.783708 0.223004 
0.932735 0.793599 0.221643 
1.01149 0.7791 0.105474 
1.00782 0.788314 0.1054 
1.02198 0.785118 0.172817 
0.931538 0.780604 0.18847 
0.927697 0.790449 0.187257 
1.05632 0.782638 0.0929475 
1.05303 0.791588 0.0932293 
0.95749 0.777691 0.221453 
0.954028 0.787429 0.220272 
0.983889 0.784617 0.125272 
0.980096 0.794029 0.124836 
1.04582 0.777199 0.145713 
1.04262 0.786272 0.145566 
0.923237 0.785921 0.206937 
1.04359 0.784265 0.0894083 
1.04018 0.793284 0.0896412 
0.979535 0.78435 0.209108 
0.976187 0.793934 0.208125 
0.959343 0.784229 0.148913 
0.95548 0.793829 0.148134 
1.05856 0.777665 0.119975 
1.05537 0.786631 0.120081 
0.929438 0.780484 0.220009 
0.925791 0.79041 0.218621 
1.02568 0.781319 0.0961174 
1.02211 0.790443 0.0962003 
1.00614 0.783734 0.189171 
1.00287 0.793117 0.18848 
0.939896 0.782481 0.173443 
0.936027 0.792245 0.172371 
1.06047 0.780412 0.100638 
1.05724 0.789347 0.10089 
0.941289 0.78624 0.222931 
1.00077 0.783954 0.111799 
0.997059 0.793246 0.111585 
1.03112 0.782254 0.163457 
1.02791 0.791445 0.163087 
0.926981 0.783708 0.195453 
0.923171 0.793604 0.194158 
1.05345 0.781296 0.0904467 
1.05013 0.790258 0.090738 
0.963184 0.784589 0.217604 
0.977811 0.77746 0.133701 
0.97398 0.78691 0.133189 
1.04908 0.783869 0.13616 
1.04589 0.792919 0.136075 
0.92499 0.781984 0.212714 
0.921273 0.791927 0.211324 
1.03991 0.778176 0.0904741 
1.03645 0.787209 0.0907011 
0.98823 0.785955 0.202795 
0.951005 0.785573 0.157432 
1.059 0.782547 0.112326 
1.0558 0.791508 0.112473 
0.933378 0.780331 0.222365 
0.929771 0.790234 0.220996 
1.0184 0.779535 0.100766 
1.01478 0.788703 0.100773 
1.01668 0.779476 0.180809 
1.01342 0.788776 0.18025 
0.933741 0.784421 0.181428 
1.05861 0.781838 0.0959537 
1.05536 0.790779 0.0962271 
0.950166 0.780481 0.22278 
0.946677 0.790274 0.221531 
0.99401 0.778409 0.119056 
0.990246 0.787742 0.118762 
1.03937 0.779819 0.153826 
1.03617 0.788944 0.153578 
0.927129 0.777806 0.202952 
0.923338 0.787706 0.20164 
1.05021 0.778333 0.0891808 
1.04684 0.787308 0.089476 
0.972291 0.78337 0.213573 
0.968913 0.793007 0.212519 
0.968389 0.779179 0.142054 
0.964535 0.788703 0.141408 
1.05452 0.781127 0.127132 
1.05133 0.79013 0.127151 
0.927565 0.779303 0.217369 
0.92388 0.789233 0.215984 
1.03267 0.779387 0.0930331 
1.02915 0.788465 0.0931915 
0.999837 0.7795 0.196181 
0.996537 0.788926 0.195422 
0.947264 0.777272 0.166835 
0.943382 0.786968 0.165878 
1.06174 0.777432 0.105422 
1.05853 0.786361 0.105655 
0.937929 0.781628 0.223403 
0.934367 0.791505 0.222058 
1.00757 0.78547 0.106388 
1.02325 0.785342 0.171312 
0.932295 0.777098 0.190112 
0.928451 0.786936 0.188908 
