1.00234 0.777676 0.143296 
0.998768 0.787003 0.142893 
0.999774 0.780951 0.16557 
0.996316 0.790335 0.164993 
0.977643 0.783506 0.164536 
0.974016 0.793026 0.163801 
1.01352 0.779167 0.143365 
1.01005 0.788431 0.143031 
0.980812 0.780104 0.177348 
0.977267 0.789622 0.17657 
0.995713 0.783518 0.145828 
0.992128 0.792897 0.145341 
1.00536 0.777145 0.161361 
1.00191 0.786483 0.16086 
0.977701 0.777845 0.168954 
0.974072 0.787363 0.168212 
1.0115 0.781999 0.141321 
1.00802 0.791276 0.140977 
0.984106 0.780777 0.17637 
0.980584 0.790274 0.175619 
0.992933 0.77894 0.149593 
0.989324 0.788335 0.149079 
1.00679 0.782973 0.15651 
1.00335 0.792303 0.15603 
0.97491 0.782371 0.172036 
0.9713 0.791919 0.171239 
1.00895 0.783481 0.140381 
1.00545 0.792774 0.140022 
0.98749 0.782838 0.174263 
0.983992 0.792314 0.173541 
0.986958 0.782947 0.153438 
0.983339 0.792391 0.152842 
1.01089 0.779436 0.152249 
1.00745 0.788729 0.151837 
0.97649 0.778329 0.175037 
0.972889 0.787866 0.174248 
1.00604 0.783516 0.140595 
1.00251 0.792826 0.140214 
0.994253 0.776746 0.171795 
0.990764 0.786167 0.171156 
0.985165 0.777046 0.158171 
0.981531 0.786499 0.157553 
1.01073 0.784763 0.148021 
1.00729 0.794058 0.147617 
0.97514 0.784986 0.176253 
1.00293 0.782097 0.141947 
0.999375 0.791425 0.141541 
0.997202 0.781161 0.167851 
0.993736 0.790564 0.167241 
0.980406 0.78043 0.162372 
0.976773 0.789924 0.161681 
1.01324 0.780062 0.144846 
1.00978 0.789331 0.144496 
0.977928 0.783438 0.177128 
0.974376 0.792979 0.176319 
0.999813 0.779301 0.144363 
0.996235 0.788647 0.14393 
1.00313 0.777022 0.163875 
0.999675 0.786377 0.163344 
0.976394 0.784024 0.166313 
0.97277 0.793556 0.165556 
1.01157 0.783579 0.142227 
1.0081 0.79286 0.141872 
0.981096 0.783307 0.176818 
0.977566 0.792827 0.176034 
0.993273 0.784655 0.147246 
0.98968 0.794053 0.146729 
1.00497 0.782732 0.159059 
1.00152 0.792076 0.158552 
0.976797 0.778622 0.170498 
0.973174 0.78815 0.169737 
1.0093 0.785836 0.140657 
0.984462 0.784596 0.175338 
0.980956 0.794095 0.174582 
0.990659 0.779682 0.151305 
0.987043 0.789095 0.150761 
1.00951 0.779265 0.154694 
1.00606 0.788571 0.154258 
0.97435 0.783544 0.173225 
0.970748 0.793099 0.172413 
1.01008 0.777414 0.14055 
1.00656 0.786691 0.140219 
0.991327 0.777788 0.173452 
0.98783 0.78723 0.172778 
0.98491 0.783443 0.15531 
0.981288 0.792903 0.154685 
1.0098 0.784875 0.150181 
0.976236 0.779994 0.175802 
0.972646 0.789537 0.175001 
1.00707 0.776789 0.141288 
1.00353 0.786084 0.140934 
0.994475 0.78163 0.16994 
0.991001 0.791054 0.169297 
0.983402 0.777425 0.160116 
0.979766 0.786892 0.159472 
1.01274 0.780631 0.146605 
1.00929 0.789906 0.146238 
0.978731 0.777699 0.177308 
0.975158 0.787225 0.176524 
1.00038 0.784047 0.142761 
0.996823 0.793395 0.142326 
1.00071 0.777057 0.166286 
0.997241 0.78643 0.165724 
0.978964 0.780856 0.164243 
0.975333 0.790363 0.163528 
1.01146 0.784765 0.143458 
1.008 0.794049 0.14309 
0.981695 0.776784 0.177647 
0.978142 0.786291 0.176885 
0.997317 0.780696 0.145598 
0.993731 0.790062 0.145135 
1.00291 0.782537 0.1616 
0.99946 0.791897 0.161063 
0.975298 0.784643 0.167993 
1.01299 0.778488 0.14161 
1.0095 0.787752 0.141286 
0.984958 0.777299 0.176795 
0.981428 0.786785 0.176059 
0.990894 0.785608 0.148796 
1.00788 0.779026 0.157225 
1.00443 0.788345 0.156761 
0.976046 0.77956 0.171898 
0.97243 0.789096 0.17112 
1.0105 0.780127 0.140544 
1.007 0.789406 0.140206 
0.988333 0.779211 0.174803 
0.984827 0.788677 0.174096 
0.988477 0.780296 0.153104 
0.984857 0.789726 0.152531 
1.00862 0.78481 0.152511 
0.973933 0.784925 0.174231 
1.00763 0.780326 0.14063 
1.0041 0.789622 0.140272 
0.991621 0.782409 0.171793 
0.98814 0.791854 0.171116 
0.982981 0.783873 0.15722 
0.979357 0.793349 0.156568 
1.012 0.780922 0.148608 
1.00855 0.790205 0.148222 
0.976108 0.781905 0.176356 
0.97253 0.791453 0.175544 
1.00454 0.779066 0.141862 
1.00099 0.78838 0.141479 
0.998103 0.777308 0.168545 
0.99463 0.786701 0.16795 
0.981777 0.777804 0.162046 
0.978141 0.787286 0.161376 
1.01114 0.785591 0.144991 
0.978835 0.780203 0.177359 
0.975275 0.789733 0.176567 
0.997848 0.785749 0.14376 
1.00063 0.782452 0.164079 
0.99718 0.79183 0.163512 
0.977674 0.781349 0.166046 
0.974045 0.790868 0.16531 
1.01302 0.779982 0.14259 
1.00955 0.789249 0.142255 
0.98196 0.779912 0.177178 
0.978422 0.789422 0.17641 
0.994864 0.781881 0.146987 
0.99127 0.791265 0.146493 
1.006 0.778783 0.159789 
1.00255 0.788116 0.159297 
0.974358 0.78539 0.169557 
1.01081 0.782389 0.140898 
1.00732 0.79167 0.140551 
0.985305 0.781047 0.175821 
0.98179 0.790536 0.17508 
0.99221 0.777002 0.150981 
0.988593 0.786401 0.150459 
1.00719 0.784627 0.154964 
1.00375 0.793955 0.154491 
0.975444 0.780679 0.173136 
0.971836 0.790224 0.172343 
1.00813 0.783405 0.140333 
1.00462 0.792702 0.139968 
0.988674 0.783539 0.173369 
0.985183 0.793007 0.172658 
0.986401 0.780809 0.15497 
0.982777 0.790255 0.154367 
1.01102 0.780989 0.150816 
1.00758 0.790282 0.150409 
0.977249 0.777 0.175825 
0.973652 0.786532 0.175041 
1.00513 0.782961 0.140923 
1.00159 0.792276 0.140536 
0.995351 0.777829 0.170602 
0.991869 0.787243 0.169974 
0.981182 0.784267 0.159145 
0.977555 0.793757 0.158466 
1.01405 0.776839 0.147141 
1.0106 0.786102 0.146793 
0.976094 0.784073 0.176688 
0.972528 0.793625 0.175867 
1.002 0.781079 0.142634 
0.998438 0.790413 0.142221 
0.998162 0.782538 0.166445 
0.994703 0.791935 0.165845 
0.980297 0.778215 0.163937 
0.976661 0.787709 0.163244 
1.01286 0.781088 0.143892 
1.0094 0.790359 0.143543 
0.979024 0.782982 0.177179 
0.975479 0.792515 0.176379 
0.998923 0.777866 0.145371 
0.995336 0.787217 0.14493 
1.0039 0.778599 0.162333 
1.00045 0.787949 0.161812 
0.976537 0.781936 0.16776 
0.972912 0.791466 0.167003 
1.01098 0.784214 0.141603 
1.00751 0.793498 0.141246 
0.982277 0.783318 0.17648 
0.978754 0.792831 0.175707 
0.99247 0.782875 0.148512 
0.988869 0.792277 0.147988 
1.0055 0.78439 0.15749 
1.00206 0.793731 0.15699 
0.977194 0.776765 0.171743 
0.973572 0.78629 0.170984 
1.01205 0.77676 0.140714 
1.00854 0.786025 0.140397 
0.985664 0.78506 0.174634 
0.990005 0.777643 0.152767 
0.986382 0.787058 0.152216 
1.00979 0.78089 0.153185 
1.00634 0.790193 0.152755 
0.974988 0.782002 0.174196 
0.971389 0.791554 0.173388 
1.00921 0.777122 0.140673 
1.00569 0.786404 0.140336 
0.992479 0.778668 0.172415 
0.988989 0.788103 0.171753 
0.984442 0.78125 0.156879 
0.980814 0.790711 0.156249 
1.01327 0.777076 0.149199 
1.00981 0.786347 0.148831 
0.977086 0.778844 0.176438 
0.973501 0.788381 0.175643 
1.0026 0.785323 0.141423 
0.995521 0.782852 0.168646 
0.992055 0.792269 0.168014 
0.97952 0.784654 0.161062 
1.0125 0.781843 0.14549 
1.00904 0.79112 0.145125 
0.97975 0.776989 0.17757 
0.976183 0.786509 0.176793 
0.999461 0.78284 0.143594 
0.995892 0.792192 0.14315 
1.00158 0.778537 0.164806 
0.998125 0.787905 0.164254 
0.978966 0.778684 0.165767 
0.975332 0.78819 0.165051 
1.01098 0.785627 0.142645 
0.979285 0.78604 0.176766 
0.99646 0.779098 0.14673 
0.992865 0.788468 0.146258 
1.00358 0.784162 0.160037 
1.00013 0.793519 0.159509 
0.975554 0.782644 0.169362 
0.971935 0.792184 0.168585 
1.01232 0.778928 0.141145 
1.00883 0.788196 0.140819 
0.986151 0.777519 0.176285 
0.982629 0.786998 0.17556 
0.990149 0.783703 0.150156 
0.986542 0.793123 0.149601 
1.0083 0.780685 0.155668 
1.00486 0.790001 0.155212 
0.976551 0.777833 0.173029 
0.972937 0.787365 0.172255 
1.00969 0.780105 0.140453 
1.00618 0.789388 0.14011 
0.989519 0.779868 0.173943 
0.986021 0.789325 0.173247 
0.987901 0.778175 0.154625 
0.984274 0.787607 0.154045 
1.01223 0.7771 0.151453 
1.00878 0.78638 0.151063 
0.97467 0.783547 0.175062 
0.971082 0.793104 0.174242 
1.00673 0.779825 0.140918 
1.00319 0.789126 0.140553 
0.992736 0.783447 0.170637 
0.989262 0.792886 0.169971 
0.982608 0.781646 0.15881 
0.978978 0.791123 0.158153 
1.0119 0.782291 0.147352 
1.00845 0.791576 0.146969 
0.97704 0.780943 0.176832 
0.973467 0.790484 0.176027 
1.00361 0.778099 0.142512 
1.00005 0.787418 0.142122 
0.99908 0.778658 0.167155 
0.995613 0.788044 0.16657 
0.978001 0.785063 0.162948 
1.01426 0.777401 0.144332 
1.01079 0.786659 0.144002 
0.979915 0.779696 0.177452 
0.976361 0.789218 0.176668 
0.996944 0.784362 0.144729 
0.993367 0.793734 0.144255 
1.00143 0.784008 0.162554 
0.997978 0.793382 0.161996 
0.977787 0.779241 0.167512 
0.974158 0.788758 0.166775 
1.01246 0.780665 0.141926 
1.00898 0.789935 0.14159 
0.983132 0.779873 0.176882 
0.979601 0.789375 0.176124 
0.994051 0.780136 0.148229 
0.990449 0.789524 0.147727 
1.00656 0.780439 0.158214 
1.00312 0.789769 0.157731 
0.974726 0.783499 0.170831 
0.971113 0.793048 0.170037 
1.01008 0.78263 0.140595 
1.00658 0.791915 0.140245 
0.986505 0.781463 0.175154 
0.982998 0.790944 0.174424 
0.987915 0.784389 0.151898 
0.984303 0.793826 0.151313 
1.01094 0.776969 0.15386 
1.00749 0.786261 0.153446 
0.976055 0.779099 0.174141 
0.97245 0.788638 0.173352 
1.00727 0.783172 0.140408 
1.00375 0.792474 0.140038 
0.989839 0.784371 0.172374 
0.986356 0.793831 0.171674 
0.985911 0.778627 0.156533 
0.982281 0.788076 0.155925 
1.01106 0.782484 0.149442 
1.00762 0.791777 0.149039 
0.974482 0.78533 0.175722 
1.00421 0.782252 0.141371 
1.00066 0.791572 0.140978 
0.99641 0.779018 0.16933 
0.992936 0.788425 0.168713 
0.980909 0.782028 0.160738 
0.977279 0.791519 0.160056 
1.01384 0.778086 0.145994 
1.01038 0.78735 0.145648 
0.977099 0.783307 0.176999 
0.97354 0.792852 0.176186 
1.00108 0.779919 0.143432 
0.997506 0.789258 0.143011 
0.999066 0.78399 0.164987 
0.995613 0.793381 0.164397 
0.976632 0.785523 0.164779 
1.01241 0.781994 0.143041 
1.00895 0.791268 0.142692 
0.980154 0.78268 0.177102 
0.976615 0.792205 0.176311 
0.994463 0.785663 0.146025 
1.00459 0.780215 0.160772 
1.00114 0.78956 0.16026 
0.976763 0.779912 0.16915 
0.973138 0.78944 0.168393 
1.01034 0.784708 0.141095 
1.00685 0.793996 0.140735 
0.983472 0.783481 0.17602 
0.979956 0.792985 0.175257 
0.991711 0.781 0.149851 
0.988103 0.790406 0.149319 
1.0094 0.776745 0.156371 
1.00595 0.78605 0.155931 
0.97405 0.784524 0.172149 
0.970445 0.794082 0.171338 
1.01125 0.776791 0.14058 
1.00774 0.78606 0.140259 
0.98686 0.785663 0.173819 
0.98578 0.784959 0.153718 
1.00998 0.782477 0.151719 
1.00653 0.791779 0.151293 
0.975699 0.780582 0.175063 
0.972104 0.790128 0.17426 
1.00833 0.776674 0.140919 
1.00479 0.785961 0.140576 
0.993602 0.779669 0.171286 
0.99012 0.789097 0.170635 
0.984044 0.779029 0.158467 
0.980411 0.788492 0.157832 
1.01319 0.778474 0.147914 
1.00974 0.787746 0.14755 
0.977996 0.777834 0.176955 
0.974416 0.787364 0.176167 
1.00167 0.784411 0.142027 
0.998115 0.793751 0.141604 
0.99652 0.784167 0.167285 
0.99306 0.793578 0.166663 
0.979352 0.782425 0.162641 
0.975722 0.791929 0.161934 
1.01217 0.78295 0.144467 
1.00871 0.792229 0.144103 
0.977252 0.785943 0.176937 
0.998554 0.781497 0.14453 
0.994976 0.790855 0.144079 
1.0024 0.780077 0.163288 
0.998945 0.789439 0.162746 
0.975416 0.786063 0.166533 
1.01392 0.777103 0.142257 
1.01044 0.786359 0.14194 
0.980453 0.785942 0.17652 
0.995636 0.777389 0.147946 
0.992033 0.786763 0.147467 
1.00417 0.785811 0.158468 
0.975893 0.780724 0.170661 
0.972274 0.790261 0.169886 
1.01161 0.779221 0.140801 
1.00811 0.788492 0.140472 
0.987349 0.777886 0.175656 
0.983834 0.787357 0.174941 
0.989455 0.781716 0.151577 
0.98584 0.791139 0.151016 
1.00864 0.782328 0.154137 
1.0052 0.791642 0.153687 
0.973523 0.785742 0.173297 
1.00885 0.779926 0.140486 
1.00533 0.789214 0.140138 
0.990689 0.780656 0.172979 
0.987198 0.790107 0.172295 
0.983756 0.785441 0.155594 
1.0123 0.778617 0.150055 
1.00885 0.787898 0.14967 
0.975475 0.7823 0.175781 
0.971891 0.791851 0.174967 
1.00582 0.779168 0.141326 
1.00227 0.788474 0.140955 
0.993815 0.784595 0.169399 
0.990347 0.794027 0.168744 
0.982309 0.779408 0.160405 
0.978676 0.788886 0.159744 
1.01171 0.783573 0.146176 
1.00826 0.792858 0.145795 
0.978026 0.780127 0.177185 
0.974458 0.789661 0.176388 
1.00269 0.776987 0.143273 
0.999121 0.786311 0.142876 
1 0.780087 0.16571 
0.996542 0.789468 0.165136 
0.977943 0.782866 0.164495 
0.974315 0.792383 0.163765 
1.01383 0.77835 0.143444 
1.01036 0.787611 0.143114 
0.981031 0.779341 0.177417 
0.977484 0.788856 0.176642 
0.996064 0.78285 0.145793 
0.992479 0.792226 0.145312 
1.00215 0.785609 0.161004 
0.977984 0.777194 0.168924 
0.974354 0.786709 0.168186 
1.01183 0.781208 0.141378 
1.00835 0.790482 0.141039 
0.984319 0.779985 0.176461 
0.980796 0.78948 0.175713 
0.993279 0.778292 0.149546 
0.989669 0.787684 0.149036 
1.00705 0.7821 0.156648 
1.0036 0.791428 0.156172 
0.975176 0.7817 0.172025 
0.971564 0.791245 0.171233 
1.00929 0.782718 0.140416 
1.00579 0.792007 0.140061 
0.987701 0.78202 0.174374 
0.984201 0.791493 0.173655 
0.987294 0.782309 0.153387 
0.983675 0.791749 0.152796 
1.01116 0.778571 0.152375 
1.00772 0.787862 0.151967 
0.97674 0.777637 0.175044 
0.973138 0.787171 0.174259 
1.00638 0.782783 0.140606 
1.00286 0.79209 0.140231 
0.990978 0.785325 0.171284 
0.981854 0.785864 0.157504 
1.01102 0.78391 0.148134 
1.00758 0.793203 0.147734 
0.975375 0.784266 0.176286 
0.971802 0.793822 0.175461 
1.00328 0.781392 0.141938 
0.999728 0.790717 0.141537 
0.997424 0.780303 0.167988 
0.993957 0.789704 0.167381 
0.980715 0.779794 0.162324 
0.977081 0.789286 0.161638 
1.01355 0.779231 0.144937 
1.01009 0.788497 0.144592 
0.978152 0.78269 0.177185 
0.974598 0.792228 0.17638 
1.00017 0.778622 0.144334 
0.996588 0.787965 0.143906 
0.999907 0.785506 0.163488 
0.976686 0.783379 0.166277 
0.973061 0.792907 0.165525 
1.01189 0.782772 0.142298 
1.00842 0.792049 0.141947 
0.981312 0.78253 0.176897 
0.97778 0.792047 0.176117 
0.993622 0.783995 0.147207 
0.990028 0.79339 0.146695 
1.00521 0.781858 0.159201 
1.00177 0.7912 0.158697 
0.977073 0.777964 0.170475 
0.973448 0.787489 0.169719 
1.00963 0.785056 0.140706 
0.984673 0.783791 0.175439 
0.981165 0.793288 0.174687 
0.991001 0.779039 0.151255 
0.987385 0.788449 0.150715 
1.00977 0.778396 0.154827 
1.00632 0.787698 0.154394 
0.974608 0.782863 0.173223 
0.971005 0.792416 0.172416 
1.0069 0.78594 0.140245 
0.99154 0.77696 0.173568 
0.988041 0.7864 0.172899 
0.985241 0.782807 0.155258 
0.981618 0.792264 0.154638 
1.01008 0.784014 0.150303 
1.00664 0.793316 0.149882 
0.976479 0.77929 0.17582 
0.972888 0.78883 0.175023 
1.00388 0.785363 0.140938 
0.994692 0.780781 0.170072 
0.991217 0.790203 0.169432 
0.98372 0.776793 0.160064 
0.980083 0.786257 0.159424 
1.01304 0.779788 0.146708 
1.00958 0.78906 0.146346 
0.978961 0.776968 0.177349 
0.975386 0.786492 0.176569 
1.00074 0.783353 0.142745 
0.997176 0.792698 0.142314 
0.997466 0.785565 0.165865 
0.979266 0.780217 0.164199 
0.975634 0.789722 0.16349 
1.01177 0.783943 0.143543 
1.00831 0.793224 0.143178 
0.97836 0.78553 0.176953 
0.997669 0.780027 0.145564 
0.994082 0.789389 0.145105 
1.00315 0.781665 0.161743 
0.999696 0.791023 0.161209 
0.975583 0.783992 0.167964 
0.971962 0.793531 0.167192 
1.01332 0.777695 0.141668 
1.00983 0.786955 0.141349 
0.98164 0.785995 0.17615 
0.991241 0.784956 0.148753 
1.00813 0.778154 0.157362 
1.00468 0.78747 0.156902 
0.976314 0.778892 0.171883 
0.972696 0.788426 0.17111 
