1.00445 0.783609 0.132485 
1.00087 0.792915 0.132149 
1.00204 0.785178 0.169466 
0.967768 0.781763 0.168509 
0.964079 0.791347 0.167684 
1.02615 0.777711 0.132349 
1.02273 0.786882 0.132178 
0.972821 0.778019 0.189359 
0.969276 0.787604 0.188461 
0.997261 0.781721 0.137735 
0.993638 0.791075 0.13732 
1.01098 0.781274 0.161618 
1.00759 0.790584 0.161138 
0.96246 0.785987 0.175214 
1.0241 0.777968 0.129029 
1.02065 0.787147 0.128867 
0.977135 0.784203 0.186977 
0.973638 0.793766 0.186102 
0.990611 0.777769 0.144518 
0.98695 0.787167 0.144025 
1.01847 0.778001 0.153397 
1.01509 0.787249 0.153031 
0.96238 0.782023 0.181531 
0.95873 0.791666 0.180588 
1.01763 0.78467 0.127753 
1.01414 0.793894 0.127534 
0.98508 0.783563 0.183208 
0.981619 0.793069 0.182413 
0.981134 0.781794 0.151816 
0.977453 0.791268 0.151193 
1.02098 0.783723 0.145232 
1.0176 0.792952 0.144916 
0.963758 0.780023 0.186143 
0.960136 0.789662 0.185191 
1.01404 0.779273 0.128916 
1.01051 0.788512 0.128686 
0.992681 0.785412 0.177455 
0.972768 0.785153 0.159483 
1.02525 0.779196 0.138374 
1.02185 0.788384 0.138149 
0.966413 0.780414 0.188682 
0.962828 0.790042 0.187734 
1.00671 0.780243 0.132052 
1.00313 0.78953 0.131747 
1.00294 0.779912 0.170763 
0.999529 0.789282 0.170177 
0.969453 0.778979 0.167775 
0.965759 0.788547 0.166976 
1.02461 0.782103 0.13284 
1.0212 0.791291 0.132639 
0.970067 0.783466 0.188936 
0.966526 0.793077 0.188002 
0.999494 0.778637 0.137109 
0.995873 0.787972 0.136725 
1.00865 0.785213 0.162472 
0.963942 0.783049 0.174636 
0.960267 0.79267 0.173741 
1.02269 0.782692 0.129257 
1.01924 0.791886 0.129068 
0.977868 0.779733 0.187718 
0.974359 0.789285 0.186859 
0.989111 0.784279 0.143286 
0.985461 0.793694 0.142767 
1.01633 0.781882 0.154303 
1.01295 0.791149 0.153904 
0.963663 0.778871 0.181146 
0.960003 0.788499 0.180226 
1.01978 0.780572 0.127856 
1.0163 0.789777 0.127666 
0.985809 0.778781 0.184187 
0.982335 0.788277 0.183407 
0.983179 0.779042 0.150995 
0.979498 0.788497 0.150401 
1.02243 0.778459 0.146363 
1.01905 0.787674 0.146068 
0.961221 0.786221 0.185072 
1.01274 0.784762 0.128535 
1.00922 0.794016 0.128278 
0.99346 0.780361 0.178624 
0.99002 0.789803 0.177925 
0.974659 0.782429 0.158674 
0.970969 0.791955 0.157958 
1.02352 0.783301 0.139092 
1.02013 0.792506 0.138837 
0.963749 0.786282 0.187891 
1.00896 0.776844 0.131636 
1.00539 0.786113 0.131361 
1.00041 0.784031 0.171471 
0.997001 0.793424 0.17085 
0.967465 0.785765 0.166247 
1.02647 0.777295 0.133523 
1.02306 0.786466 0.133347 
0.970875 0.779377 0.189367 
0.967322 0.788976 0.18845 
0.998113 0.784844 0.13614 
1.00968 0.779857 0.163798 
1.00629 0.789175 0.163301 
0.965452 0.780138 0.174029 
0.96177 0.789744 0.173159 
1.02471 0.778201 0.12967 
1.02126 0.787378 0.129507 
0.97509 0.784852 0.187575 
0.991284 0.781376 0.142551 
0.987634 0.790772 0.142063 
1.01417 0.785771 0.155196 
0.961306 0.785369 0.179828 
1.01844 0.785623 0.12782 
0.983055 0.783527 0.184366 
0.979584 0.793047 0.183551 
0.981559 0.78572 0.149605 
1.02048 0.782386 0.147228 
1.0171 0.791619 0.146901 
0.962332 0.782822 0.184912 
0.958706 0.792473 0.183947 
1.01497 0.780976 0.128404 
1.01145 0.790211 0.128177 
0.990784 0.784778 0.179081 
0.976572 0.779711 0.157853 
0.972879 0.789219 0.157165 
1.02515 0.778199 0.140052 
1.02176 0.787388 0.139819 
0.964694 0.78257 0.188005 
0.961103 0.792211 0.187041 
1.00765 0.782662 0.130992 
1.00408 0.791945 0.130692 
1.00128 0.778806 0.172746 
0.99786 0.788188 0.172141 
0.969197 0.782998 0.165498 
0.965507 0.792571 0.164697 
1.02489 0.781613 0.134075 
1.02148 0.7908 0.133869 
0.968135 0.784924 0.188855 
1.00036 0.781689 0.135567 
0.99675 0.791021 0.135189 
1.0073 0.783822 0.164633 
1.00391 0.793163 0.164101 
0.96699 0.777254 0.173393 
0.963301 0.786845 0.172549 
1.02327 0.782836 0.129968 
1.01983 0.792028 0.129777 
0.975832 0.780465 0.18825 
0.972315 0.790033 0.187371 
0.993468 0.778455 0.141821 
0.989819 0.787833 0.141364 
1.01537 0.780397 0.156487 
1.01198 0.789672 0.156072 
0.962636 0.782274 0.179395 
0.958976 0.791911 0.178466 
1.02058 0.781432 0.127997 
1.0171 0.790635 0.127808 
0.983779 0.77882 0.185289 
0.980296 0.788331 0.184488 
0.983638 0.782937 0.148807 
0.979966 0.792392 0.148217 
1.02188 0.777091 0.148397 
1.0185 0.78631 0.14809 
0.96347 0.779466 0.184711 
0.959834 0.789103 0.183767 
1.01718 0.777152 0.128294 
1.01366 0.786368 0.128096 
0.991545 0.779791 0.180208 
0.988096 0.789246 0.179488 
0.978507 0.776997 0.15702 
0.974811 0.786487 0.156362 
1.02337 0.782251 0.140815 
1.01999 0.791457 0.140551 
0.965662 0.778904 0.188076 
0.96206 0.788532 0.187131 
1.00991 0.779177 0.130641 
1.00634 0.788441 0.130371 
0.998709 0.78298 0.17341 
0.995294 0.792385 0.172769 
0.970955 0.780247 0.164729 
0.96726 0.789803 0.163955 
1.0267 0.776733 0.134823 
1.02329 0.785903 0.134641 
0.968968 0.78092 0.189216 
0.965408 0.790533 0.188281 
1.00261 0.778506 0.135006 
0.999001 0.78782 0.134659 
1.00829 0.778487 0.165954 
1.00489 0.787815 0.165439 
0.96486 0.783971 0.17191 
0.96118 0.793583 0.171035 
1.02525 0.77826 0.130452 
1.02181 0.787435 0.130287 
0.973057 0.785683 0.188021 
0.992014 0.784874 0.14067 
1.01315 0.78429 0.15738 
1.00977 0.793584 0.156932 
0.963995 0.779213 0.178927 
0.960326 0.788836 0.178021 
1.02269 0.777204 0.128197 
1.01922 0.786388 0.128036 
0.981014 0.783658 0.185389 
0.977534 0.793194 0.184553 
0.985732 0.780145 0.148006 
0.98206 0.789582 0.147446 
1.01987 0.780993 0.149286 
1.01649 0.790231 0.148946 
0.96099 0.785774 0.183548 
1.01587 0.782488 0.128037 
1.01237 0.791719 0.127813 
0.988844 0.784286 0.180599 
0.985399 0.793765 0.179843 
0.976765 0.783758 0.155548 
0.97308 0.793268 0.154861 
1.02496 0.777097 0.141827 
1.02157 0.786288 0.141583 
0.963041 0.7849 0.187178 
1.0086 0.784903 0.130068 
0.99955 0.777802 0.174657 
0.996124 0.787196 0.174032 
0.972738 0.77751 0.163941 
0.969039 0.787048 0.163195 
1.02508 0.78098 0.135431 
1.02168 0.790167 0.13522 
0.96982 0.776964 0.189533 
0.966248 0.786566 0.188616 
1.00125 0.784589 0.134141 
0.99766 0.793918 0.133768 
1.00586 0.782486 0.166765 
1.00247 0.791836 0.166215 
0.966447 0.781121 0.171246 
0.96276 0.790717 0.170396 
1.02377 0.782809 0.130818 
1.02035 0.791999 0.130624 
0.973813 0.781381 0.188628 
0.970288 0.790963 0.18773 
0.994218 0.781896 0.139983 
0.990581 0.791271 0.139531 
1.0143 0.778915 0.158685 
1.01091 0.788197 0.158255 
0.961706 0.785794 0.177543 
1.02132 0.782105 0.128286 
1.01786 0.791305 0.128097 
0.981738 0.779031 0.186252 
0.978246 0.788556 0.185431 
0.987841 0.777343 0.147204 
0.984169 0.786761 0.146675 
1.01783 0.784896 0.150168 
0.962173 0.782486 0.183289 
0.958534 0.792133 0.182333 
1.01807 0.77857 0.128 
1.01457 0.787783 0.127805 
0.98959 0.779365 0.181679 
0.986133 0.788834 0.180938 
0.978738 0.78103 0.154725 
0.975051 0.790522 0.154068 
1.02313 0.781102 0.14263 
1.01975 0.790311 0.142355 
0.964047 0.781312 0.187182 
0.960439 0.790954 0.186222 
1.01085 0.781329 0.129783 
1.0073 0.79059 0.129518 
0.996946 0.782037 0.175272 
0.993523 0.791455 0.174611 
0.970842 0.784306 0.162418 
0.967153 0.793865 0.161643 
1.02344 0.785202 0.136053 
0.967108 0.782646 0.188907 
0.96354 0.792274 0.187955 
1.00351 0.78133 0.133638 
0.999918 0.79064 0.133296 
1.00682 0.777177 0.168076 
1.00341 0.786516 0.167543 
0.96806 0.778294 0.170556 
0.964368 0.787874 0.169732 
1.02572 0.778151 0.131372 
1.02229 0.787324 0.131203 
0.974583 0.777127 0.189193 
0.971045 0.786698 0.188312 
0.99643 0.778896 0.139303 
0.992795 0.788253 0.138882 
1.01203 0.782817 0.159574 
1.00865 0.79212 0.159109 
0.963113 0.782784 0.177033 
0.959445 0.792415 0.176119 
1.02341 0.777785 0.128559 
1.01995 0.786967 0.128397 
0.978964 0.783963 0.186271 
0.975476 0.793513 0.185414 
0.986293 0.78393 0.145903 
0.982631 0.793366 0.145348 
1.01916 0.779557 0.151395 
1.01578 0.7888 0.151041 
0.963384 0.779237 0.182992 
0.959736 0.788871 0.182058 
1.01676 0.783809 0.127819 
1.01326 0.793037 0.127597 
0.986868 0.783942 0.182001 
0.983414 0.793436 0.181224 
0.980732 0.778302 0.153894 
0.977043 0.787776 0.153267 
1.02127 0.785096 0.143436 
0.965077 0.77777 0.187143 
0.961459 0.787399 0.186203 
1.0131 0.777719 0.129517 
1.00955 0.786962 0.129283 
0.997761 0.77691 0.176487 
0.994327 0.786317 0.175842 
0.97267 0.781575 0.161624 
0.968977 0.791116 0.160878 
1.02517 0.780213 0.136904 
1.02178 0.789401 0.136685 
0.967988 0.778775 0.189154 
0.964409 0.78839 0.18822 
1.00577 0.77804 0.133148 
1.00218 0.787331 0.132837 
1.00435 0.781217 0.168856 
1.00094 0.790578 0.168287 
0.966003 0.785052 0.169044 
1.02421 0.782617 0.131804 
1.02079 0.791806 0.131606 
0.971817 0.782481 0.188851 
0.968284 0.792079 0.187933 
0.995016 0.785212 0.138241 
1.01314 0.777448 0.160888 
1.00974 0.786738 0.16044 
0.964549 0.779805 0.17649 
0.960873 0.789421 0.1756 
1.02202 0.782594 0.128721 
1.01857 0.791791 0.128531 
0.979691 0.779416 0.187071 
0.97619 0.788956 0.18623 
0.98843 0.781087 0.145133 
0.984769 0.790504 0.144608 
1.01707 0.783445 0.152292 
1.01369 0.792707 0.151905 
0.960965 0.785648 0.181744 
1.01894 0.779797 0.127855 
1.01544 0.789007 0.127662 
0.987603 0.779092 0.18303 
0.984137 0.788575 0.182269 
0.979054 0.785028 0.152458 
1.02278 0.779867 0.144528 
1.0194 0.789079 0.144243 
0.962505 0.783888 0.186142 
0.958893 0.793542 0.185168 
1.0118 0.783298 0.129067 
1.00826 0.792555 0.128805 
0.995124 0.781212 0.177047 
0.991693 0.790642 0.176366 
0.974521 0.778853 0.160815 
0.970824 0.788377 0.160097 
1.02349 0.784372 0.137577 
1.0201 0.793576 0.137328 
0.9653 0.784554 0.188442 
1.00444 0.78399 0.132394 
1.00086 0.793297 0.132057 
1.00185 0.78529 0.1696 
0.967665 0.782251 0.168331 
0.963976 0.791836 0.167504 
1.02611 0.777879 0.132426 
1.02269 0.787051 0.132253 
0.972606 0.778313 0.189347 
0.96906 0.787899 0.188446 
0.997245 0.782147 0.137609 
0.993622 0.791501 0.137193 
1.01082 0.781367 0.161765 
1.00743 0.790678 0.161283 
0.966013 0.776856 0.175916 
0.96233 0.786456 0.17505 
1.02407 0.778184 0.129067 
1.02062 0.787364 0.128904 
0.976914 0.784445 0.187007 
0.973417 0.79401 0.18613 
0.99058 0.778229 0.144364 
0.98692 0.787628 0.14387 
1.01834 0.77809 0.153545 
1.01496 0.787339 0.153177 
0.962223 0.782462 0.181393 
0.958573 0.792106 0.180448 
1.01761 0.784939 0.127749 
0.984862 0.783755 0.183279 
0.9814 0.793263 0.182482 
0.981084 0.782278 0.151644 
0.977404 0.791752 0.151019 
1.02087 0.783823 0.145367 
1.0175 0.793053 0.145049 
0.963577 0.780422 0.18604 
0.959954 0.790062 0.185086 
1.01403 0.779597 0.12887 
1.0105 0.788835 0.128639 
0.992474 0.785561 0.17756 
0.972695 0.785646 0.159302 
1.02517 0.779322 0.138487 
1.02178 0.78851 0.13826 
0.966212 0.780766 0.188619 
0.962627 0.790395 0.187669 
1.0067 0.780618 0.131966 
1.00312 0.789906 0.13166 
1.00275 0.780027 0.170895 
0.99934 0.789399 0.170307 
0.969354 0.779468 0.167597 
0.96566 0.789037 0.166796 
1.02456 0.782267 0.132921 
1.02115 0.791455 0.132719 
0.969852 0.783767 0.188916 
0.966311 0.793379 0.18798 
0.999479 0.779058 0.136987 
0.995858 0.788393 0.136602 
1.00848 0.785308 0.162618 
0.963815 0.783521 0.17447 
0.96014 0.793144 0.173574 
1.02266 0.782901 0.1293 
1.01922 0.792096 0.129109 
0.977647 0.77998 0.187743 
0.974138 0.789535 0.186882 
0.989083 0.784736 0.143135 
1.0162 0.781971 0.154451 
1.01282 0.791239 0.15405 
0.963509 0.779314 0.181005 
0.959849 0.788944 0.180083 
1.01977 0.780834 0.127858 
1.01628 0.79004 0.127667 
0.985591 0.778978 0.184255 
0.982116 0.788476 0.183472 
0.983132 0.779523 0.150824 
0.979451 0.788978 0.15023 
1.02232 0.778557 0.146501 
1.01894 0.787773 0.146204 
0.964675 0.776998 0.185896 
0.961042 0.786626 0.184962 
1.01273 0.785079 0.128493 
0.993251 0.780515 0.178727 
0.989811 0.789958 0.178025 
0.974589 0.782922 0.158494 
0.9709 0.792448 0.157776 
1.02344 0.783423 0.139208 
1.02005 0.792629 0.138951 
0.967147 0.777024 0.188754 
0.96355 0.786641 0.187822 
1.00896 0.777213 0.131555 
1.00538 0.786482 0.13128 
1.00022 0.78415 0.1716 
0.996809 0.793545 0.170977 
0.971068 0.776703 0.16684 
0.967369 0.786255 0.166067 
1.02642 0.777453 0.133609 
1.023 0.786624 0.133432 
0.970661 0.779684 0.189342 
0.967108 0.789285 0.188423 
0.9981 0.78526 0.136022 
1.00951 0.779953 0.163944 
1.00612 0.789273 0.163444 
0.965329 0.780613 0.173861 
0.961646 0.79022 0.17299 
1.02467 0.778404 0.129719 
1.02123 0.787582 0.129554 
0.974869 0.785107 0.187594 
0.991258 0.781829 0.142404 
0.987609 0.791226 0.141915 
1.01403 0.785861 0.155343 
0.961155 0.785817 0.179682 
1.02191 0.776691 0.12799 
1.01843 0.785879 0.127827 
0.982835 0.783731 0.184427 
0.979365 0.793254 0.183609 
0.985196 0.776762 0.15 
0.981515 0.786199 0.149436 
1.02036 0.782483 0.147368 
1.01699 0.791717 0.147038 
0.962156 0.783232 0.184798 
0.95853 0.792884 0.183831 
1.01496 0.781285 0.128368 
1.01144 0.79052 0.12814 
0.990573 0.784938 0.179179 
0.976505 0.780203 0.157673 
0.972813 0.789711 0.156984 
1.02507 0.778316 0.140172 
1.02168 0.787506 0.139937 
0.964497 0.782934 0.187931 
0.960906 0.792577 0.186965 
1.00764 0.783024 0.130916 
1.00408 0.792308 0.130615 
1.00108 0.778928 0.172873 
0.997666 0.788312 0.172265 
0.969105 0.78349 0.165317 
0.965415 0.793063 0.164515 
1.02483 0.781766 0.134164 
1.02143 0.790954 0.133957 
0.967923 0.785238 0.188823 
1.00035 0.782099 0.135453 
0.996738 0.791431 0.135074 
1.00713 0.783921 0.164777 
1.00374 0.793263 0.164242 
0.96687 0.777732 0.173224 
0.963181 0.787323 0.172378 
1.02323 0.783033 0.130021 
1.0198 0.792226 0.129828 
0.975612 0.780726 0.188264 
0.972095 0.790296 0.187383 
0.993443 0.778903 0.141677 
0.989795 0.788282 0.141219 
1.01522 0.780486 0.156636 
1.01184 0.789762 0.156219 
0.962489 0.782726 0.179246 
0.958829 0.792365 0.178315 
1.02056 0.781681 0.12801 
1.01709 0.790884 0.127819 
0.98356 0.77903 0.185346 
0.980076 0.788542 0.184543 
0.983596 0.783413 0.14864 
0.979925 0.792869 0.148049 
1.02176 0.777185 0.14854 
1.01838 0.786405 0.14823 
0.963298 0.77988 0.184594 
0.959662 0.789519 0.183648 
1.01717 0.777454 0.128264 
1.01366 0.786671 0.128066 
0.991333 0.779954 0.180302 
0.987884 0.789411 0.17958 
0.978442 0.777487 0.156842 
0.974748 0.786979 0.156182 
1.02329 0.782366 0.140938 
1.0199 0.791573 0.140671 
0.965467 0.779274 0.187998 
0.961865 0.788904 0.18705 
1.0099 0.779532 0.130569 
1.00634 0.788798 0.130299 
0.998513 0.783107 0.173533 
0.995097 0.792514 0.17289 
0.970866 0.780739 0.164548 
0.967172 0.790296 0.163773 
1.02664 0.77688 0.134917 
1.02323 0.786051 0.134734 
0.968758 0.78124 0.189179 
0.965197 0.790855 0.188242 
1.0026 0.77891 0.134897 
0.99899 0.788224 0.134549 
1.00812 0.778587 0.166098 
1.00472 0.787917 0.16558 
0.964744 0.784451 0.171738 
0.961064 0.794065 0.170862 
1.02521 0.778451 0.130511 
1.02178 0.787626 0.130344 
0.972838 0.785952 0.188028 
0.991991 0.785319 0.140529 
1.013 0.78438 0.157528 
1.00963 0.793675 0.157078 
0.963851 0.779669 0.178776 
0.960182 0.789293 0.177868 
1.02267 0.777445 0.128215 
1.0192 0.78663 0.128053 
0.980793 0.783875 0.18544 
0.977314 0.793413 0.184601 
