1.22027 5.51256e-05 -0.0450774 
1.22066 0.00785957 -0.0420576 
1.23657 0.00692911 0.0227254 
1.21829 0.000155635 0.0283219 
1.21799 0.00797201 0.0313639 
1.23011 0.00138001 -0.049047 
1.2265 0.00446631 0.0646846 
1.21926 0.0035849 -0.0328044 
1.23727 0.00663319 0.00670468 
1.21883 0.00180398 0.042631 
1.22722 0.00100716 -0.0545185 
1.22946 0.00411771 0.0592992 
1.21854 0.00522097 -0.0185423 
1.23691 0.00633687 -0.0093298 
1.21966 0.00535017 0.0549673 
1.22481 0.0054235 -0.0540622 
1.23217 0.00651612 0.0512084 
1.2181 0.00564903 -0.00299677 
1.23552 0.00518973 -0.0245437 
1.22139 0.00354576 0.0617823 
1.2226 0.00682177 -0.0505731 
1.2348 0.00349375 0.0378833 
1.21793 0.00563394 0.01303 
1.23324 0.00241386 -0.0381814 
1.22348 0.0045814 0.0657313 
1.22073 0.00534958 -0.0441826 
1.23655 0.00218694 0.0228715 
1.21804 0.0059673 0.0286992 
1.23068 0.00512002 -0.0466578 
1.22642 0.000856814 0.0636866 
1.22581 0.00863063 0.0666492 
1.2193 0.00135785 -0.0352265 
1.2373 0.00183156 0.00691152 
1.21844 0.00741888 0.0431987 
1.22783 0.00512197 -0.0524866 
1.22936 0.00014422 0.0586696 
1.22881 0.0079031 0.0616274 
1.21857 0.00319817 -0.0211845 
1.23698 0.00158234 -0.00916935 
1.21967 0.00287732 0.0527971 
1.22493 0.00215076 -0.0553938 
1.23209 0.00222008 0.0509053 
1.21813 0.00373802 -0.00576091 
1.23563 0.000584843 -0.0245322 
1.23582 0.0083116 -0.0215664 
1.22136 0.000737716 0.0599602 
1.22077 0.00853769 0.0629512 
1.2227 0.00392494 -0.0522936 
1.23437 0.0066714 0.040797 
1.21796 0.00373526 0.0102512 
1.23369 0.00578608 -0.0354423 
1.22342 0.00140193 0.0642937 
1.2208 0.00279908 -0.0462635 
1.23629 0.00518278 0.0259629 
1.21807 0.00398078 0.0260143 
1.23082 0.00106351 -0.0471944 
1.22574 0.00506946 0.0656056 
1.21965 0.00690855 -0.0345822 
1.23723 0.00475064 0.0100798 
1.21847 0.00524985 0.0407093 
1.22797 0.00142149 -0.053382 
1.22872 0.00397438 0.0609557 
1.2186 0.00115432 -0.0238032 
1.2371 0.00453622 -0.00603233 
1.21966 0.000443205 0.0505846 
1.21916 0.00825218 0.0535968 
1.22554 0.00660881 -0.0536905 
1.23152 0.00570741 0.0535201 
1.21815 0.00181827 -0.00851517 
1.23593 0.00368215 -0.0215315 
1.22076 0.00577499 0.0610862 
1.22279 0.00098155 -0.0539637 
1.2343 0.0021457 0.0407247 
1.21799 0.00184064 0.00746801 
1.23382 0.00138556 -0.0356351 
1.22276 0.00606023 0.0657843 
1.22085 0.000207172 -0.0482991 
1.22127 0.00800843 -0.0452855 
1.23626 0.000472319 0.0260763 
1.236 0.0081967 0.0290362 
1.2181 0.0020109 0.023311 
1.23137 0.00471438 -0.0447204 
1.22566 0.0015564 0.0645099 
1.21971 0.00461614 -0.0369364 
1.23711 0.00767351 0.0132438 
1.21849 0.00310896 0.0381887 
1.22857 0.00543792 -0.0512562 
1.22862 9.05579e-05 0.0602354 
1.22805 0.00785318 0.0631944 
1.21884 0.00690177 -0.0233534 
1.23717 0.00747932 -0.00288531 
1.21918 0.00585584 0.0513483 
1.22567 0.00323858 -0.0549232 
1.23143 0.00148825 0.0531392 
1.21825 0.00770475 -0.00820495 
1.23619 0.006755 -0.0185074 
1.22074 0.0030568 0.0591726 
1.22337 0.00578162 -0.0525896 
1.23384 0.00538418 0.0435796 
1.21793 0.00776621 0.00773662 
1.23424 0.00468665 -0.0328284 
1.22271 0.00297738 0.0642485 
1.22136 0.00537389 -0.0472801 
1.23596 0.00350459 0.0291321 
1.21812 5.60802e-05 0.020591 
1.2179 0.00787336 0.023639 
1.23151 0.000573814 -0.0451724 
1.23188 0.0083206 -0.0422037 
1.22497 0.00586978 0.066332 
1.21975 0.00228936 -0.0392528 
1.23712 0.00288209 0.0134402 
1.21851 0.000994846 0.0356386 
1.22871 0.00164364 -0.052057 
1.22797 0.00401532 0.0624308 
1.21888 0.00481122 -0.025923 
1.23723 0.00269426 -0.0026946 
1.21919 0.00349614 0.0490596 
1.22627 0.00759541 -0.0531227 
1.23083 0.00505775 0.0556752 
1.21829 0.00576251 -0.0109351 
1.23628 0.00208144 -0.0184279 
1.22072 0.000382411 0.0572112 
1.22016 0.00818575 0.0602096 
1.22347 0.00274339 -0.0541629 
1.23376 0.000919455 0.0434452 
1.23334 0.00865631 0.0464013 
1.21798 0.00587469 0.00495069 
1.23436 0.000220224 -0.0329547 
1.23463 0.00795307 -0.0299886 
1.22206 0.00773547 0.0656428 
1.22143 0.00269633 -0.0492278 
1.23563 0.00655832 0.0321665 
1.21794 0.00593196 0.0209064 
1.23203 0.00413892 -0.0426169 
1.2249 0.00245391 0.0651378 
1.22015 0.00773416 -0.0385046 
1.23697 0.00581755 0.0165915 
1.21819 0.00672122 0.0360985 
1.22931 0.00556345 -0.049839 
1.22787 0.000223471 0.0616175 
1.22728 0.0079899 0.0645776 
1.21891 0.00269526 -0.0284646 
1.23727 0.00562164 0.000467139 
1.2192 0.00117194 0.0467319 
1.22641 0.00412784 -0.0542568 
1.23074 0.000919299 0.0552125 
1.23021 0.00867128 0.0581682 
1.21832 0.00380673 -0.0136502 
1.23651 0.00511161 -0.0153632 
1.22016 0.00555459 0.0582072 
1.22405 0.00744438 -0.0526932 
1.23327 0.00422418 0.0462362 
1.21801 0.00398235 0.0021657 
1.23476 0.00345529 -0.0300852 
1.22202 0.00474816 0.0640099 
1.22194 0.00777281 -0.0481209 
1.23558 0.00190748 0.0322202 
1.21798 0.00400248 0.0181605 
1.23253 0.00766126 -0.0400205 
1.22422 0.00686855 0.0668625 
1.22021 0.0053349 -0.0407461 
1.23696 0.00104157 0.0167717 
1.21822 0.00465635 0.0334977 
1.22945 0.00167728 -0.0505472 
1.2272 0.00424501 0.06372 
1.21894 0.000552479 -0.0309764 
1.2192 0.00836446 -0.027937 
1.2373 0.000824853 0.000669499 
1.23727 0.00854378 0.00363342 
1.21876 0.00669357 0.0473901 
1.22653 0.000612121 -0.0553391 
1.22701 0.00838377 -0.0523595 
1.23013 0.00457472 0.0576662 
1.21835 0.00183582 -0.0163484 
1.23658 0.000400165 -0.0152454 
1.23669 0.00812237 -0.0122802 
1.22015 0.00296572 0.0561586 
1.22416 0.00431001 -0.0541686 
1.23275 0.00756522 0.0489917 
1.21804 0.00208753 -0.000616432 
1.23511 0.00665844 -0.0271852 
1.22198 0.00180793 0.0623258 
1.22203 0.00500662 -0.0499778 
1.23522 0.00500746 0.0352096 
1.218 0.00208332 0.0154031 
1.23268 0.00340085 -0.0403544 
1.22415 0.0035502 0.0655694 
1.22027 0.00289793 -0.0429465 
1.23678 0.0039967 0.0199035 
1.21825 0.00261395 0.030872 
1.23003 0.00550262 -0.0482392 
1.22711 0.000547028 0.0628117 
1.22651 0.00831731 0.065773 
1.21925 0.00619325 -0.0304209 
1.23731 0.00374363 0.00383903 
1.21878 0.00443687 0.0449931 
1.22715 0.0048194 -0.0533956 
1.23003 0.000520409 0.0571184 
1.22948 0.00827595 0.060075 
1.21851 0.0076636 -0.0159788 
1.23678 0.0033942 -0.0121463 
1.22014 0.000418265 0.0540648 
1.21961 0.00822469 0.0570702 
1.22427 0.00112753 -0.0555921 
1.23267 0.00320157 0.0487572 
1.21805 0.000188596 -0.00339378 
1.21806 0.00800597 -0.000339258 
1.23523 0.00210252 -0.0272232 
1.22136 0.00671128 0.0635805 
1.22212 0.00219537 -0.0517859 
1.23515 0.00040396 0.0352148 
1.23481 0.00813385 0.0381729 
1.21802 0.000172855 0.0126362 
1.21787 0.0079906 0.0156883 
1.23315 0.0068433 -0.0376821 
1.22408 0.000280415 0.0642236 
1.22347 0.00806619 0.0671964 
1.22032 0.000422221 -0.0451044 
1.22071 0.00822643 -0.0420845 
1.23655 0.0069648 0.0230222 
1.21827 0.000592535 0.0282231 
1.21797 0.00840904 0.031265 
1.23017 0.00152686 -0.0488572 
1.22644 0.00466709 0.0648197 
1.2193 0.00399252 -0.0328723 
1.23727 0.00666086 0.00700958 
1.2188 0.00221207 0.0425611 
1.22728 0.00120733 -0.0543805 
1.2294 0.00426511 0.0594864 
1.21856 0.00565759 -0.0186398 
1.23693 0.00637229 -0.00903225 
1.21962 0.00571788 0.0549377 
1.22488 0.0056794 -0.053979 
1.23212 0.00661641 0.0514416 
1.2181 0.00610115 -0.00311035 
1.23556 0.00524802 -0.0242683 
1.22133 0.00386414 0.0618016 
1.22266 0.00713255 -0.0505441 
1.23476 0.00355637 0.0381534 
1.21792 0.00608712 0.012915 
1.23329 0.00250818 -0.0379408 
1.22342 0.00484529 0.0658044 
1.22078 0.00571065 -0.0442037 
1.23653 0.0022247 0.0231662 
1.21802 0.00640702 0.0285976 
1.23074 0.00526032 -0.0464618 
1.22635 0.0010645 0.0638148 
1.21933 0.00176095 -0.0352897 
1.23729 0.00185937 0.00721627 
1.2188 1.78803e-05 0.0400954 
1.2184 0.00783148 0.0431244 
1.22789 0.00531497 -0.0523418 
1.2293 0.000297989 0.0588505 
1.22874 0.00805719 0.0618082 
1.21859 0.00363185 -0.0212789 
1.23699 0.00161596 -0.00887 
1.21962 0.00325067 0.0527619 
1.225 0.00239966 -0.0553036 
1.23203 0.00232576 0.0511332 
1.21814 0.00418898 -0.00587323 
1.23566 0.000639543 -0.0242532 
1.23585 0.00836614 -0.0212874 
1.2213 0.00106264 0.059973 
1.22276 0.00422902 -0.0522579 
1.23432 0.00673825 0.041063 
1.21796 0.00418911 0.0101356 
1.23373 0.00587509 -0.0351967 
1.22336 0.00167279 0.0643598 
1.22085 0.00315423 -0.0462785 
1.23627 0.00522296 0.0262552 
1.21805 0.00442297 0.0259103 
1.23088 0.00119766 -0.0469923 
1.22567 0.00528442 0.0657268 
1.21969 0.00730676 -0.0346406 
1.23722 0.00477886 0.0103841 
1.21844 0.00566656 0.0406308 
1.22803 0.00160769 -0.0532305 
1.22865 0.00413493 0.0611301 
1.21862 0.00158485 -0.0238943 
1.23711 0.00456821 -0.00573144 
1.21961 0.000822047 0.0505438 
1.21911 0.00863126 0.053556 
1.2256 0.00685038 -0.0535932 
1.23146 0.00581892 0.0537424 
1.21816 0.00226783 -0.008626 
1.23596 0.00373331 -0.0212491 
1.2207 0.00610666 0.0610924 
1.22285 0.00127888 -0.0539212 
1.23426 0.00221676 0.0409865 
1.21799 0.00229494 0.00735199 
1.23386 0.00146967 -0.0353845 
1.2227 0.00633836 0.0658434 
1.2209 0.000556284 -0.0483081 
1.22132 0.00835729 -0.0452944 
1.23623 0.000515031 0.0263661 
1.23596 0.00823955 0.0293258 
1.21808 0.00245535 0.0232047 
1.23142 0.00484221 -0.0445123 
1.22559 0.00177833 0.0646241 
1.21974 0.00500946 -0.0369898 
1.2371 0.00770242 0.0135474 
1.21846 0.0035296 0.0381062 
1.22864 0.00561707 -0.0510979 
1.22856 0.00025765 0.0604033 
1.22798 0.0080206 0.0633621 
1.21886 0.00732881 -0.023441 
1.23718 0.00750995 -0.00258314 
1.21913 0.00624025 0.0513021 
1.22573 0.00347315 -0.054819 
1.23137 0.00160544 0.0533558 
1.21818 0.000336081 -0.0113668 
1.21826 0.00815263 -0.00831406 
1.23621 0.00680287 -0.0182219 
1.22069 0.00339482 0.0591724 
1.22342 0.00607182 -0.0525402 
1.23379 0.00545986 0.0438369 
1.218 0.000402957 0.00456608 
1.21793 0.00822073 0.0076204 
1.23428 0.00476582 -0.0325731 
1.22265 0.00326243 0.0643008 
1.22141 0.00571658 -0.0472827 
1.23593 0.0035502 0.029419 
1.2181 0.000502565 0.0204827 
1.21788 0.00831994 0.0235306 
1.23156 0.000695731 -0.0449585 
1.23194 0.00844224 -0.0419897 
1.22491 0.00609904 0.0664392 
1.21979 0.00267763 -0.0393011 
1.23711 0.00291188 0.0137429 
1.21848 0.00141922 0.0355524 
1.22878 0.00181612 -0.0518921 
1.2279 0.00418937 0.062592 
1.2189 0.00523468 -0.026007 
1.23724 0.00272382 -0.00239136 
1.21915 0.00388572 0.0490082 
1.22585 4.75477e-05 -0.0559926 
1.22633 0.00782266 -0.0530114 
1.23077 0.00518105 0.0558859 
