1.04886 0.00577254 -0.367101 
1.31989 0.00618292 -0.0208769 
1.03493 0.00845606 0.397399 
1.03399 0.00640679 -0.449814 
1.28466 0.00174475 0.22103 
1.09479 0.00329944 0.25033 
1.08294 0.00296941 -0.460078 
1.19103 0.00154325 0.393577 
1.14256 0.00470468 0.0316442 
1.16694 2.4428e-05 -0.411758 
1.1697 0.00808628 -0.409846 
1.10001 0.00175305 0.462419 
1.11202 0.00262185 -0.198611 
1.26593 0.00635264 -0.264712 
1.03771 0.00594677 0.466016 
1.05229 0.00731592 -0.359484 
1.3192 0.00323765 -0.036768 
1.0352 0.00195991 0.402546 
1.03161 0.00360282 -0.447954 
1.28821 0.00479822 0.209572 
1.09087 0.00329298 0.260751 
1.07941 0.00434776 -0.46077 
1.19707 0.000833855 0.386305 
1.14182 0.00306854 0.0448954 
1.16322 0.00518805 -0.415457 
1.10376 0.00418358 0.460952 
1.11531 0.00166125 -0.187204 
1.25941 0.000712007 -0.277489 
1.26136 0.00827665 -0.275187 
1.04072 0.00434873 0.467036 
1.31812 0.000273504 -0.0525848 
1.31849 0.00759133 -0.0499774 
1.0322 0.00468512 0.409086 
1.02938 0.000548905 -0.445863 
1.29301 0.000601524 0.195517 
1.29157 0.00802315 0.197955 
1.08691 0.00346293 0.270933 
1.07593 0.00546268 -0.461311 
1.20301 0.000440277 0.378697 
1.20041 0.00830051 0.380699 
1.14084 0.00141361 0.0580785 
1.15665 0.00188514 -0.420791 
1.10754 0.00674888 0.459332 
1.11847 0.000539082 -0.175616 
1.25462 0.00242256 -0.287768 
1.04381 0.00294529 0.467916 
1.05618 0.00125464 -0.345615 
1.31714 0.00460966 -0.0657038 
1.02931 0.00771619 0.415372 
1.03068 0.00627863 -0.442046 
1.29611 0.00401282 0.183729 
1.08292 0.00380363 0.280879 
1.07248 0.00630536 -0.461705 
1.20887 0.000345556 0.370756 
1.20631 0.00817313 0.372783 
1.13874 0.00797305 0.074551 
1.15285 0.00636269 -0.424014 
1.11443 0.00103505 0.455882 
1.1233 0.00760746 -0.160808 
1.24969 0.00394879 -0.297851 
1.04695 0.00175111 0.468664 
1.05983 0.00250239 -0.337458 
1.3154 0.00160099 -0.0813061 
1.02996 0.00205867 0.419888 
1.02882 0.00271202 -0.439464 
1.30026 0.000206455 0.169298 
1.29901 0.00759806 0.171778 
1.07893 0.00430857 0.290594 
1.06907 0.00687372 -0.461953 
1.21463 0.000535785 0.362488 
1.21211 0.00833179 0.36454 
1.13716 0.00631 0.087529 
1.14616 0.00235266 -0.428867 
1.11826 0.00392365 0.453951 
1.12603 0.00622008 -0.148821 
1.24461 0.0052957 -0.307723 
1.05014 0.000784078 0.469288 
1.06353 0.00367803 -0.329101 
1.31397 0.00589067 -0.0941844 
1.02734 0.00575201 0.425688 
1.0305 0.00790859 -0.435109 
1.30289 0.00397157 0.157174 
1.07493 0.00496824 0.300085 
1.0657 0.00716862 -0.462059 
1.22029 0.000996504 0.353903 
1.13536 0.00465735 0.100402 
1.14231 0.0062426 -0.431668 
1.12211 0.00698808 0.451862 
1.1286 0.00474713 -0.136669 
1.23941 0.00646118 -0.317364 
1.05337 6.06093e-05 0.46979 
1.06728 0.0047848 -0.320538 
1.31157 0.00279578 -0.10949 
1.02828 0.000767242 0.429729 
1.02902 0.00378226 -0.431996 
1.30639 0.000524707 0.142367 
1.30533 0.00789142 0.144884 
1.07095 0.00576852 0.309356 
1.06237 0.00719099 -0.462027 
1.22585 0.0017098 0.345012 
1.13335 0.00302722 0.113159 
1.13553 0.0016288 -0.436088 
1.12897 0.00192894 0.447886 
1.13098 0.00320888 -0.124358 
1.23409 0.00743414 -0.326756 
1.05335 0.0084346 0.471656 
1.07108 0.00581501 -0.311768 
1.30968 0.00696844 -0.122062 
1.02596 0.00516348 0.435003 
1.03108 0.0083795 -0.427077 
1.30855 0.00458406 0.129908 
1.06699 0.0066912 0.318409 
1.05906 0.00694112 -0.461863 
1.23131 0.00265388 0.335829 
1.13114 0.0014311 0.125789 
1.13164 0.00503054 -0.438517 
1.13282 0.00543237 0.445454 
1.13318 0.00162113 -0.111898 
1.22632 0.000469254 -0.338031 
1.22865 0.00819568 -0.33588 
1.05665 0.00820213 0.471918 
1.07491 0.00675226 -0.302787 
1.30663 0.00367763 -0.137014 
1.02723 0.000851863 0.438529 
1.02997 0.00362643 -0.423431 
1.31138 0.00139679 0.114742 
1.06308 0.00771675 0.327248 
1.05579 0.00642024 -0.461573 
1.23665 0.00380553 0.326372 
1.1271 0.00817096 0.141424 
1.12776 0.00823108 -0.440778 
1.13961 0.000922412 0.441075 
1.13632 0.00824637 -0.0959938 
1.22072 0.000967266 -0.346848 
1.2231 0.00872287 -0.344721 
1.05999 0.00823189 0.472045 
1.07875 0.00757576 -0.293595 
1.3032 0.000229291 -0.151763 
1.30428 0.00760526 -0.149243 
1.02528 0.00590346 0.443246 
1.03238 0.00755522 -0.417963 
1.31309 0.00563153 0.10197 
1.06239 9.04124e-05 0.333882 
1.05256 0.00563324 -0.461162 
1.24188 0.00514444 0.316657 
1.12439 0.00669679 0.153713 
1.12091 0.00288966 -0.444648 
1.14342 0.0049435 0.438258 
1.13799 0.00658641 -0.0832297 
1.21502 0.0012075 -0.355366 
1.06335 0.00852407 0.472031 
1.0826 0.00826509 -0.284189 
1.30058 0.00398378 -0.163812 
1.02692 0.0021968 0.446237 
1.03159 0.00213582 -0.413815 
1.31527 0.00257715 0.086487 
1.05862 0.00125123 0.342357 
1.04935 0.0045906 -0.460633 
1.24699 0.00665729 0.306705 
1.1215 0.00530333 0.16584 
1.11705 0.00571749 -0.446596 
1.15012 0.00106454 0.433432 
1.13945 0.00491441 -0.0703485 
1.20922 0.00117135 -0.363573 
1.06999 0.000338233 0.470343 
1.08366 0.000233468 -0.276957 
1.29648 0.000153627 -0.178171 
1.29775 0.0075568 -0.175688 
1.02534 0.00781965 0.450396 
1.03429 0.0053884 -0.407837 
1.31651 0.00688369 0.0734517 
1.05491 0.00249234 0.350625 
1.04619 0.00330816 -0.459983 
1.25407 0.000744513 0.294299 
1.25197 0.00833966 0.296534 
1.11845 0.00401383 0.177798 
1.1132 0.00840003 -0.448397 
1.15387 0.00569694 0.43018 
1.14069 0.00324277 -0.057358 
1.20332 0.000844423 -0.371459 
1.20585 0.00869394 -0.369405 
1.07343 0.00118466 0.470024 
1.08755 0.00063654 -0.267177 
1.2934 0.00352508 -0.189868 
1.02736 0.00464758 0.452871 
1.0371 0.00831627 -0.401596 
1.31803 0.00388683 0.057719 
1.05127 0.00382666 0.358689 
1.04308 0.00180426 -0.459207 
1.25885 0.00262217 0.283909 
1.11525 0.00285399 0.189581 
1.10636 0.00249213 -0.45177 
1.16045 0.0025465 0.42486 
1.1417 0.00158255 -0.0442663 
1.19733 0.000214241 -0.379017 
1.1999 0.00809721 -0.37699 
1.0769 0.00229644 0.469553 
1.09143 0.00086871 -0.257169 
1.29011 0.00670632 -0.201396 
1.02954 0.00173207 0.455098 
1.03673 0.00200051 -0.396783 
1.31915 0.000913209 0.0418885 
1.31882 0.00822845 0.044495 
1.04769 0.00527528 0.366552 
1.04005 9.51354e-05 -0.458294 
1.26347 0.00467849 0.273336 
1.11189 0.00184855 0.201184 
1.10258 0.00489244 -0.453275 
1.16411 0.007885 0.42112 
1.14281 0.00815104 -0.0276388 
1.19387 0.00718416 -0.384243 
1.08041 0.00366831 0.468929 
1.09526 0.000923734 -0.246929 
1.28511 0.00224919 -0.215191 
1.02851 0.00809307 0.458519 
1.03979 0.00438744 -0.390091 
1.31967 0.00527222 0.0286018 
1.04418 0.0068637 0.374214 
1.0404 0.00716243 -0.455745 
1.26793 0.00691974 0.26259 
1.1084 0.00101749 0.212597 
1.09886 0.00716224 -0.454631 
1.17054 0.00553192 0.415254 
1.14321 0.00652573 -0.0143743 
1.18774 0.00593631 -0.391166 
1.08396 0.00528666 0.468149 
1.09904 0.000795378 -0.236456 
1.28138 0.00503988 -0.226383 
1.03101 0.00564316 0.460307 
1.04295 0.00653495 -0.383163 
1.32013 0.00233351 0.0126626 
1.04074 0.00861823 0.38167 
1.03757 0.00508391 -0.454534 
1.27404 0.00184475 0.249348 
1.10478 0.000373362 0.223808 
1.09208 0.000722378 -0.457501 
1.17687 0.00359568 0.409079 
1.14335 0.00491532 -0.00106475 
1.18153 0.00433084 -0.397762 
1.08756 0.00712911 0.467211 
1.10275 0.000477444 -0.225756 
1.27575 0.000149497 -0.239795 
1.27745 0.00764052 -0.237416 
1.03366 0.00341339 0.461891 
1.04619 0.00846906 -0.376009 
1.32019 0.00671458 -0.000675762 
1.04075 0.00164433 0.387245 
1.03485 0.00280129 -0.453143 
1.27808 0.00447551 0.238266 
1.09851 0.00838044 0.237432 
1.08845 0.00264021 -0.458549 
1.18311 0.00205839 0.402584 
1.14325 0.00330924 0.0122623 
1.17522 0.00234379 -0.404038 
1.09435 0.000605404 0.464508 
1.10868 0.0083851 -0.212064 
1.27158 0.00253733 -0.250656 
1.03642 0.00138859 0.463285 
1.04628 0.0013533 -0.370455 
1.31998 0.00378491 -0.0166214 
1.0375 0.00377833 0.394317 
1.03226 0.000300954 -0.451558 
1.28195 0.00728455 0.227028 
1.09462 0.00814254 0.248134 
1.08486 0.00434976 -0.459445 
1.18926 0.000894699 0.39576 
1.1429 0.00169565 0.0255776 
1.17157 0.0080057 -0.408088 
1.09804 0.00283814 0.463251 
1.1121 0.00765809 -0.20088 
1.26723 0.00472624 -0.261356 
1.03595 0.0085308 0.465945 
1.0497 0.00296093 -0.36293 
1.31937 0.000845201 -0.0325295 
1.31959 0.00815841 -0.0299149 
1.03435 0.00615315 0.401157 
1.03315 0.00659388 -0.448287 
1.2872 0.00282097 0.213234 
1.09067 0.00808977 0.2586 
1.08132 0.00582212 -0.46019 
1.19532 7.75781e-05 0.388601 
1.19267 0.0079816 0.390572 
1.14231 6.55165e-05 0.0388547 
1.1418 0.00827781 0.0422867 
1.16512 0.00524527 -0.413793 
1.10177 0.00521697 0.461838 
1.11538 0.00674687 -0.189503 
1.26271 0.00671649 -0.271889 
1.03894 0.00686432 0.467021 
1.05319 0.00442843 -0.355204 
1.31872 0.00520476 -0.045764 
1.03087 0.00363172 -0.44628 
1.29062 0.00598999 0.201671 
1.08668 0.00821588 0.268827 
1.07782 0.00703609 -0.460784 
1.19868 0.00745312 0.383102 
1.14082 0.00663268 0.0554846 
1.15858 0.0020764 -0.419216 
1.10555 0.00773125 0.460272 
1.11853 0.00566752 -0.177943 
1.25604 0.00093269 -0.284533 
1.25803 0.00851302 -0.282246 
1.042 0.00538881 0.467951 
1.05674 0.00578084 -0.347281 
1.31745 0.00223018 -0.0615227 
1.03177 0.00273125 0.412565 
1.02876 0.000413366 -0.444032 
1.29523 0.00191927 0.1875 
1.08267 0.00851508 0.278816 
1.07436 0.00797988 -0.46123 
1.20461 0.00722979 0.375297 
1.1396 0.00497249 0.0686021 
1.15479 0.00666843 -0.422516 
1.11244 0.00194927 0.456886 
1.12152 0.00444273 -0.166207 
1.25115 0.00252009 -0.294683 
1.04513 0.00411679 0.468746 
1.06034 0.00704088 -0.339161 
1.31633 0.00655681 -0.074572 
1.02897 0.00596855 0.418702 
1.03018 0.00597613 -0.440048 
1.29819 0.00544779 0.175604 
