1.15052 0.00336049 -0.234756 
1.27824 0.00559648 0.0362015 
1.15475 0.00427428 0.205807 
1.1662 0.00301836 -0.289451 
1.22669 0.00225444 0.2324 
1.17869 0.00265339 -0.00249271 
1.23305 0.00644143 -0.214631 
1.16106 0.0023406 0.299224 
1.15654 0.00705704 -0.204143 
1.27902 0.00042806 -0.0147593 
1.27911 0.00793755 -0.0119788 
1.14807 0.00711693 0.23769 
1.15769 0.00516712 -0.28885 
1.24069 0.00750432 0.202712 
1.17736 0.00358212 0.0458048 
1.21821 0.00755949 -0.240805 
1.1703 0.00801152 0.297153 
1.16286 0.00725506 -0.169156 
1.2756 0.00240731 -0.0624971 
1.14467 0.00583587 0.262319 
1.15056 0.00258391 -0.284103 
1.25554 0.00211137 0.163362 
1.1732 0.0052651 0.0930404 
1.20222 0.00329337 -0.262284 
1.18491 0.00191509 0.286741 
1.16878 0.00466668 -0.130484 
1.26831 0.00311244 -0.108646 
1.14539 0.00105523 0.279626 
1.14764 0.00311081 -0.272356 
1.26703 0.000444811 0.120117 
1.26605 0.00800836 0.122813 
1.16804 0.000403536 0.135053 
1.16661 0.00848073 0.138066 
1.18775 0.00182369 -0.276998 
1.19946 0.00042085 0.272394 
1.19727 0.00831647 0.274776 
1.17459 0.00796928 -0.0857145 
1.25732 0.00141025 -0.152059 
1.14805 0.00138011 0.292015 
1.14897 0.00674762 -0.253198 
1.27483 0.00120979 0.0740597 
1.16007 0.00578187 0.177073 
1.17555 0.0037705 -0.285473 
1.21363 0.00390077 0.253745 
1.17758 0.00168739 -0.0418982 
1.24443 0.00370582 -0.189086 
1.1525 0.00679883 0.299672 
1.15192 0.00566362 -0.229069 
1.27878 0.00323073 0.0263596 
1.15315 0.00585076 0.212428 
1.16387 0.00142149 -0.290304 
1.2289 0.00486866 0.227969 
1.17867 0.00264138 0.00631617 
1.22915 0.00134058 -0.221656 
1.1634 0.000734036 0.298463 
1.15609 0.00052141 -0.20036 
1.15801 0.00865685 -0.197583 
1.2788 0.00556933 -0.0218285 
1.14883 0.00120959 0.240877 
1.15557 0.00272262 -0.288982 
1.24422 0.0033389 0.19488 
1.17681 0.00364485 0.0545137 
1.21392 0.00141753 -0.246915 
1.17277 0.00719844 0.295711 
1.16263 0.000186954 -0.164766 
1.16425 0.00828786 -0.161844 
1.27489 0.00740007 -0.0693739 
1.14579 0.000733899 0.264698 
1.15117 0.00739055 -0.281041 
1.25712 0.00635003 0.157361 
1.17218 0.00555367 0.101427 
1.19976 0.00401334 -0.265097 
1.18741 0.00191862 0.284602 
1.16998 0.00525399 -0.122555 
1.26622 0.000213106 -0.117846 
1.26713 0.00777714 -0.115133 
1.14442 0.00506736 0.283523 
1.14857 0.00698563 -0.268374 
1.26817 0.00519527 0.113556 
1.16672 0.00104056 0.142956 
1.18526 0.00167665 -0.279076 
1.20193 0.00130017 0.269501 
1.17458 0.000179129 -0.0804696 
1.17539 0.00822002 -0.0772956 
1.25571 0.00552967 -0.157965 
1.1474 0.00633058 0.294992 
1.14791 0.00153511 -0.250801 
1.27551 0.00625202 0.0671373 
1.15851 0.00689001 0.184309 
1.17312 0.00282698 -0.286877 
1.216 0.00572365 0.250023 
1.17799 0.00173378 -0.0331838 
1.24248 0.00707308 -0.19425 
1.15467 0.00448607 0.299518 
1.15333 0.00782616 -0.223209 
1.27913 0.000876713 0.0164989 
1.27897 0.00838621 0.019277 
1.15155 0.00754636 0.218891 
1.16396 0.00777193 -0.288677 
1.23107 0.00765201 0.223381 
1.17855 0.00263107 0.0151247 
1.22693 0.00379457 -0.225982 
1.16329 0.00736549 0.299877 
1.1576 0.00201422 -0.19368 
1.27828 0.00318331 -0.0316554 
1.14736 0.00362082 0.24649 
1.15349 0.000110398 -0.288969 
1.15592 0.00825799 -0.286605 
1.2461 0.00699546 0.189465 
1.17617 0.00373823 0.0631796 
1.21152 0.00290166 -0.250386 
1.17526 0.00653211 0.294144 
1.16406 0.00113571 -0.157355 
1.27353 0.00481745 -0.0789508 
1.14456 0.00399115 0.269376 
1.14942 0.00385417 -0.280215 
1.25986 0.0030998 0.148594 
1.17108 0.00589822 0.109733 
1.19729 0.00456963 -0.267769 
1.18991 0.00207603 0.28233 
1.17111 0.00577088 -0.114523 
1.26495 0.00479285 -0.124241 
1.146 0.00105488 0.284876 
1.1472 0.00250304 -0.26668 
1.27011 0.00246221 0.1042 
1.16536 0.00175503 0.150749 
1.18277 0.00137956 -0.281026 
1.20439 0.00234741 0.266461 
1.17539 0.000385657 -0.071997 
1.17612 0.00842263 -0.0688062 
1.25276 0.00190544 -0.166394 
1.14934 0.0032704 0.29549 
1.14919 0.00435111 -0.245704 
1.27661 0.0038045 0.0574146 
1.15692 0.00809753 0.191408 
1.1707 0.00173726 -0.288158 
1.21835 0.00772205 0.246144 
1.17831 0.00175793 -0.0244347 
1.23892 0.00259806 -0.201853 
1.15688 0.00233836 0.299221 
1.15269 0.0016988 -0.219872 
1.27922 0.00603728 0.0094081 
1.15211 0.00120216 0.222543 
1.1617 0.00587943 -0.289279 
1.23496 0.00288824 0.216117 
1.17834 0.00262788 0.0239247 
1.22467 0.00607572 -0.23015 
1.1657 0.00604955 0.298866 
1.1591 0.00339642 -0.186851 
1.27758 0.000773475 -0.0414509 
1.27789 0.00828876 -0.0386767 
1.14592 0.00618099 0.251924 
1.1539 0.00548734 -0.286455 
1.24941 0.00314623 0.18132 
1.17545 0.00386723 0.0717951 
1.20911 0.00421228 -0.253706 
1.17775 0.00601285 0.292451 
1.16544 0.00199682 -0.14982 
1.27198 0.00217551 -0.0884539 
1.14338 0.00741709 0.273866 
1.14772 0.000139218 -0.279228 
1.15014 0.00832067 -0.276819 
1.26129 0.00755165 0.142366 
1.16992 0.00630291 0.117952 
1.19481 0.00496496 -0.270305 
1.19241 0.00238977 0.279924 
1.17218 0.00622125 -0.106396 
1.26259 0.00170563 -0.133232 
1.14514 0.00541305 0.288429 
1.14825 0.00603965 -0.262353 
1.2711 0.00734268 0.097483 
1.16394 0.00255083 0.158426 
1.18029 0.000934127 -0.282851 
1.20683 0.00356484 0.263272 
1.17612 0.000548114 -0.0634586 
1.17675 0.0085816 -0.0602529 
1.25101 0.00577145 -0.172044 
1.15133 0.000386243 0.295833 
1.1488 0.00855534 0.298141 
1.1505 0.00701169 -0.240425 
1.27753 0.00138932 0.0476457 
1.15726 0.00127394 0.195591 
1.1683 0.000500476 -0.289316 
1.17065 0.00856214 -0.286955 
1.22259 0.00212118 0.239642 
1.17854 0.00176508 -0.0156586 
1.23685 0.00564415 -0.206717 
1.15913 0.000352942 0.298786 
1.15663 0.00847628 0.301081 
1.15417 0.00360213 -0.213709 
1.27928 0.00368945 -0.000464844 
1.15056 0.00314134 0.228718 
1.15948 0.00382859 -0.289747 
1.23703 0.00600987 0.211216 
1.17803 0.00263723 0.0327085 
1.22053 0.000403284 -0.236665 
1.22239 0.00818259 -0.234162 
1.16812 0.00488294 0.297728 
1.16058 0.00467247 -0.179877 
1.27709 0.00585267 -0.0484387 
1.14688 0.000700335 0.254677 
1.15194 0.00254406 -0.286154 
1.25117 0.0070811 0.175629 
1.17464 0.00403666 0.0803533 
1.20668 0.00535107 -0.256876 
1.18025 0.0056415 0.290632 
1.16678 0.0027742 -0.142165 
1.27101 0.00701297 -0.095141 
1.14472 0.00280684 0.275775 
1.14852 0.00443651 -0.275679 
1.26376 0.0045172 0.133363 
1.16868 0.00677183 0.12608 
1.19232 0.00520206 -0.272705 
1.1949 0.00286242 0.277381 
1.17318 0.00660901 -0.0981771 
1.26117 0.0060981 -0.139422 
1.14686 0.00175125 0.289464 
1.14701 0.00122118 -0.260339 
1.27276 0.00473748 0.0879703 
1.16247 0.0034319 0.165983 
1.17781 0.00034164 -0.284552 
1.1801 0.00834926 -0.282178 
1.20926 0.00495447 0.259932 
1.17676 0.000671131 -0.0548609 
1.1773 0.00870157 -0.0516421 
1.24781 0.00185742 -0.180183 
1.15086 0.0058334 0.298342 
1.14964 0.00135004 -0.237576 
1.27793 0.00651346 0.0406107 
1.15569 0.0026846 0.202436 
1.16829 0.00719061 -0.287997 
1.22486 0.00448073 0.235443 
1.17866 0.00176056 -0.00686325 
1.23307 0.000810536 -0.213984 
1.23474 0.00852772 -0.211428 
1.15893 0.00663713 0.300519 
1.15565 0.00537886 -0.207383 
1.27914 0.00133707 -0.0103335 
1.14902 0.00521368 0.234724 
1.15729 0.00161668 -0.290078 
1.2407 0.00160385 0.203613 
1.17763 0.00266446 0.0414681 
1.2182 0.0023232 -0.240517 
1.17056 0.00386434 0.296464 
1.16203 0.00584677 -0.172763 
1.2761 0.00338097 -0.0581544 
1.14554 0.00356308 0.259782 
1.15246 0.00759412 -0.283324 
1.25423 0.00351916 0.167192 
1.17374 0.00425119 0.0888474 
1.20424 0.00632007 -0.2599 
1.18276 0.00541934 0.288685 
1.16807 0.00347173 -0.134395 
1.26918 0.00423715 -0.104485 
1.14365 0.00657037 0.279919 
1.14696 0.000373986 -0.274375 
1.14936 0.0085599 -0.271942 
1.26606 0.0015835 0.124244 
1.16739 0.00730893 0.13411 
1.18984 0.00528356 -0.274973 
1.19739 0.00349666 0.274698 
1.1741 0.0069382 -0.0898733 
1.25854 0.00279092 -0.148179 
1.14613 0.00645452 0.292678 
1.14817 0.00442797 -0.255669 
1.27423 0.00218861 0.0783836 
1.16097 0.00440222 0.173415 
1.17766 0.00762442 -0.283764 
1.21166 0.00651787 0.256439 
1.17731 0.000759494 -0.0462107 
1.24594 0.00544261 -0.185558 
1.15296 0.00328304 0.298394 
1.15104 0.00371979 -0.231973 
1.27856 0.00414116 0.0307799 
1.15411 0.00420768 0.20913 
1.16596 0.00566895 -0.288912 
1.2271 0.00701293 0.231085 
1.1787 0.00174977 0.00194353 
1.23091 0.00351733 -0.218538 
1.16126 0.00495468 0.299823 
1.15713 0.00703371 -0.200898 
1.27896 0.00648472 -0.01741 
1.14749 0.00742385 0.24056 
1.15757 0.00737884 -0.287914 
1.24267 0.00504517 0.198409 
1.17713 0.00271482 0.0501958 
1.21584 0.00406765 -0.244213 
1.17301 0.00299289 0.295075 
1.16344 0.00692358 -0.165514 
1.27492 0.000866914 -0.0678153 
1.27543 0.00839337 -0.0650548 
1.14422 0.00658682 0.264702 
1.15062 0.00431093 -0.282724 
1.25713 9.59489e-05 0.158607 
1.25585 0.00770424 0.161246 
1.17277 0.00451534 0.0972707 
1.20178 0.00712163 -0.262779 
1.18527 0.00534805 0.286608 
1.1693 0.00409324 -0.126517 
1.26717 0.00137869 -0.113732 
1.14513 0.00230323 0.281507 
1.14788 0.0043286 -0.270483 
1.26725 0.00629996 0.117722 
1.16603 0.00791814 0.142037 
1.18736 0.00521192 -0.277112 
1.19987 0.00429517 0.271872 
1.17495 0.00721294 -0.08149 
1.25697 0.00696606 -0.15414 
1.14798 0.00314196 0.2934 
1.14937 0.00747073 -0.250811 
1.27495 0.00721422 0.0714835 
1.15943 0.00546583 0.180716 
1.17523 0.00675372 -0.285227 
1.21606 0.000448207 0.250347 
1.21405 0.0082562 0.25279 
1.17777 0.00081814 -0.0375152 
1.24251 0.00121052 -0.193388 
1.1551 0.000901765 0.2983 
1.15245 0.00594688 -0.226194 
1.27899 0.00178327 0.0209265 
1.15251 0.00584777 0.21567 
1.16365 0.00399511 -0.2897 
1.2311 0.00198358 0.224066 
