1.05316 0.00437464 -0.362527 
1.31812 0.00456161 -0.018855 
1.04217 0.00440025 0.389834 
1.03858 0.00238442 -0.444878 
1.28239 0.000499873 0.221702 
1.28076 0.00796819 0.224098 
1.0989 0.00759235 0.242216 
1.0903 0.00390914 -0.452429 
1.18869 0.00124558 0.391985 
1.14469 7.80377e-05 0.0179814 
1.14444 0.00827735 0.0214255 
1.17577 0.0045606 -0.399255 
1.09844 0.0045244 0.457978 
1.11128 0.00380264 -0.207425 
1.27114 0.00452901 -0.246715 
1.04129 0.00289845 0.457232 
1.05218 0.00444331 -0.365162 
1.31826 0.00543849 -0.01306 
1.04308 0.00426232 0.387369 
1.03854 0.000696499 -0.445929 
1.28046 0.00194698 0.226702 
1.10011 0.00833267 0.238436 
1.09071 0.000768769 -0.452577 
1.18552 0.00436496 0.395183 
1.14478 0.0013093 0.013318 
1.17631 8.35568e-05 -0.398283 
1.17901 0.00808909 -0.396322 
1.098 0.00123066 0.457946 
1.11019 0.0046858 -0.211327 
1.27327 0.00618978 -0.2419 
1.04124 0.000992035 0.456305 
1.0512 0.00448645 -0.367773 
1.31835 0.00630848 -0.00726039 
1.04401 0.00415172 0.384873 
1.04183 0.00793103 -0.445432 
1.27848 0.00341762 0.231675 
1.10384 0.000651907 0.231984 
1.09423 0.00616488 -0.451038 
1.18232 0.00754169 0.398324 
1.14484 0.00253697 0.00864992 
1.17956 0.00356018 -0.395319 
1.09445 0.00648975 0.459532 
1.10908 0.00554163 -0.215207 
1.27365 0.000311759 -0.239441 
1.27535 0.00781354 -0.237056 
1.03786 0.00806183 0.456821 
1.05023 0.00450404 -0.370358 
1.31838 0.00717402 -0.00145778 
1.04496 0.00406841 0.382346 
1.04183 0.00617852 -0.446436 
1.27645 0.00491431 0.236621 
1.10502 0.00144444 0.228125 
1.09465 0.00296518 -0.451151 
1.18184 0.00279579 0.399485 
1.14487 0.00376265 0.00397983 
1.18277 0.00696858 -0.392301 
1.09404 0.00323259 0.459461 
1.10796 0.00637119 -0.219063 
1.27573 0.00191025 -0.234583 
1.03785 0.0062014 0.455849 
1.04927 0.00449627 -0.372916 
1.3184 0.000718799 0.00172187 
1.31837 0.00803789 0.00434631 
1.04592 0.00401255 0.379791 
1.04185 0.00439751 -0.447412 
1.27438 0.00643986 0.241538 
1.10619 0.00226118 0.224239 
1.09816 0.00828065 -0.449555 
1.17861 0.00607863 0.402535 
1.14488 0.00498805 -0.000689586 
1.1833 0.00234775 -0.391222 
1.09048 0.00856295 0.460988 
1.10683 0.00717579 -0.222893 
1.27776 0.00347686 -0.229697 
1.03785 0.00436751 0.45485 
1.04833 0.00446339 -0.375446 
1.31838 0.00158367 0.00752668 
1.04689 0.00398437 0.377207 
1.04189 0.00259071 -0.448362 
1.27404 0.000492328 0.244074 
1.27226 0.00799714 0.246427 
1.10735 0.0031035 0.220328 
1.0986 0.00503544 -0.44963 
1.17812 0.00142343 0.403617 
1.14486 0.00621493 -0.0053556 
1.18649 0.00564822 -0.388117 
1.09008 0.0053555 0.460879 
1.10569 0.00795681 -0.226695 
1.27975 0.00501437 -0.224783 
1.03787 0.00256287 0.453822 
1.0474 0.00440562 -0.377946 
1.31831 0.00245237 0.0133304 
1.04787 0.00398409 0.374598 
1.04194 0.00076061 -0.449284 
1.27192 0.00207462 0.248949 
1.1085 0.0039726 0.216393 
1.09905 0.00177422 -0.449682 
1.17487 0.00482557 0.40658 
1.14481 0.00744494 -0.0100156 
1.18702 0.000947724 -0.386959 
1.08969 0.00217637 0.460746 
1.10209 0.000268125 -0.233135 
1.10455 0.00871564 -0.230469 
1.28169 0.0065254 -0.21984 
1.03791 0.00079009 0.452767 
1.04649 0.00432299 -0.380416 
1.31818 0.00332746 0.0191314 
1.04886 0.00401176 0.371963 
1.04531 0.00783958 -0.448655 
1.26975 0.00369361 0.253795 
1.10964 0.0048694 0.212436 
1.10258 0.0070066 -0.448014 
1.17436 0.000272864 0.407586 
1.17159 0.00830143 0.409488 
1.14457 0.00048007 -0.0181137 
1.14474 0.00867954 -0.0146672 
1.19018 0.00415267 -0.383763 
1.08614 0.00762582 0.462201 
1.10092 0.00099828 -0.236859 
1.28203 0.000546822 -0.217297 
1.28358 0.00801218 -0.21487 
1.03461 0.00802951 0.453149 
1.04559 0.00421531 -0.382855 
1.31801 0.0042111 0.0249283 
1.04986 0.00406718 0.369303 
1.0454 0.00596816 -0.449534 
1.26754 0.00535133 0.258611 
1.11076 0.00579448 0.208458 
1.10305 0.00371847 -0.448027 
1.17108 0.00380485 0.410463 
1.14442 0.00171969 -0.0227524 
1.19332 0.00730482 -0.380511 
1.08576 0.0045149 0.462032 
1.09974 0.0017085 -0.240551 
1.28392 0.00201917 -0.212313 
1.03469 0.00632668 0.452044 
1.0447 0.00408199 -0.385261 
1.31778 0.0051049 0.0307195 
1.05087 0.00414984 0.36662 
1.04551 0.00407843 -0.450388 
1.26527 0.00704917 0.263397 
1.11187 0.00674798 0.204461 
1.10353 0.000421649 -0.448015 
1.16777 0.0074142 0.413287 
1.14426 0.00296573 -0.0273785 
1.19385 0.00250277 -0.379236 
1.08538 0.00143981 0.461841 
1.09857 0.00239957 -0.244212 
1.28575 0.00346987 -0.207301 
1.03479 0.00466141 0.45091 
1.04384 0.00392207 -0.387633 
1.3175 0.00600979 0.0365036 
1.05189 0.00425883 0.363914 
1.04564 0.00217092 -0.451217 
1.2649 0.00124187 0.265848 
1.11296 0.00772957 0.200446 
1.10706 0.00559214 -0.446274 
1.16725 0.00302966 0.414192 
1.14406 0.00421861 -0.0319908 
1.19696 0.00557259 -0.375892 
1.08183 0.00703035 0.463225 
1.09739 0.00307193 -0.24784 
1.28754 0.00489937 -0.202262 
1.03491 0.00303472 0.449745 
1.04299 0.00373411 -0.389972 
1.31717 0.00692604 0.0422793 
1.05292 0.00439285 0.361185 
1.04578 0.000245501 -0.452022 
1.26259 0.00301087 0.270587 
1.11623 0.000373556 0.193547 
1.10756 0.00227691 -0.446223 
1.16391 0.00677479 0.416934 
1.14385 0.0054783 -0.0365886 
1.19748 0.000711025 -0.374534 
1.20004 0.0085939 -0.372491 
1.08146 0.00403303 0.462998 
1.09621 0.00372569 -0.251436 
1.28928 0.00630743 -0.197194 
1.03505 0.00144707 0.448548 
1.04216 0.00351625 -0.392277 
1.31714 0.000528512 0.0454333 
1.31678 0.00785318 0.0480453 
1.05396 0.00455023 0.358433 
1.04921 0.00720214 -0.451273 
1.26023 0.00481981 0.275293 
1.11726 0.00141493 0.189477 
1.1111 0.00740069 -0.444423 
1.16338 0.00250089 0.41777 
1.14361 0.00674434 -0.0411719 
1.20057 0.00370112 -0.371098 
1.0811 0.00107336 0.462748 
1.09503 0.0043606 -0.255001 
1.28958 0.000259801 -0.194564 
1.29097 0.00769318 -0.1921 
1.04135 0.00326621 -0.394547 
1.31675 0.00146381 0.051192 
1.055 0.00472892 0.355658 
1.04938 0.00523635 -0.45204 
1.25783 0.00666738 0.279966 
1.11828 0.00248053 0.18539 
1.11161 0.0040653 -0.444334 
1.16002 0.00637775 0.420433 
1.14335 0.0080159 -0.0457407 
1.20363 0.0066423 -0.367605 
1.07756 0.00681035 0.464061 
1.09385 0.00497613 -0.258535 
1.29126 0.00162894 -0.189454 
1.03201 0.00738379 0.447528 
1.04055 0.0029814 -0.396783 
1.31631 0.00240712 0.0569389 
1.05605 0.00492665 0.352858 
1.04956 0.00324837 -0.452787 
1.25742 0.000971105 0.282339 
1.25539 0.00855176 0.284605 
1.11928 0.00356832 0.181284 
1.11214 0.000719366 -0.44422 
1.15948 0.00220712 0.421204 
1.14247 0.00108132 -0.0537031 
1.20415 0.00168798 -0.366129 
1.07721 0.00392622 0.463774 
1.09267 0.00557152 -0.262039 
1.2929 0.00297233 -0.184316 
1.03222 0.00590974 0.446239 
1.03978 0.00265897 -0.398986 
1.31582 0.00335645 0.0626729 
1.05712 0.00514095 0.350035 
1.04976 0.00123587 -0.453512 
1.25498 0.00287856 0.28696 
1.12026 0.00467606 0.177158 
1.11568 0.00577558 -0.442349 
1.15608 0.00620636 0.42379 
1.14211 0.00235828 -0.0582385 
1.20718 0.00454504 -0.362545 
1.07686 0.00107624 0.463465 
1.09149 0.00614586 -0.265514 
1.29448 0.00428795 -0.17915 
1.03245 0.0044722 0.444914 
1.03902 0.00229597 -0.401154 
1.31527 0.00430963 0.0683928 
1.05819 0.00536932 0.347185 
1.05322 0.00806689 -0.452674 
1.25249 0.00481794 0.291546 
1.12123 0.00580133 0.173012 
1.11622 0.00239801 -0.442198 
1.15554 0.00212738 0.424498 
1.14174 0.00363651 -0.0627615 
1.21018 0.00734969 -0.358905 
1.07332 0.00694941 0.464704 
1.09031 0.00669823 -0.268961 
1.29602 0.00557372 -0.173956 
1.03271 0.00307011 0.443551 
1.03828 0.00188949 -0.403289 
1.31467 0.00526447 0.0740974 
1.05928 0.00560933 0.344309 
1.05343 0.0059957 -0.453369 
1.24996 0.00678685 0.296095 
1.12219 0.00694168 0.168844 
1.11975 0.00738951 -0.440271 
1.15212 0.00623668 0.427008 
1.14134 0.00491441 -0.0672732 
1.21071 0.00229067 -0.357312 
1.07299 0.00416502 0.464358 
1.08913 0.00722778 -0.272383 
1.2975 0.00682776 -0.168735 
1.03299 0.00170249 0.44215 
1.03755 0.00143676 -0.40539 
1.31402 0.00621899 0.0797859 
1.06037 0.00585876 0.341406 
1.05365 0.00389213 -0.454046 
1.24954 0.00116493 0.298379 
1.12313 0.00809475 0.164654 
1.1203 0.00397003 -0.440084 
1.15157 0.00223619 0.427655 
1.14092 0.00619041 -0.0717745 
1.21368 0.00500284 -0.353584 
1.07267 0.00140937 0.463988 
1.08796 0.00773383 -0.275779 
1.29774 0.000648846 -0.165994 
1.29893 0.0080485 -0.163485 
1.0333 0.000368599 0.44071 
1.03685 0.000935355 -0.407458 
1.31332 0.00717161 0.0854571 
1.06148 0.0061157 0.338474 
1.05388 0.00175384 -0.454706 
1.24697 0.00317431 0.30287 
1.12589 0.00095135 0.157392 
1.12085 0.000527896 -0.439875 
1.14813 0.00644307 0.430091 
1.14047 0.00746309 -0.0762662 
1.21661 0.00765942 -0.349801 
1.06913 0.00740261 0.465152 
1.08678 0.00821602 -0.27915 
1.29917 0.00184115 -0.160727 
1.03025 0.00807311 0.440711 
1.03615 0.000383254 -0.409492 
1.31324 0.000780726 0.0885282 
1.31257 0.0081213 0.0911101 
1.06261 0.0063787 0.335514 
1.05735 0.00841825 -0.453792 
1.24437 0.00520767 0.307321 
1.12677 0.00212882 0.153138 
1.12438 0.00541632 -0.43788 
1.14758 0.00250915 0.43068 
1.13906 0.000502335 -0.0840894 
1.21713 0.00248465 -0.348096 
1.06883 0.00470295 0.464744 
1.08277 9.63529e-05 -0.284841 
1.0856 0.00867433 -0.282499 
1.30054 0.00299857 -0.155432 
1.03061 0.00680277 0.4392 
1.31249 0.00172403 0.0941686 
1.06374 0.00664678 0.332523 
1.05759 0.00620314 -0.454426 
1.24173 0.00726443 0.311732 
1.12763 0.00331319 0.14886 
1.12494 0.00191946 -0.437635 
