0.804494 1.5708 0.0265048 
0.804539 1.57276 0.025976 
0.804586 1.57472 0.0254473 
0.804636 1.57669 0.0249187 
0.804687 1.57865 0.0243903 
0.833024 1.57191 -0.0288755 
0.864896 1.56747 0.0259235 
0.865137 1.5786 0.0232068 
0.78815 1.56924 -0.00274398 
0.875952 1.57035 -0.0127743 
0.817076 1.56407 0.0329394 
0.817346 1.5757 0.0298592 
0.81866 1.56306 -0.0250253 
0.818418 1.57469 -0.0280904 
0.87518 1.56692 0.0186323 
0.875354 1.57794 0.0159962 
0.787931 1.5701 0.0069852 
0.865999 1.57006 -0.0202143 
0.831606 1.56651 0.0339942 
0.831906 1.57798 0.0310229 
0.805556 1.57215 -0.0229615 
0.881373 1.56996 0.00905763 
0.792216 1.57168 0.0160091 
0.853155 1.56463 -0.0242206 
0.852936 1.57588 -0.0270252 
0.846435 1.56359 0.0333602 
0.846707 1.5749 0.0305006 
0.795608 1.56539 -0.0141104 
0.795479 1.57728 -0.0173471 
0.882556 1.56363 0.00109553 
0.882551 1.57457 -0.00148146 
0.800489 1.56359 0.0261324 
0.800695 1.57542 0.0229297 
0.838582 1.56428 -0.0267171 
0.838337 1.57568 -0.0296326 
0.860399 1.56693 0.028229 
0.860655 1.5781 0.0254773 
0.789346 1.56769 -0.00582261 
0.878581 1.56758 -0.0090291 
0.87852 1.57857 -0.011637 
0.812372 1.57091 0.0297728 
0.823652 1.5691 -0.0275205 
0.871854 1.56468 0.0220548 
0.87204 1.57574 0.0193922 
0.787483 1.56867 0.00378984 
0.87002 1.56875 -0.0174015 
0.826382 1.57127 0.0324908 
0.810006 1.56829 -0.0238591 
0.879666 1.56666 0.0131428 
0.879791 1.57763 0.0105423 
0.790154 1.56982 0.0132384 
0.858065 1.56531 -0.02276 
0.857864 1.57651 -0.025527 
0.841162 1.56601 0.0335943 
0.841455 1.57738 0.030695 
0.79888 1.56285 -0.0162163 
0.79871 1.5747 -0.0194287 
0.882728 1.57096 0.00279207 
0.797172 1.57263 0.0210566 
0.843868 1.56725 -0.0268807 
0.843647 1.5786 -0.0297564 
0.855602 1.56713 0.030037 
0.855875 1.57834 0.0272483 
0.791123 1.56597 -0.00872916 
0.791045 1.57792 -0.0119993 
0.880604 1.56446 -0.00506214 
0.880552 1.57543 -0.00765415 
0.807726 1.5667 0.0291791 
0.807985 1.57844 0.02603 
0.829078 1.56282 -0.0264028 
0.828822 1.57433 -0.0293898 
0.868047 1.56298 0.0251306 
0.868244 1.57408 0.0224378 
0.787634 1.56726 0.000573137 
0.787648 1.57924 -0.00272311 
0.873591 1.56685 -0.0142062 
0.873478 1.57789 -0.0168531 
0.821022 1.56525 0.033405 
0.821305 1.57684 0.0303543 
0.814807 1.56388 -0.0242673 
0.814578 1.57555 -0.0273612 
0.877332 1.56365 0.0170464 
0.877466 1.57465 0.014427 
0.788667 1.56817 0.0102559 
0.862713 1.56524 -0.0207748 
0.862529 1.57639 -0.0235059 
0.835851 1.56929 0.0332028 
0.802423 1.57172 -0.0211221 
0.882211 1.56736 0.00705379 
0.882288 1.57831 0.00447378 
0.794153 1.57022 0.0188149 
0.849083 1.56937 -0.0264269 
0.850576 1.5681 0.0313022 
0.850868 1.57937 0.028475 
0.793465 1.56402 -0.0114001 
0.793347 1.57594 -0.0146528 
0.881937 1.57203 -0.00351358 
0.803461 1.56303 0.0281054 
0.803679 1.57482 0.0249245 
0.834335 1.56729 -0.0276742 
0.834107 1.57874 -0.0306221 
0.864032 1.57303 0.0250772 
0.788381 1.5658 -0.00259414 
0.788356 1.57778 -0.00588474 
0.876651 1.56443 -0.0106846 
0.876549 1.57544 -0.0133074 
0.816127 1.57155 0.0306861 
0.819633 1.57047 -0.0272162 
0.87456 1.57206 0.0180663 
0.787768 1.56667 0.00712725 
0.787835 1.57865 0.00383171 
0.867029 1.56445 -0.018312 
0.866861 1.57555 -0.0210096 
0.830571 1.57343 0.0321744 
0.806576 1.56827 -0.0223861 
0.881012 1.56389 0.0112432 
0.881098 1.57485 0.00865328 
0.791669 1.56814 0.0162556 
0.854159 1.57065 -0.0253818 
0.84539 1.5699 0.0319866 
0.79619 1.57365 -0.0170081 
0.882645 1.56846 0.000724933 
0.882676 1.57941 -0.0018513 
0.799803 1.57168 0.0233753 
0.839641 1.57089 -0.0283073 
0.859469 1.57268 0.0272567 
0.78972 1.56422 -0.00564247 
0.789653 1.57618 -0.00892306 
0.879052 1.57257 -0.0094972 
0.811233 1.56688 0.0304931 
0.811505 1.57858 0.0273699 
0.824927 1.56475 -0.0265346 
0.824686 1.5763 -0.0295529 
0.871127 1.56996 0.0214017 
0.787465 1.56524 0.00392142 
0.787491 1.57723 0.000623768 
0.870948 1.56301 -0.0154231 
0.870793 1.57408 -0.0180902 
0.825089 1.56686 0.0335281 
0.825388 1.57841 0.030508 
0.81112 1.56431 -0.023185 
0.810904 1.57602 -0.0263064 
0.879252 1.57161 0.012695 
0.789745 1.56633 0.0134354 
0.789864 1.57829 0.0101541 
0.859025 1.57113 -0.0237802 
0.840114 1.57255 0.032061 
0.799544 1.571 -0.0190128 
0.882661 1.56484 0.00500118 
0.8827 1.57579 0.00242476 
0.796401 1.56897 0.0214217 
0.845179 1.56231 -0.0254446 
0.844929 1.57364 -0.0283099 
0.854624 1.57307 0.0289271 
0.791636 1.56246 -0.00850518 
0.79153 1.5744 -0.0117715 
0.880937 1.56937 -0.00548087 
0.806679 1.56278 0.0297977 
0.80691 1.57454 0.0266405 
0.830115 1.56983 -0.02828 
0.867226 1.56841 0.0243757 
0.867461 1.57951 0.0216774 
0.787761 1.56383 0.000709041 
0.787747 1.57581 -0.00258629 
0.87426 1.57203 -0.0148027 
0.820041 1.57259 0.031269 
0.815746 1.57144 -0.0265737 
0.876787 1.5687 0.0165394 
0.7884 1.56471 0.0104166 
0.788478 1.57669 0.00712554 
0.863613 1.57086 -0.0216651 
0.834528 1.56461 0.0344561 
0.834816 1.57605 0.0315065 
0.80337 1.56793 -0.0206205 
0.882033 1.57221 0.00667253 
0.79351 1.56664 0.0191095 
0.793681 1.57855 0.0158558 
0.850358 1.56426 -0.0248743 
0.85013 1.57554 -0.0277002 
0.849303 1.56297 0.0328826 
0.849565 1.57425 0.0300448 
0.793966 1.57236 -0.0143675 
0.882167 1.56593 -0.00131767 
0.88216 1.57688 -0.00389759 
0.802707 1.57102 0.0254403 
0.835659 1.56263 -0.02645 
0.835402 1.57407 -0.0293874 
0.862922 1.56749 0.0269326 
0.863172 1.57864 0.0242005 
0.788653 1.56235 -0.00243926 
0.788598 1.57432 -0.00572785 
0.877203 1.5695 -0.0112037 
0.814933 1.56742 0.0314912 
0.815219 1.57908 0.0283955 
0.82087 1.56624 -0.0263196 
0.820644 1.57784 -0.0293684 
0.873753 1.5662 0.0201272 
0.873934 1.57723 0.0174797 
0.787645 1.56323 0.00726587 
0.787683 1.57522 0.00396937 
0.867854 1.5699 -0.0190849 
0.829251 1.56891 0.033303 
0.807625 1.56438 -0.0217911 
0.807421 1.57613 -0.0249385 
0.880688 1.56879 0.0108317 
0.79116 1.56462 0.0164907 
0.791291 1.57656 0.0132197 
0.855383 1.56539 -0.0237192 
0.855175 1.57661 -0.0265068 
0.844081 1.56493 0.0334511 
0.844364 1.57627 0.0305738 
0.796937 1.57 -0.0166542 
0.882717 1.56235 0.00293263 
0.882718 1.5733 0.000356781 
0.798944 1.56797 0.0238037 
0.840955 1.56608 -0.0269595 
0.840724 1.57746 -0.0298572 
0.858282 1.56728 0.0290193 
0.858547 1.57847 0.0262512 
0.790038 1.5727 -0.00873195 
0.879566 1.56656 -0.007351 
0.879511 1.57754 -0.00995116 
0.810121 1.56287 0.0311923 
0.810365 1.57458 0.0280605 
0.825951 1.57191 -0.0285342 
0.870203 1.5642 0.0234 
0.870396 1.57527 0.0207243 
0.787485 1.5738 0.000755107 
0.87168 1.56831 -0.0160924 
0.871563 1.57937 -0.0187542 
0.823816 1.56248 0.0345425 
0.824086 1.57404 0.0315123 
0.812016 1.57201 -0.0256029 
0.878695 1.56561 0.0148421 
0.878826 1.57659 0.0122337 
0.789376 1.56285 0.0136236 
0.789466 1.57481 0.0103396 
0.860184 1.56572 -0.0220161 
0.859994 1.5769 -0.0247668 
0.838783 1.56774 0.0334047 
0.839089 1.57914 0.0304877 
0.800411 1.56727 -0.0185801 
0.800259 1.57911 -0.0217813 
0.882582 1.56967 0.00463243 
0.795665 1.56533 0.0217715 
0.795848 1.57722 0.0185335 
0.846219 1.56866 -0.0268416 
0.853374 1.56782 0.0305872 
0.853657 1.57906 0.0277814 
0.792052 1.57087 -0.0115328 
0.881302 1.56331 -0.00330304 
0.881257 1.57427 -0.0058896 
0.805864 1.57065 0.0272313 
0.831422 1.5653 -0.027147 
0.831182 1.57678 -0.0301166 
0.8662 1.56277 0.0263003 
0.866405 1.57388 0.023593 
0.787885 1.57238 -0.00244649 
0.875029 1.56617 -0.0127425 
0.874924 1.57719 -0.0153781 
0.818799 1.56836 0.0321613 
0.816937 1.5673 -0.0257645 
0.816725 1.57895 -0.0288427 
0.876093 1.56277 0.018644 
0.876234 1.57378 0.0160147 
0.788223 1.57324 0.00727871 
0.864692 1.56531 -0.0198088 
0.864518 1.57644 -0.0225247 
0.833478 1.57141 0.0327263 
0.804348 1.56411 -0.0201005 
0.804156 1.5759 -0.0232723 
0.881757 1.56612 0.0088689 
0.88184 1.57708 0.00628512 
0.792904 1.56306 0.0193908 
0.793046 1.57499 0.0161325 
0.85138 1.5704 -0.0261169 
0.848268 1.56916 0.0315942 
0.794622 1.56877 -0.0140691 
0.88234 1.57078 -0.00169731 
0.801767 1.56723 0.0259376 
0.802002 1.57904 0.0227445 
0.836711 1.56937 -0.0281299 
0.862028 1.57314 0.026031 
0.78888 1.57087 -0.00556503 
0.877841 1.56355 -0.00909213 
0.877746 1.57454 -0.0117056 
0.813764 1.56332 0.0322743 
0.814021 1.57499 0.0291695 
0.821874 1.57356 -0.0284397 
0.873084 1.5714 0.0195237 
0.787572 1.57179 0.00410455 
0.868838 1.56423 -0.0171469 
0.868678 1.57531 -0.0198305 
0.827948 1.56441 0.0344084 
0.828234 1.57593 0.0314094 
0.808471 1.57221 -0.0243156 
0.880259 1.56273 0.0130058 
0.880351 1.5737 0.0104097 
0.790792 1.57305 0.0134406 
0.856371 1.57131 -0.0248155 
0.843033 1.57134 0.032006 
0.797719 1.56635 -0.0162849 
0.797579 1.57821 -0.0195059 
0.882738 1.56718 0.00256573 
0.882775 1.57813 -9.87554e-06 
0.79812 1.56426 0.0242152 
0.798315 1.57612 0.0209952 
0.842018 1.57259 -0.0284765 
0.85733 1.57311 0.0279863 
0.790461 1.56921 -0.00853212 
0.879977 1.57152 -0.00779485 
0.809253 1.57061 0.0287304 
0.827235 1.5675 -0.0274924 
0.82701 1.57903 -0.0304937 
0.869433 1.56954 0.0227027 
0.787519 1.57038 0.000886991 
0.872557 1.56252 -0.0140832 
0.87241 1.57357 -0.0167377 
0.822804 1.5697 0.0324939 
0.813155 1.56797 -0.0248783 
0.878222 1.5706 0.0143695 
0.789107 1.57134 0.0105173 
0.861121 1.57145 -0.0229762 
0.837463 1.56296 0.0347259 
0.83774 1.57437 0.0317981 
0.801311 1.56354 -0.0181303 
0.801131 1.57536 -0.0213247 
0.882443 1.56356 0.00683917 
0.882487 1.57451 0.00426085 
0.795119 1.5736 0.018863 
0.847514 1.56365 -0.0253521 
0.847277 1.57496 -0.0281997 
0.852126 1.5626 0.0322281 
0.85238 1.57385 0.0294118 
0.792612 1.56733 -0.0112828 
0.792524 1.57926 -0.0145419 
0.881572 1.56819 -0.00370473 
0.881562 1.57915 -0.00628926 
0.804849 1.56678 0.0278024 
0.805097 1.57856 0.024632 
0.832477 1.5722 -0.0289504 
0.865343 1.56827 0.0254949 
0.865587 1.57938 0.0227818 
0.788063 1.56894 -0.00230313 
0.875649 1.5713 -0.0133022 
0.81758 1.56415 0.0330312 
0.817851 1.57578 0.0299548 
0.818152 1.56314 -0.0249333 
0.817912 1.57477 -0.0280022 
0.875495 1.56787 0.018105 
0.875672 1.57888 0.0154716 
0.788007 1.5698 0.00742698 
0.865562 1.57086 -0.0206446 
0.832154 1.5668 0.0339233 
0.832456 1.57827 0.0309561 
0.805137 1.57206 -0.022726 
0.881513 1.57099 0.00847595 
0.792449 1.57143 0.0163967 
0.852633 1.56522 -0.0245136 
0.852417 1.57648 -0.0273222 
0.846976 1.5641 0.0331229 
0.84725 1.57541 0.0302675 
0.795314 1.56517 -0.0137569 
0.795185 1.57707 -0.0169959 
0.882499 1.56468 0.00050528 
0.882497 1.57563 -0.00207213 
0.80086 1.56345 0.0264166 
0.801067 1.57528 0.0232166 
0.838031 1.56465 -0.0268495 
0.837789 1.57606 -0.0297692 
0.86088 1.56766 0.0278456 
0.861139 1.57882 0.0250977 
0.789202 1.56741 -0.00539572 
0.789165 1.57937 -0.00868016 
0.878337 1.56857 -0.00958129 
0.812848 1.57092 0.0299221 
0.823125 1.56925 -0.0274882 
0.872222 1.56558 0.0215576 
0.87241 1.57663 0.0188979 
0.7875 1.56836 0.00423782 
0.869625 1.56961 -0.0178713 
0.82692 1.57148 0.0324815 
0.80955 1.56826 -0.0236724 
0.879873 1.56767 0.0125752 
0.880001 1.57864 0.00997645 
0.790332 1.56954 0.0136514 
0.857567 1.56599 -0.0231058 
0.857369 1.57719 -0.0258767 
0.841712 1.56644 0.0334164 
0.842007 1.57781 0.0305213 
0.798536 1.56268 -0.0158999 
0.798368 1.57453 -0.0191148 
0.882744 1.57201 0.00219934 
0.797497 1.57244 0.0213841 
0.843322 1.5677 -0.0270737 
0.843103 1.57906 -0.0299536 
0.856111 1.56778 0.0297035 
0.856387 1.57899 0.0269188 
0.790923 1.56571 -0.00832303 
0.790846 1.57765 -0.0115946 
0.880424 1.56548 -0.00563298 
0.880375 1.57645 -0.00822642 
0.808168 1.56666 0.0293797 
0.808429 1.5784 0.0262338 
0.828535 1.56305 -0.0264277 
0.828282 1.57457 -0.0294188 
0.86846 1.56383 0.0246689 
0.868661 1.57491 0.0219795 
0.787592 1.56695 0.00102002 
0.787608 1.57894 -0.00227656 
0.873245 1.56776 -0.0147103 
0.873135 1.5788 -0.0173599 
0.821542 1.56539 0.0334527 
0.821828 1.57698 0.0304059 
0.814319 1.56391 -0.0241324 
0.814092 1.57558 -0.02723 
0.877601 1.56463 0.0164986 
0.877738 1.57563 0.0138815 
0.788787 1.56788 0.0106877 
0.862245 1.56598 -0.0211691 
0.862064 1.57713 -0.0239039 
0.836403 1.56964 0.033086 
0.802035 1.57159 -0.0208504 
0.882297 1.56841 0.00646472 
0.882378 1.57936 0.00388549 
0.794427 1.57 0.0191782 
0.848549 1.5699 -0.0266786 
0.851106 1.56868 0.0310228 
0.79321 1.56378 -0.0110211 
0.793094 1.5757 -0.0142756 
0.881867 1.56211 -0.00151613 
0.881827 1.57307 -0.00409833 
0.803864 1.56293 0.0283541 
0.804084 1.57472 0.0251762 
0.833786 1.5676 -0.027761 
0.833559 1.57905 -0.030713 
0.864274 1.56268 0.0273825 
0.864489 1.57381 0.0246602 
0.788282 1.5655 -0.00215562 
0.788257 1.57748 -0.00544698 
0.876359 1.56539 -0.0112174 
0.876261 1.5764 -0.0138426 
0.816626 1.57161 0.030793 
0.819121 1.57058 -0.0271395 
0.874889 1.573 0.0175467 
0.78783 1.56636 0.00757094 
0.787898 1.57834 0.00427583 
0.866599 1.56526 -0.01875 
0.866433 1.57637 -0.021451 
0.830845 1.56222 0.0350971 
0.831118 1.5737 0.0321195 
0.806147 1.5682 -0.0221604 
0.881167 1.56492 0.0106636 
0.881256 1.57588 0.00807495 
0.791889 1.56789 0.016649 
0.853643 1.57126 -0.0256891 
0.845935 1.57039 0.0317646 
0.795885 1.57345 -0.0166643 
0.882605 1.56952 0.000133416 
0.800164 1.57153 0.023671 
0.839092 1.57129 -0.0284556 
