0.659085 1.5708 0.145172 
0.659305 1.57306 0.14447 
0.659527 1.57533 0.143768 
0.659751 1.57759 0.143066 
0.781939 1.57169 -0.177418 
1.06354 1.5636 0.0830596 
1.06429 1.57291 0.0818694 
0.608333 1.56971 0.0783326 
0.894851 1.56251 -0.163976 
0.893468 1.57318 -0.166657 
0.962311 1.5717 0.141881 
0.599575 1.57305 -0.0181569 
1.00308 1.56233 -0.116922 
1.00204 1.57209 -0.118663 
0.850406 1.57276 0.178844 
0.622895 1.57059 -0.106189 
1.09341 1.5656 -0.0536977 
1.09297 1.57471 -0.0545887 
0.740408 1.57379 0.174102 
0.693118 1.56624 -0.155962 
0.691767 1.57935 -0.15993 
1.11456 1.56491 0.0194278 
1.11476 1.57386 0.0187174 
0.651587 1.57255 0.139707 
0.793033 1.5728 -0.178593 
1.054 1.56283 0.0899708 
1.0548 1.57221 0.0886872 
0.606256 1.57536 0.0673739 
0.906051 1.56396 -0.160631 
0.904701 1.57452 -0.163227 
0.950657 1.56832 0.147762 
0.951946 1.57847 0.145512 
0.600719 1.56238 -0.0247187 
0.600437 1.57706 -0.0294194 
1.01341 1.56458 -0.111313 
1.01243 1.57427 -0.11296 
0.838111 1.56819 0.18153 
0.839604 1.57939 0.178441 
0.628401 1.5621 -0.110673 
0.627341 1.57628 -0.115109 
1.09929 1.57049 -0.0470072 
0.728922 1.56403 0.174806 
0.730368 1.57658 0.171055 
0.701768 1.57117 -0.160884 
1.11243 1.56811 0.0267475 
1.1127 1.57708 0.0260205 
0.643718 1.56491 0.136786 
0.644927 1.57878 0.132466 
0.804331 1.57315 -0.179202 
1.04413 1.56268 0.0967112 
1.04499 1.57213 0.0953319 
0.603895 1.56626 0.0608591 
0.917326 1.56451 -0.15672 
0.916006 1.57497 -0.159228 
0.939027 1.56586 0.15327 
0.940332 1.57611 0.150917 
0.601902 1.56684 -0.0360497 
1.0237 1.56619 -0.105402 
1.02278 1.57581 -0.106953 
0.826025 1.56489 0.183349 
0.827504 1.57622 0.180186 
0.633451 1.56799 -0.119144 
1.10461 1.56573 -0.0393163 
1.1043 1.57475 -0.0401076 
0.719197 1.56713 0.171365 
0.712175 1.56261 -0.161436 
0.710764 1.57544 -0.165281 
1.10912 1.56252 0.0347304 
1.10944 1.5715 0.0339661 
0.637557 1.57086 0.129204 
0.815839 1.57255 -0.179138 
1.03403 1.56308 0.103267 
1.03495 1.5726 0.101791 
0.602407 1.57148 0.0495788 
0.928667 1.56419 -0.152317 
0.927373 1.57455 -0.154733 
0.927436 1.56429 0.158378 
0.928759 1.57464 0.155926 
0.603308 1.57175 -0.0474031 
1.03388 1.56727 -0.0992483 
1.03303 1.5768 -0.100703 
0.814165 1.56285 0.184326 
0.815635 1.57432 0.181091 
0.639067 1.57407 -0.127158 
1.10865 1.56956 -0.0322736 
1.10841 1.57856 -0.0330346 
0.709813 1.57079 0.167425 
0.721513 1.56637 -0.165375 
0.72011 1.57907 -0.169159 
1.10514 1.56618 0.0418482 
1.10553 1.57519 0.0410525 
0.630842 1.56252 0.125614 
0.631945 1.57662 0.121198 
0.827561 1.5708 -0.178306 
1.02376 1.564 0.109614 
1.02474 1.5736 0.10804 
0.601154 1.57631 0.0382609 
0.940066 1.56298 -0.147475 
0.938795 1.57324 -0.149794 
0.915893 1.56356 0.163046 
0.917239 1.574 0.160502 
0.605486 1.56245 -0.0540636 
0.604928 1.57705 -0.0587126 
1.04392 1.56783 -0.0928907 
1.04312 1.57729 -0.0942506 
0.804002 1.57356 0.181225 
0.646393 1.56648 -0.130456 
1.11198 1.56411 -0.02436 
1.1118 1.57307 -0.0250854 
0.699384 1.5621 0.166902 
0.700771 1.57508 0.162965 
0.731195 1.56959 -0.168829 
1.10023 1.57029 0.0488064 
1.1007 1.57933 0.0479738 
0.625833 1.56802 0.117189 
0.839492 1.56782 -0.176639 
0.838069 1.57905 -0.179698 
1.01339 1.56548 0.11571 
1.01442 1.57515 0.114039 
0.599852 1.566 0.0316748 
0.950264 1.57099 -0.144442 
0.904406 1.56365 0.16722 
0.905777 1.5742 0.164587 
0.607392 1.56804 -0.0652632 
1.05372 1.56785 -0.0863518 
1.05299 1.57724 -0.0876179 
0.792598 1.57378 0.180683 
0.653021 1.57301 -0.137706 
1.11424 1.56742 -0.0170757 
1.11413 1.57638 -0.017785 
0.69067 1.56691 0.16198 
0.741197 1.57238 -0.171848 
1.09392 1.56592 0.0564659 
1.09444 1.57501 0.0555668 
0.621426 1.57345 0.108267 
0.851612 1.56359 -0.174115 
0.850172 1.57468 -0.177096 
1.00295 1.56761 0.121494 
1.00404 1.57736 0.119727 
0.599183 1.56995 0.0204415 
0.961762 1.56776 -0.138703 
0.96059 1.57785 -0.140838 
0.892984 1.56462 0.170819 
0.894384 1.57527 0.1681 
0.609567 1.57377 -0.0762333 
1.06321 1.56725 -0.0796418 
1.06254 1.57657 -0.0808163 
0.779943 1.56289 0.183006 
0.781414 1.57476 0.179566 
0.661324 1.56596 -0.140394 
1.11572 1.57063 -0.00970974 
0.682284 1.57234 0.15656 
0.752937 1.56259 -0.170891 
0.75148 1.57485 -0.17448 
1.08667 1.56225 0.0640116 
1.08724 1.57139 0.0630373 
0.616668 1.56454 0.103368 
0.617604 1.5789 0.0988325 
0.862431 1.56913 -0.173658 
0.992483 1.57056 0.126896 
0.598816 1.5736 0.00925585 
0.973272 1.56354 -0.132601 
0.972112 1.57354 -0.134626 
0.881644 1.56653 0.173742 
0.883076 1.57729 0.170942 
0.612869 1.56506 -0.0823033 
1.07226 1.56595 -0.0727635 
1.07164 1.57521 -0.0738499 
0.768969 1.56431 0.181472 
0.770446 1.57632 0.177966 
0.66874 1.57253 -0.146942 
1.11647 1.56484 -0.00160756 
1.11649 1.57377 -0.00229765 
0.672889 1.56489 0.154791 
0.674223 1.57828 0.150677 
0.763455 1.56492 -0.17323 
0.762007 1.57704 -0.176753 
1.07924 1.56855 0.0703671 
1.07989 1.57774 0.0693375 
0.613426 1.57004 0.0934652 
0.874818 1.56251 -0.169448 
0.8734 1.57336 -0.172274 
0.980863 1.56453 0.133832 
0.982029 1.57445 0.13185 
0.598792 1.56237 0.00281505 
0.598774 1.5771 -0.00190592 
0.983624 1.56827 -0.128079 
0.982534 1.57819 -0.130016 
0.870406 1.56953 0.175885 
0.615831 1.5708 -0.0925612 
1.08074 1.56388 -0.0657175 
1.08018 1.57308 -0.0667204 
0.758213 1.56615 0.179523 
0.759696 1.5783 0.175951 
0.677813 1.56547 -0.149011 
0.676499 1.57882 -0.153083 
1.11647 1.56796 0.00581792 
1.11656 1.5769 0.00512728 
0.66515 1.57108 0.148545 
0.774191 1.56694 -0.175201 
0.772751 1.57893 -0.178658 
1.07055 1.56651 0.0775432 
1.07127 1.57577 0.0764268 
0.610663 1.57567 0.0831031 
0.885868 1.56567 -0.167296 
0.884489 1.57642 -0.170043 
0.97038 1.56939 0.13838 
0.971615 1.57938 0.136309 
0.599153 1.56591 -0.00836044 
0.995106 1.56211 -0.121247 
0.994025 1.57194 -0.123065 
0.857858 1.56275 0.180113 
0.859298 1.57374 0.177151 
0.620231 1.56213 -0.0978387 
0.619278 1.57645 -0.102344 
1.088 1.57015 -0.0594334 
1.08753 1.57929 -0.060383 
0.74769 1.56831 0.177191 
0.68589 1.5714 -0.154763 
1.11563 1.56214 0.0139294 
1.11577 1.57108 0.013228 
0.6565 1.56378 0.14614 
0.657766 1.57744 0.141913 
0.785132 1.56853 -0.176758 
1.06134 1.56524 0.0845588 
1.06211 1.57456 0.0833515 
0.607578 1.56682 0.0769801 
0.897019 1.56779 -0.1644 
0.895675 1.57843 -0.167067 
0.958716 1.56525 0.144584 
0.959961 1.57534 0.142401 
0.599824 1.56967 -0.0195809 
1.00546 1.56494 -0.115895 
1.00444 1.57469 -0.117619 
0.846874 1.56821 0.180496 
0.84836 1.57932 0.177463 
0.624254 1.5678 -0.107151 
1.09498 1.56646 -0.0520012 
1.09456 1.57555 -0.0528798 
0.737428 1.57078 0.174474 
0.695668 1.56368 -0.156076 
0.694296 1.57675 -0.160028 
1.1141 1.56527 0.0213043 
1.11431 1.57422 0.0205897 
0.649508 1.57005 0.139193 
0.796275 1.56951 -0.177821 
1.05171 1.56465 0.0914088 
1.05254 1.57404 0.0901075 
0.605593 1.57244 0.0659635 
0.908253 1.56895 -0.160866 
0.906942 1.5795 -0.163449 
0.948318 1.57224 0.148143 
0.600773 1.57379 -0.0308622 
1.0158 1.567 -0.110185 
1.01484 1.57668 -0.111814 
0.834635 1.56391 0.182987 
0.836103 1.57515 0.179877 
0.628853 1.57353 -0.115957 
1.10101 1.56213 -0.0444404 
1.10065 1.57118 -0.0452569 
0.727464 1.57362 0.171335 
0.704401 1.56848 -0.160885 
1.11175 1.56852 0.0286024 
1.11204 1.57748 0.0278698 
0.641784 1.5623 0.136205 
0.642967 1.57621 0.131872 
0.807624 1.56968 -0.178291 
1.04179 1.56465 0.0980848 
1.04268 1.57412 0.0966876 
0.603353 1.56327 0.0594203 
0.603882 1.5779 0.0547523 
0.919558 1.56924 -0.156786 
0.936704 1.57005 0.153508 
0.602359 1.5637 -0.0375106 
0.601967 1.57836 -0.0421931 
1.02607 1.56846 -0.104189 
1.02518 1.57805 -0.105722 
0.824063 1.57227 0.181429 
0.635142 1.56534 -0.1199 
0.634036 1.5794 -0.12428 
1.10572 1.5663 -0.0375301 
1.10543 1.57531 -0.0383125 
0.716398 1.56423 0.171558 
0.717829 1.57695 0.167729 
0.713482 1.57262 -0.165168 
1.1082 1.56297 0.0365643 
1.10853 1.57196 0.0357919 
0.63576 1.56818 0.128534 
0.819187 1.56884 -0.178064 
1.03165 1.5652 0.104571 
1.0326 1.57474 0.103077 
0.601941 1.5684 0.0481283 
0.930925 1.56866 -0.152227 
0.929668 1.57901 -0.154628 
0.925133 1.56874 0.158465 
0.926492 1.5791 0.155999 
0.603836 1.56872 -0.0488657 
1.03624 1.56939 -0.0979615 
1.03541 1.57891 -0.0993987 
0.812256 1.57063 0.182155 
0.640898 1.5715 -0.127819 
1.10953 1.57004 -0.0304493 
1.10931 1.57903 -0.0312028 
0.707098 1.568 0.167507 
0.724337 1.56349 -0.165171 
0.722913 1.57614 -0.168939 
1.10398 1.56673 0.0436469 
1.10439 1.57575 0.0428415 
0.630295 1.57386 0.120429 
0.830964 1.56683 -0.17705 
0.829528 1.57815 -0.180162 
1.02137 1.56627 0.11084 
1.02237 1.57588 0.109248 
0.600766 1.57311 0.0368157 
0.942348 1.56718 -0.147235 
0.941112 1.57742 -0.149539 
0.913614 1.56826 0.162974 
0.914997 1.57872 0.160415 
0.605529 1.57411 -0.0601572 
1.04624 1.5698 -0.0915379 
1.04547 1.57925 -0.0928801 
0.800682 1.5701 0.18213 
0.648375 1.56402 -0.131044 
0.647173 1.57785 -0.135324 
1.11263 1.56453 -0.0225105 
1.11247 1.57349 -0.0232309 
0.69814 1.57242 0.162932 
0.7341 1.56663 -0.16853 
0.732683 1.57915 -0.172234 
1.09884 1.57098 0.050561 
0.624371 1.56518 0.116322 
0.625421 1.5794 0.111852 
0.842948 1.56358 -0.17519 
0.8415 1.57476 -0.178228 
1.01098 1.56792 0.116844 
1.01205 1.57761 0.115155 
0.599593 1.56268 0.0302469 
0.599841 1.57738 0.0255362 
0.953816 1.56473 -0.14184 
0.952598 1.57489 -0.144042 
0.902154 1.56861 0.166973 
0.903563 1.57918 0.164325 
0.60811 1.56517 -0.0666726 
1.05599 1.56966 -0.0849367 
1.05527 1.57904 -0.0861855 
0.789333 1.57049 0.181454 
0.655113 1.5706 -0.138214 
1.11468 1.56781 -0.015203 
1.11459 1.57676 -0.0159087 
0.688141 1.56433 0.161853 
0.689516 1.57748 0.157841 
0.744173 1.56937 -0.171467 
1.09229 1.56679 0.0581798 
1.09283 1.57589 0.0572674 
0.620121 1.57058 0.107283 
0.85365 1.57013 -0.175436 
1.00055 1.57026 0.122519 
0.599019 1.56654 0.0190287 
0.964108 1.57137 -0.138161 
0.890765 1.56985 0.170374 
0.610377 1.57093 -0.0775773 
1.06539 1.56889 -0.0781662 
1.06473 1.57819 -0.079324 
0.778203 1.57159 0.180228 
0.663534 1.56362 -0.140839 
0.662259 1.57719 -0.145011 
1.11598 1.571 -0.00782281 
0.679833 1.56986 0.15633 
0.754518 1.57181 -0.174027 
1.08484 1.56331 0.0656778 
1.08543 1.57246 0.0646885 
0.616451 1.57604 0.0977311 
0.86595 1.56434 -0.171821 
0.864531 1.57528 -0.174708 
0.988967 1.56359 0.129703 
0.990096 1.57344 0.127795 
0.598754 1.57013 0.0078527 
0.975623 1.56686 -0.131922 
0.974493 1.57684 -0.13393 
0.879464 1.57208 0.173075 
0.613823 1.56224 -0.0835673 
0.612995 1.57669 -0.0881314 
1.07432 1.56739 -0.0712282 
1.07372 1.57663 -0.0722988 
0.767287 1.57323 0.178538 
0.671035 1.57017 -0.147305 
1.11654 1.5652 0.000285062 
1.11657 1.57414 -0.000404801 
0.670539 1.56244 0.154484 
0.671851 1.57587 0.150355 
0.765098 1.57397 -0.17623 
1.07725 1.56984 0.0719637 
1.07793 1.57905 0.0709186 
0.612446 1.56717 0.0922612 
0.876928 1.56832 -0.170257 
0.875552 1.57916 -0.173069 
0.978468 1.56767 0.13461 
0.979663 1.5776 0.13261 
0.598817 1.57362 -0.00330866 
0.986003 1.5713 -0.127254 
0.866832 1.56451 0.177874 
0.868272 1.57541 0.174971 
0.616911 1.56797 -0.0937205 
1.08264 1.56511 -0.0641242 
1.0821 1.57429 -0.0651123 
0.75513 1.56306 0.180035 
0.756592 1.57525 0.176445 
0.680209 1.56308 -0.149298 
0.678874 1.57639 -0.153354 
1.11636 1.56832 0.00770973 
1.11647 1.57726 0.00701815 
0.662884 1.56866 0.148154 
0.777353 1.56386 -0.174618 
0.775892 1.5758 -0.178057 
1.06844 1.56801 0.079082 
1.06917 1.57729 0.0779492 
0.609803 1.57281 0.0818029 
0.888022 1.57116 -0.167873 
0.966809 1.56279 0.141124 
0.968013 1.57281 0.13901 
0.599343 1.56249 -0.00977421 
0.599205 1.5772 -0.0144896 
0.997478 1.5649 -0.120307 
0.996425 1.57471 -0.122107 
0.855739 1.56899 0.178947 
0.6205 1.57363 -0.103388 
1.08974 1.57115 -0.0577721 
0.744668 1.56525 0.177627 
0.746136 1.57758 0.173973 
0.688364 1.56891 -0.154949 
1.11531 1.5625 0.0158157 
1.11547 1.57144 0.015111 
0.655593 1.575 0.141446 
0.788342 1.56535 -0.176079 
0.786888 1.57716 -0.179451 
1.05912 1.56693 0.0860377 
1.05991 1.57627 0.0848132 
0.606859 1.56394 0.0756109 
0.607543 1.57849 0.0709805 
0.900583 1.56238 -0.162134 
0.899211 1.57299 -0.164771 
0.956354 1.56896 0.145077 
0.95763 1.57906 0.142878 
0.600109 1.56633 -0.0210121 
1.00784 1.5675 -0.114839 
1.00686 1.57723 -0.116545 
0.843365 1.56372 0.182105 
0.844826 1.57487 0.179049 
0.625659 1.56503 -0.108089 
0.624645 1.57926 -0.112546 
1.0965 1.56728 -0.0502924 
1.0961 1.57636 -0.0511588 
0.734476 1.56777 0.174827 
0.69685 1.57413 -0.160105 
1.11358 1.56565 0.023175 
1.11381 1.57461 0.0224559 
0.647466 1.56753 0.138662 
0.799534 1.56619 -0.177024 
0.798085 1.57787 -0.180328 
1.04942 1.56651 0.0928255 
1.05027 1.57592 0.0915067 
0.604963 1.56952 0.0645425 
0.911819 1.56338 -0.158502 
0.910478 1.57389 -0.161054 
0.944708 1.56604 0.150784 
0.945999 1.57624 0.148479 
0.601142 1.57056 -0.0323119 
1.01818 1.56939 -0.109032 
1.01726 1.57904 -0.110643 
0.832626 1.57099 0.181269 
0.630411 1.57081 -0.116784 
1.10229 1.5628 -0.0426899 
1.10194 1.57184 -0.0434964 
0.72459 1.57068 0.171594 
0.707059 1.56578 -0.160863 
0.705676 1.57868 -0.16474 
1.11102 1.56894 0.0304497 
1.11132 1.57791 0.0297111 
