1.18538 0.00216331 -0.163569 
1.26046 0.00486718 0.044185 
1.18806 0.00233442 0.119269 
1.20844 0.00632198 -0.193761 
1.21874 0.0031111 0.188728 
1.19224 0.000554906 -0.0658964 
1.19287 0.00850373 -0.0627744 
1.25498 0.00741514 -0.0810874 
1.18302 0.00760695 0.197935 
1.18676 0.00151702 -0.191907 
1.25076 0.00478797 0.106347 
1.1922 0.00638274 0.0616373 
1.22506 0.00601965 -0.171216 
1.20171 0.00542419 0.208478 
1.18841 0.00337911 -0.121725 
1.26185 0.0062838 -0.0175937 
1.18439 0.00166079 0.163607 
1.19518 0.00319172 -0.201194 
1.23489 0.00562095 0.157002 
1.19424 0.00609867 -0.00370944 
1.24124 0.00027819 -0.13403 
1.24233 0.00796645 -0.131264 
1.18941 0.00512024 0.210796 
1.18599 0.00577724 -0.164747 
1.26015 0.00316916 0.0479978 
1.18774 0.00674135 0.117239 
1.20969 0.00726031 -0.192422 
1.21749 0.00339175 0.190627 
1.1924 0.00524985 -0.0682191 
1.25558 0.00597487 -0.0775434 
1.18397 0.00260515 0.194614 
1.18768 0.00423759 -0.192216 
1.25001 0.00349158 0.109728 
1.19268 0.00320209 0.0560834 
1.22624 0.00605682 -0.169071 
1.20044 0.00660215 0.209563 
1.18877 0.00763837 -0.123565 
1.26199 0.00454335 -0.0137266 
1.18384 0.00549238 0.162174 
1.19634 0.00496942 -0.200619 
1.2338 0.00506815 0.159663 
1.19421 0.00301709 -0.00940296 
1.24329 0.00713132 -0.128319 
1.18829 0.00721691 0.211031 
1.18508 0.00135533 -0.16871 
1.25981 0.00148604 0.0517933 
1.18859 0.00321341 0.112165 
1.20931 0.000291435 -0.193708 
1.21094 0.00813764 -0.191027 
1.21623 0.0037339 0.19247 
1.19187 0.00197278 -0.0736273 
1.25615 0.00450299 -0.073966 
1.18313 0.00565161 0.193951 
1.18862 0.0068922 -0.192462 
1.24923 0.00223541 0.113067 
1.19311 3.81767e-05 0.0505027 
1.19257 0.00798483 0.0536417 
1.22742 0.00603232 -0.166871 
1.19917 0.00784171 0.210592 
1.18795 0.00389008 -0.128347 
1.2621 0.00279582 -0.00985176 
1.18484 0.0013888 0.157824 
1.19751 0.00668367 -0.199985 
1.23269 0.00457353 0.162269 
1.19424 0.00787235 -0.0119181 
1.24422 0.00624367 -0.125324 
1.18906 0.00141999 0.208554 
1.18574 0.00485809 -0.169778 
1.25896 0.00742597 0.0584026 
1.18831 0.0076848 0.110065 
1.21057 0.00111425 -0.192264 
1.21496 0.00413748 0.194258 
1.19204 0.00662419 -0.0758999 
1.25671 0.00300117 -0.0703568 
1.18408 0.000774072 0.190488 
1.18785 0.00151936 -0.195377 
1.24842 0.00102106 0.116364 
1.24742 0.00867886 0.119135 
1.19301 0.0048343 0.0480462 
1.22858 0.00594631 -0.164616 
1.19974 0.00124143 0.208938 
1.18708 9.81943e-05 -0.133066 
1.18834 0.00806962 -0.130103 
1.26218 0.00104276 -0.00597091 
1.2622 0.00863609 -0.00311773 
1.18433 0.00531816 0.156292 
1.19695 0.000423486 -0.201974 
1.19869 0.00833479 -0.199293 
1.23157 0.00413772 0.16482 
1.19415 0.00478148 -0.0175978 
1.24513 0.00530472 -0.12228 
1.18798 0.0036429 0.208671 
1.18483 0.000322182 -0.173608 
1.18642 0.00830205 -0.170786 
1.25854 0.00577938 0.0621572 
1.18913 0.00422132 0.104906 
1.21183 0.00187598 -0.190765 
1.21369 0.00460244 0.195991 
1.19147 0.00329944 -0.0812429 
1.25723 0.00147112 -0.0667174 
1.18329 0.00394358 0.189706 
1.18884 0.00404693 -0.195503 
1.24658 0.00751171 0.122387 
1.19338 0.00169782 0.0424281 
1.22974 0.00579897 -0.162305 
1.19849 0.0025982 0.209859 
1.18749 0.00423715 -0.134779 
1.26224 0.00687884 0.000767149 
1.18532 0.00131211 0.151824 
1.19815 0.00201811 -0.201229 
1.23043 0.00376128 0.167317 
1.194 0.00168363 -0.0232661 
1.24602 0.00431572 -0.119187 
1.18691 0.00593219 0.208726 
1.18553 0.00371017 -0.174562 
1.2581 0.00415281 0.0658892 
1.1899 0.000790127 0.0996979 
1.21309 0.00257655 -0.189211 
1.21242 0.0051287 0.197668 
1.19167 0.00790243 -0.0834604 
1.25823 0.00752714 -0.0602146 
1.1825 0.0071758 0.188864 
1.18984 0.00650835 -0.195566 
1.24571 0.00638955 0.125593 
1.1933 0.00651761 0.0399456 
1.23088 0.00559057 -0.159939 
1.19725 0.00401725 0.210723 
1.1866 0.000358596 -0.13939 
1.18791 0.00833203 -0.136446 
1.26224 0.00511926 0.00465438 
1.18484 0.00533454 0.150197 
1.19936 0.00355022 -0.200428 
1.22928 0.00344471 0.169758 
1.19405 0.00651959 -0.0257566 
1.24689 0.00327799 -0.116047 
1.18772 0.000320934 0.206051 
1.18585 0.00828801 0.208717 
1.18625 0.00703758 -0.175456 
1.25763 0.00254795 0.0695969 
1.18966 0.00534844 0.0975042 
1.21434 0.00321589 -0.187603 
1.21114 0.00571619 0.19929 
1.19106 0.00452503 -0.0887323 
1.25868 0.0059436 -0.056519 
1.1835 0.00247844 0.185205 
1.18911 0.000949449 -0.198282 
1.24482 0.00531386 0.128753 
1.19362 0.00340338 0.0342969 
1.23201 0.00532142 -0.157518 
1.19601 0.00549884 0.211529 
1.18705 0.00441054 -0.141012 
1.26222 0.00335891 0.00854212 
1.18582 0.00142139 0.145615 
1.20057 0.00502008 -0.19957 
1.22812 0.00318841 0.172144 
1.19385 0.00340438 -0.0313995 
1.24774 0.00219292 -0.11286 
1.18669 0.00273779 0.205985 
1.18537 0.00232711 -0.179095 
1.25714 0.00096651 0.0732785 
1.2565 0.00858371 0.0760964 
1.19038 0.00197431 0.0922197 
1.21559 0.0037939 -0.185941 
1.20985 0.00636486 0.200857 
1.19039 0.00111785 -0.0939584 
1.25911 0.00433701 -0.0527981 
1.18276 0.0058297 0.184247 
1.19015 0.00328426 -0.198226 
1.24391 0.00428604 0.131866 
1.19388 0.000298947 0.0286326 
1.19355 0.00824176 0.0317943 
1.23312 0.00499193 -0.155042 
1.19478 0.00704329 0.212277 
1.18615 0.00044054 -0.14551 
1.18751 0.00841589 -0.142587 
1.26217 0.00159933 0.0124285 
1.18538 0.00553208 0.143897 
1.20179 0.00642794 -0.198655 
1.22694 0.00299273 0.174475 
1.19358 0.000277887 -0.0370241 
1.19392 0.00822104 -0.0338663 
1.24857 0.00106192 -0.109627 
1.24946 0.00871599 -0.106831 
1.18567 0.00522136 0.205857 
1.18613 0.00553502 -0.179873 
1.25596 0.00702975 0.079749 
1.19017 0.00658506 0.0899685 
1.21684 0.00431049 -0.184224 
1.20857 0.00707464 0.202369 
1.19063 0.00563973 -0.0960847 
1.2595 0.00270901 -0.0490538 
1.18376 0.00125078 0.180452 
1.1912 0.00555321 -0.198108 
1.24297 0.00330744 0.13493 
1.19382 0.00514453 0.0261223 
1.23423 0.00460255 -0.152511 
1.19542 0.000726048 0.210335 
1.19356 0.00865089 0.212967 
1.18663 0.00440063 -0.147038 
1.26193 0.00743611 0.0191623 
1.18633 0.00170708 0.139206 
1.20301 0.00777402 -0.197684 
1.22575 0.00285797 0.17675 
1.19366 0.00508323 -0.039477 
1.25024 0.00753687 -0.103553 
1.18467 0.00777161 0.205666 
1.18526 0.000703487 -0.183372 
1.18691 0.00868009 -0.18059 
1.25539 0.00550275 0.0833722 
1.19086 0.0032631 0.0846138 
1.21808 0.00476556 -0.182451 
1.20728 0.0078455 0.203826 
1.18993 0.0021724 -0.101231 
1.25987 0.00106127 -0.0452878 
1.26022 0.00866441 -0.0424427 
1.18306 0.0047179 0.179381 
1.19226 0.00775648 -0.197929 
1.24202 0.00237935 0.137946 
1.19402 0.00205435 0.0204388 
1.23531 0.00415381 -0.149926 
1.19422 0.0023907 0.210972 
1.18572 0.00033451 -0.151418 
1.18713 0.00831164 -0.148515 
1.2618 0.0056832 0.0230402 
1.18593 0.00590118 0.137401 
1.20254 0.00117692 -0.199336 
1.22455 0.00278434 0.178969 
1.19334 0.00193141 -0.0450651 
1.25101 0.00631495 -0.100231 
1.18554 0.00240935 0.202733 
1.18607 0.00378942 -0.184032 
1.25479 0.00400444 0.0869642 
1.19067 0.00792144 0.0823101 
1.21931 0.00515901 -0.180625 
1.20774 0.000818072 0.202592 
1.20599 0.00867741 0.205227 
1.1902 0.0066337 -0.10329 
1.26054 0.00699709 -0.0386562 
1.18406 0.000254276 0.175451 
1.18239 0.00824343 0.178252 
1.1916 0.00195376 -0.200392 
1.24105 0.001503 0.140911 
1.19399 0.00691089 0.0179172 
1.23638 0.00364632 -0.147286 
1.19303 0.00411919 0.21155 
1.18624 0.00419801 -0.152847 
1.26165 0.00393584 0.0269112 
1.18687 0.00215953 0.132604 
1.20378 0.00240653 -0.198259 
1.22334 0.00277201 0.181133 
1.19344 0.00670991 -0.0474858 
1.25174 0.0050518 -0.0968684 
1.18459 0.00508749 0.202421 
1.18689 0.00681134 -0.18463 
1.25417 0.00253654 0.0905236 
1.19131 0.00464673 0.0768912 
1.22054 0.00549077 -0.178743 
1.20647 0.0017044 0.203943 
1.18946 0.00310129 -0.10835 
1.26084 0.00531342 -0.0348515 
1.18341 0.00383366 0.17427 
1.1927 0.00403217 -0.200096 
1.24006 0.000679536 0.143826 
1.23883 0.00837699 0.146558 
1.19414 0.00382964 0.0122219 
1.23744 0.00308078 -0.144593 
1.19184 0.00591184 0.212068 
1.18531 3.12534e-05 -0.157106 
1.18678 0.00801002 -0.154224 
1.26146 0.00219559 0.0307736 
1.1865 0.00643214 0.130718 
1.20503 0.00357488 -0.197126 
1.22212 0.00282111 0.183241 
1.19307 0.00352761 -0.0530309 
1.25246 0.00374901 -0.093465 
1.18364 0.00783197 0.202046 
1.18605 0.00179685 -0.187931 
1.25353 0.00110077 0.0940486 
1.1919 0.00139523 0.0714355 
1.22176 0.00576077 -0.176806 
1.2052 0.00265178 0.205238 
1.18976 0.00749711 -0.110338 
1.2611 0.00361502 -0.0310304 
1.18278 0.00746942 0.173033 
1.19381 0.00604565 -0.199739 
1.2378 0.00761232 0.149419 
1.19422 0.000751069 0.00652251 
1.19412 0.00869197 0.00969507 
1.23848 0.00245794 -0.141846 
1.19067 0.007769 0.212527 
1.18588 0.00379359 -0.158433 
1.26125 0.000464045 0.0346254 
1.26093 0.00806215 0.0374694 
1.18741 0.00276899 0.125821 
1.20627 0.00468209 -0.195938 
1.2209 0.00293171 0.185293 
1.19264 0.000327139 -0.0585468 
1.19319 0.00827427 -0.0554139 
1.25315 0.0024082 -0.0900225 
1.18456 0.00265773 0.198912 
1.18692 0.00469392 -0.188409 
1.25203 0.00733583 0.100334 
1.19174 0.00611541 0.0690634 
1.22297 0.00596896 -0.174814 
1.20392 0.0036603 0.206478 
1.18899 0.00389469 -0.115308 
1.26134 0.00190349 -0.0271947 
1.1838 0.00316949 0.168921 
1.19318 6.27978e-05 -0.20201 
1.19493 0.00799448 -0.199322 
1.23676 0.00690273 0.152227 
1.19421 0.00561432 0.00399534 
1.2395 0.00177864 -0.139047 
1.19138 0.00174423 0.210288 
1.18646 0.00750212 -0.159705 
1.26067 0.00634197 0.0413083 
1.18707 0.00711522 0.123856 
1.20752 0.00572823 -0.194695 
1.21966 0.00310385 0.18729 
1.19277 0.0050564 -0.0609093 
1.25382 0.00103103 -0.0865425 
1.25451 0.00866116 -0.0837237 
1.18366 0.00552913 0.198416 
1.18781 0.00752568 -0.188824 
1.25131 0.00597259 0.103784 
1.19228 0.0029036 0.0635536 
