0.673999 1.5708 0.133001 
0.6742 1.57303 0.132314 
0.674404 1.57526 0.131628 
0.67461 1.57749 0.130941 
0.788934 1.57153 -0.162783 
1.04154 1.56531 0.0798055 
1.04227 1.57479 0.078441 
0.623624 1.57626 0.063534 
0.900108 1.56893 -0.14866 
0.93967 1.56611 0.137824 
0.940857 1.57638 0.135522 
0.617626 1.57494 -0.0304623 
1.00681 1.57046 -0.0991016 
0.827282 1.5648 0.168633 
0.828656 1.57615 0.165501 
0.650706 1.56987 -0.110132 
1.08381 1.56773 -0.0327783 
1.08356 1.57691 -0.0337397 
0.722439 1.57128 0.153892 
0.732201 1.56572 -0.151164 
0.73091 1.57829 -0.15488 
1.08059 1.56348 0.0418744 
1.08097 1.57268 0.0408742 
0.644053 1.56654 0.109794 
0.838056 1.56891 -0.162306 
0.998916 1.56497 0.107768 
0.999876 1.57477 0.105999 
0.616359 1.57345 0.0234556 
0.949556 1.56237 -0.127941 
0.948433 1.57258 -0.130135 
0.890933 1.57214 0.155078 
0.626542 1.57355 -0.0702664 
1.04819 1.5688 -0.071083 
1.04759 1.57825 -0.0723747 
0.778479 1.56482 0.167074 
0.77985 1.57674 0.163637 
0.682048 1.57202 -0.133561 
1.09269 1.56776 0.000179801 
1.09273 1.57687 -0.000702155 
0.682733 1.56854 0.13867 
0.777609 1.56594 -0.159937 
0.776275 1.57791 -0.163364 
1.05106 1.5645 0.0725511 
1.05172 1.57391 0.0712752 
0.62603 1.56491 0.0767536 
0.626725 1.57913 0.0722641 
0.888206 1.56468 -0.151519 
0.886935 1.57543 -0.154213 
0.952061 1.56721 0.13204 
0.953218 1.57738 0.129845 
0.616571 1.56494 -0.0166262 
0.616393 1.57935 -0.0212086 
0.995914 1.56657 -0.105024 
0.995003 1.57641 -0.106803 
0.83989 1.56499 0.16757 
0.841258 1.5762 0.16452 
0.644208 1.57276 -0.103938 
1.07901 1.56217 -0.0402008 
1.07866 1.57139 -0.0411981 
0.732486 1.56356 0.15926 
0.733807 1.57609 0.155533 
0.72102 1.57032 -0.149369 
1.0854 1.56739 0.033329 
1.08573 1.57656 0.0323788 
0.650709 1.56967 0.115822 
0.825672 1.56834 -0.162928 
1.01074 1.57116 0.0998997 
0.617304 1.56339 0.0372679 
0.617622 1.57778 0.0326939 
0.937355 1.56283 -0.133322 
0.936196 1.57314 -0.135621 
0.90304 1.56855 0.15185 
0.904337 1.57913 0.14925 
0.624125 1.56209 -0.0569355 
0.623545 1.57637 -0.0614443 
1.03857 1.56759 -0.0780964 
1.0379 1.57711 -0.0794761 
0.791324 1.5715 0.16626 
0.673128 1.57398 -0.129123 
1.09203 1.56308 -0.00776571 
1.09198 1.5722 -0.00865181 
0.692311 1.57098 0.142524 
0.765161 1.57183 -0.160004 
1.05995 1.56472 0.0650057 
1.06054 1.57407 0.063814 
0.629645 1.56794 0.0850269 
0.875096 1.57005 -0.156271 
0.964461 1.5696 0.125721 
0.615729 1.56984 -0.00742491 
0.9839 1.57179 -0.112392 
0.852761 1.56688 0.165366 
0.85413 1.57795 0.162401 
0.638503 1.57586 -0.097198 
1.07273 1.56508 -0.0483534 
1.07232 1.57434 -0.0494117 
0.744215 1.56894 0.160317 
0.71029 1.57433 -0.147014 
1.08873 1.56253 0.0255836 
1.08897 1.57168 0.02466 
0.658113 1.57246 0.121371 
0.813574 1.5661 -0.162466 
0.812234 1.57764 -0.165667 
1.02139 1.56818 0.0934698 
1.02225 1.57781 0.0919196 
0.618928 1.56716 0.0465132 
0.924025 1.57239 -0.140515 
0.915236 1.56608 0.147879 
0.916488 1.57656 0.145374 
0.621517 1.565 -0.0478129 
0.621047 1.57933 -0.0523461 
1.02851 1.56554 -0.0848237 
1.02777 1.57513 -0.0862941 
0.803061 1.56723 0.168151 
0.804455 1.57885 0.164867 
0.665832 1.56244 -0.120112 
0.66472 1.576 -0.124282 
1.09031 1.56749 -0.0165498 
1.0902 1.57663 -0.0174525 
0.702352 1.57386 0.145882 
0.754303 1.56529 -0.156108 
0.752981 1.57756 -0.159683 
1.06803 1.56604 0.0571723 
1.06856 1.57533 0.0560588 
0.633971 1.57113 0.0927728 
0.863416 1.56324 -0.157294 
0.862094 1.57424 -0.160167 
0.975765 1.56323 0.120916 
0.976813 1.57321 0.118929 
0.615448 1.57503 0.00173046 
0.97274 1.56611 -0.117451 
0.971725 1.57614 -0.119443 
0.865844 1.57035 0.162069 
0.634405 1.5649 -0.0854622 
0.633596 1.579 -0.0898766 
1.06535 1.56704 -0.0562452 
1.06488 1.57635 -0.0573743 
0.754963 1.56234 0.164504 
0.756303 1.57457 0.16092 
0.701258 1.56465 -0.140168 
0.700026 1.57767 -0.14409 
1.09117 1.56699 0.0168041 
1.09135 1.57612 0.015907 
0.666179 1.57487 0.126498 
0.801766 1.56239 -0.161032 
0.800402 1.57406 -0.164308 
1.03175 1.56581 0.086753 
1.03254 1.57536 0.0852966 
0.621014 1.57044 0.0557011 
0.911939 1.57041 -0.144783 
0.927512 1.56474 0.143247 
0.928725 1.57512 0.14084 
0.619356 1.56828 -0.0385498 
1.01813 1.5628 -0.0912717 
1.01731 1.57247 -0.0928349 
0.815085 1.56423 0.169168 
0.816459 1.57572 0.165959 
0.657945 1.5646 -0.114813 
0.656892 1.57829 -0.11904 
1.08767 1.56267 -0.0243422 
1.08748 1.57183 -0.0252642 
0.711571 1.56452 0.152555 
0.71286 1.57735 0.148693 
0.742388 1.5707 -0.155316 
1.07513 1.56843 0.0490732 
1.0756 1.57767 0.0480296 
0.639084 1.57443 0.0999397 
0.850566 1.56589 -0.160099 
0.849246 1.57702 -0.16306 
0.988017 1.56796 0.113618 
0.989045 1.57785 0.111751 
0.615613 1.56577 0.0154759 
0.960501 1.56925 -0.123966 
0.95946 1.57938 -0.126072 
0.877763 1.56435 0.160588 
0.879081 1.57518 0.157796 
0.630158 1.56787 -0.0775327 
1.05705 1.5679 -0.0638448 
1.05651 1.57728 -0.0650524 
0.767311 1.56831 0.164622 
0.691411 1.56722 -0.136633 
1.09238 1.56235 0.00887039 
1.09247 1.57147 0.00798376 
0.673657 1.56363 0.135351 
0.674822 1.57703 0.131231 
0.788839 1.5693 -0.16212 
1.04174 1.56416 0.0797615 
1.04246 1.57364 0.0783967 
0.623578 1.57341 0.064718 
0.899946 1.56726 -0.148372 
0.898718 1.57791 -0.150978 
0.93986 1.56461 0.138004 
0.941037 1.57489 0.135702 
0.617638 1.57211 -0.0292559 
1.0066 1.5692 -0.0990812 
1.00576 1.57896 -0.100765 
0.82741 1.56278 0.16917 
0.82877 1.57413 0.166039 
0.650716 1.56712 -0.109082 
1.08371 1.56676 -0.0329122 
1.08346 1.57594 -0.0338735 
0.722495 1.56882 0.154725 
0.732145 1.56329 -0.150357 
0.730838 1.57586 -0.154075 
1.0807 1.5625 0.0417475 
1.08108 1.5717 0.0407471 
0.644042 1.56378 0.110866 
0.645019 1.57768 0.106528 
0.837931 1.56694 -0.161804 
0.836607 1.57821 -0.164849 
0.999127 1.5637 0.107804 
1.00008 1.5735 0.106034 
0.616341 1.57062 0.0246629 
0.948238 1.57111 -0.129978 
0.891091 1.57044 0.155392 
0.62658 1.57071 -0.0690967 
1.04799 1.56767 -0.0711395 
1.04739 1.57711 -0.072431 
0.778575 1.56256 0.167763 
0.779933 1.57448 0.164326 
0.682024 1.56935 -0.132607 
1.09268 1.56681 2.7344e-05 
1.09272 1.57593 -0.000854687 
0.682762 1.56589 0.13962 
0.683976 1.57915 0.135564 
0.777527 1.56366 -0.159243 
0.776179 1.57563 -0.162671 
1.05125 1.56338 0.0724881 
1.0519 1.57279 0.0712118 
0.625994 1.56208 0.0779206 
0.626674 1.5763 0.0734317 
0.888055 1.56296 -0.151194 
0.886772 1.57371 -0.153889 
0.952256 1.56577 0.132188 
0.953403 1.57594 0.129993 
0.616586 1.56212 -0.0154189 
0.616393 1.57653 -0.0200016 
0.995707 1.56528 -0.104981 
0.994787 1.57513 -0.10676 
0.840027 1.56304 0.16806 
0.841382 1.57425 0.16501 
0.644225 1.56999 -0.102863 
1.07853 1.5704 -0.0413209 
0.733865 1.57367 0.156336 
0.720966 1.56784 -0.148532 
1.08549 1.56643 0.0331917 
1.08581 1.5756 0.0322412 
0.650704 1.56693 0.116869 
0.825557 1.56629 -0.16238 
0.824221 1.57769 -0.165505 
1.01095 1.56992 0.099913 
0.617593 1.57495 0.0339 
0.936008 1.57162 -0.135432 
0.903208 1.5669 0.152128 
0.904494 1.57749 0.149528 
0.623577 1.57352 -0.060259 
1.03836 1.56642 -0.0781343 
1.03769 1.57594 -0.0795137 
0.791419 1.56929 0.166917 
0.673108 1.57128 -0.128145 
1.092 1.56213 -0.00791722 
1.09195 1.57125 -0.00880314 
0.692344 1.56836 0.143448 
0.765077 1.56951 -0.159282 
1.06013 1.56364 0.064924 
1.06071 1.57299 0.0637319 
0.629607 1.56512 0.0861733 
0.630387 1.57928 0.0817159 
0.874945 1.56827 -0.155906 
0.873674 1.57916 -0.158698 
0.96466 1.56821 0.125837 
0.965781 1.57828 0.123756 
0.615732 1.56703 -0.00621786 
0.983691 1.57047 -0.112325 
0.852905 1.56501 0.165808 
0.854261 1.57608 0.162843 
0.638526 1.57307 -0.096097 
1.07258 1.56406 -0.0484627 
1.07216 1.57332 -0.0495207 
0.74429 1.56656 0.161089 
0.745645 1.57893 0.157437 
0.710241 1.5718 -0.146147 
1.08903 1.57073 0.0245151 
0.658115 1.56973 0.122394 
0.813471 1.56399 -0.161875 
0.812117 1.57552 -0.165077 
1.0216 1.56696 0.0934628 
1.02245 1.57659 0.0919121 
0.618902 1.56432 0.0477153 
0.619326 1.57868 0.0431573 
0.923845 1.57082 -0.140294 
0.915413 1.56448 0.148123 
0.916655 1.57496 0.145617 
0.621555 1.56216 -0.0466165 
0.62107 1.57648 -0.0511501 
1.0283 1.56434 -0.0848431 
1.02755 1.57393 -0.0863131 
0.803169 1.56507 0.168772 
0.804549 1.5767 0.165488 
0.664705 1.57328 -0.123281 
1.09026 1.56654 -0.016698 
1.09015 1.57568 -0.0176006 
0.70239 1.5713 0.146776 
0.754232 1.56294 -0.155359 
0.752896 1.57521 -0.158935 
1.06819 1.565 0.057073 
1.06872 1.57429 0.0559591 
0.633936 1.56834 0.0938952 
0.861946 1.5724 -0.159759 
0.977013 1.57186 0.119015 
0.615441 1.57223 0.00293728 
0.97254 1.56475 -0.117356 
0.971516 1.57478 -0.119348 
0.865992 1.56855 0.162465 
0.867355 1.57949 0.15959 
0.634447 1.5621 -0.0843353 
0.633624 1.5762 -0.0887505 
1.06518 1.56598 -0.0563383 
1.06471 1.5753 -0.0574672 
0.756378 1.57223 0.161665 
0.701228 1.56208 -0.139269 
0.69998 1.57508 -0.143192 
1.0912 1.56605 0.0166543 
1.09138 1.57517 0.015757 
0.666188 1.57217 0.127497 
0.800297 1.57188 -0.163679 
1.03195 1.56463 0.0867267 
1.03274 1.57418 0.0852699 
0.620979 1.5676 0.0568958 
0.911769 1.56879 -0.144529 
0.910578 1.57933 -0.147044 
0.927698 1.5632 0.143457 
0.928899 1.57357 0.141051 
0.619383 1.56545 -0.0373469 
1.01709 1.57124 -0.092835 
0.815205 1.56214 0.169747 
0.816566 1.57363 0.166539 
0.656883 1.57555 -0.118015 
1.0874 1.57087 -0.0254068 
0.712901 1.57484 0.149556 
0.742317 1.56832 -0.154539 
1.07526 1.56742 0.0489581 
1.07573 1.57666 0.0479142 
0.639054 1.57166 0.101037 
0.850435 1.56399 -0.159645 
0.849103 1.57512 -0.162606 
0.988225 1.56666 0.113676 
0.989244 1.57654 0.11181 
0.615609 1.56296 0.0166826 
0.615728 1.57739 0.012091 
0.960302 1.56784 -0.12384 
0.959252 1.57797 -0.125946 
0.877925 1.56261 0.160939 
0.879231 1.57344 0.158148 
0.630201 1.56505 -0.0763827 
0.629473 1.57922 -0.0808341 
1.05686 1.56681 -0.0639203 
1.05632 1.57619 -0.0651275 
0.767399 1.56601 0.165338 
0.768772 1.57807 0.161831 
0.691385 1.5646 -0.135706 
0.690181 1.57776 -0.139695 
1.09248 1.57052 0.00783122 
0.674835 1.57435 0.132206 
0.788746 1.56707 -0.161456 
0.787415 1.5789 -0.164813 
1.04194 1.563 0.079716 
1.04265 1.57248 0.0783509 
0.623534 1.57058 0.0659009 
0.899785 1.56559 -0.148084 
0.898545 1.57624 -0.150691 
0.940052 1.56312 0.138182 
0.941219 1.57339 0.13588 
0.617653 1.56928 -0.0280502 
1.00639 1.56795 -0.0990613 
1.00554 1.57771 -0.100745 
0.828889 1.57212 0.166574 
0.650728 1.56438 -0.108032 
0.649727 1.57819 -0.112314 
1.08361 1.56579 -0.0330468 
1.08335 1.57498 -0.0340078 
0.722555 1.56635 0.155557 
0.723877 1.57902 0.151765 
0.73077 1.57342 -0.15327 
1.08119 1.57072 0.0406188 
0.644996 1.57493 0.107599 
0.837808 1.56497 -0.161303 
0.836471 1.57623 -0.164348 
0.999339 1.56244 0.107838 
1.00028 1.57224 0.106068 
0.616326 1.56781 0.0258696 
0.948045 1.56965 -0.129821 
0.891252 1.56875 0.155704 
0.892575 1.57945 0.153014 
0.62662 1.56788 -0.067927 
1.04779 1.56653 -0.0711965 
1.04718 1.57598 -0.0724877 
0.780019 1.57223 0.165014 
0.682002 1.56668 -0.131654 
1.09268 1.56587 -0.000125945 
1.0927 1.57498 -0.00100802 
0.682795 1.56324 0.140569 
0.683994 1.5765 0.136513 
0.776084 1.57335 -0.161977 
1.05144 1.56227 0.0724236 
1.05209 1.57168 0.0711471 
0.626625 1.57348 0.074598 
0.88661 1.572 -0.153565 
0.952454 1.56433 0.132333 
0.953591 1.5745 0.130139 
0.616396 1.57372 -0.018795 
0.9955 1.564 -0.104939 
0.994571 1.57385 -0.106718 
0.84151 1.57232 0.165498 
0.644245 1.56723 -0.101787 
1.07841 1.56941 -0.0414443 
1.07808 1.57863 -0.0424571 
0.733928 1.57126 0.157137 
0.720915 1.56536 -0.147695 
0.719641 1.57809 -0.151485 
1.08557 1.56548 0.0330534 
1.08589 1.57464 0.0321025 
0.650704 1.56419 0.117914 
0.651742 1.57798 0.113627 
0.825443 1.56425 -0.161832 
0.824095 1.57565 -0.164957 
1.01116 1.56868 0.0999247 
1.01208 1.57839 0.0982781 
0.617567 1.57212 0.0351054 
0.935821 1.57011 -0.135243 
0.903379 1.56526 0.152404 
0.904654 1.57585 0.149804 
0.623611 1.57068 -0.059074 
1.03816 1.56526 -0.0781727 
1.03747 1.57478 -0.0795518 
0.791518 1.56709 0.167572 
0.792909 1.57885 0.164216 
0.67309 1.56859 -0.127167 
1.09192 1.57031 -0.00895524 
1.09188 1.57943 -0.00984456 
0.692381 1.56576 0.144369 
0.693626 1.57886 0.140378 
0.764994 1.5672 -0.15856 
0.763676 1.57933 -0.162067 
1.06031 1.56257 0.0648408 
1.06089 1.57191 0.0636485 
0.629573 1.56231 0.0873181 
0.630338 1.57647 0.0828615 
0.874796 1.5665 -0.155542 
0.873513 1.57739 -0.158335 
0.964861 1.56683 0.125951 
0.965972 1.57689 0.12387 
0.615738 1.56423 -0.00501143 
0.615663 1.57865 -0.00960228 
0.983481 1.56915 -0.112257 
0.98253 1.57909 -0.114156 
0.853052 1.56314 0.166247 
0.854396 1.57422 0.163283 
0.638552 1.5703 -0.0949958 
1.07243 1.56304 -0.0485725 
1.07201 1.5723 -0.0496302 
0.744368 1.56419 0.16186 
0.745709 1.57656 0.158209 
0.710193 1.56927 -0.145279 
1.08908 1.56978 0.0243692 
1.08934 1.57892 0.0234552 
0.658122 1.56701 0.123414 
0.812002 1.57341 -0.164486 
1.0218 1.56576 0.0934543 
1.02265 1.57539 0.0919032 
0.619289 1.57585 0.044359 
0.923666 1.56925 -0.140073 
0.915593 1.56289 0.148364 
0.916824 1.57337 0.145859 
0.621095 1.57364 -0.0499543 
1.0281 1.56314 -0.0848629 
1.02734 1.57274 -0.0863326 
0.80328 1.56292 0.16939 
0.804647 1.57455 0.166108 
