0.815679 1.5708 0.0173765 
0.815711 1.57274 0.016862 
0.815745 1.57468 0.0163476 
0.815781 1.57662 0.0158333 
0.81582 1.57857 0.015319 
0.833938 1.56423 -0.0153945 
0.833791 1.57569 -0.0183431 
0.853215 1.56371 0.0185724 
0.85336 1.57496 0.0157686 
0.80532 1.56502 -9.31751e-05 
0.805311 1.5768 -0.00325668 
0.861031 1.56399 -0.00504622 
0.860974 1.57516 -0.00778821 
0.822315 1.56697 0.0209478 
0.822506 1.57855 0.01791 
0.826107 1.56774 -0.0156168 
0.825987 1.57929 -0.0186245 
0.858794 1.56514 0.0144514 
0.858916 1.57633 0.0116909 
0.804799 1.57242 0.00308592 
0.856293 1.56624 -0.00971678 
0.856213 1.57745 -0.0124952 
0.829887 1.56934 0.0216235 
0.818925 1.56881 -0.0139031 
0.862651 1.56822 0.00919837 
0.862753 1.57937 0.00646821 
0.806297 1.56821 0.00928373 
0.850043 1.56649 -0.0130153 
0.849936 1.57778 -0.0158416 
0.83769 1.56285 0.0232357 
0.837866 1.57426 0.0203131 
0.812863 1.56776 -0.0104482 
0.812787 1.57945 -0.0135551 
0.864454 1.57229 0.00328798 
0.809715 1.56478 0.0147864 
0.809833 1.57651 0.0116548 
0.842775 1.56429 -0.0145732 
0.842636 1.57566 -0.0174548 
0.845506 1.57048 0.0199017 
0.808311 1.56504 -0.00557405 
0.808254 1.57679 -0.00871507 
0.864043 1.56546 -5.85828e-05 
0.864041 1.5766 -0.00277755 
0.814843 1.56273 0.0191055 
0.814981 1.5744 0.0160117 
0.834852 1.57081 -0.0170753 
0.852469 1.56934 0.0175808 
0.805515 1.57298 -0.00287548 
0.861468 1.56921 -0.00575167 
0.821355 1.56255 0.021851 
0.821516 1.57414 0.0188057 
0.827142 1.56317 -0.0145888 
0.826992 1.5747 -0.0175885 
0.858225 1.57048 0.0136579 
0.804742 1.56862 0.00344709 
0.856942 1.57168 -0.0105837 
0.828829 1.56464 0.022753 
0.829016 1.57615 0.0197638 
0.819842 1.5645 -0.0130931 
0.819715 1.57611 -0.0161478 
0.862242 1.56221 0.0112734 
0.862312 1.57337 0.00853967 
0.80598 1.56436 0.00969143 
0.80605 1.57613 0.00653232 
0.850845 1.57225 -0.0141026 
0.836774 1.56926 0.0216749 
0.813606 1.56367 -0.00982719 
0.8135 1.57536 -0.0129285 
0.864328 1.56621 0.00541082 
0.864381 1.57734 0.00269378 
0.809244 1.57255 0.0121669 
0.843661 1.57043 -0.0159264 
0.844478 1.56517 0.0214931 
0.84466 1.57651 0.0186224 
0.808749 1.57286 -0.0082356 
0.864209 1.57052 -0.000663013 
0.814182 1.57025 0.0166835 
0.835927 1.56589 -0.0157811 
0.835791 1.57733 -0.0187147 
0.851572 1.56375 0.0193737 
0.851724 1.57501 0.0165572 
0.805764 1.56915 -0.00248767 
0.861945 1.56324 -0.00370486 
0.861893 1.5744 -0.00643983 
0.820554 1.56977 0.0196767 
0.828019 1.57008 -0.0165264 
0.857522 1.56465 0.0156108 
0.857649 1.57586 0.0128404 
0.804729 1.56482 0.0038071 
0.804751 1.57661 0.000639015 
0.857659 1.56589 -0.00865629 
0.857586 1.5771 -0.0114242 
0.827948 1.5715 0.0208586 
0.820631 1.57177 -0.0153069 
0.861854 1.56737 0.0106028 
0.861961 1.57853 0.00786632 
0.805746 1.57229 0.00692913 
0.85175 1.5667 -0.0123429 
0.851652 1.57797 -0.0151561 
0.835694 1.5643 0.0230105 
0.835881 1.57573 0.020073 
0.814249 1.57124 -0.0122819 
0.864202 1.57126 0.00481287 
0.808695 1.5686 0.0126639 
0.844691 1.56517 -0.0143736 
0.844561 1.57651 -0.0172406 
0.843605 1.57124 0.0201816 
0.809285 1.56891 -0.00774176 
0.864355 1.56444 0.00145516 
0.864358 1.57558 -0.00126147 
0.813419 1.56613 0.0173347 
0.813571 1.57782 0.0142306 
0.836848 1.57237 -0.0173858 
0.850791 1.56946 0.0183227 
0.806056 1.56531 -0.00209246 
0.806031 1.57708 -0.0052504 
0.86232 1.56841 -0.00437977 
0.819621 1.56541 0.0205233 
0.819795 1.57703 0.0174653 
0.829067 1.56544 -0.015438 
0.828929 1.57695 -0.0184233 
0.856902 1.57006 0.0147725 
0.804753 1.57281 0.000998953 
0.85826 1.57127 -0.00947604 
0.826901 1.56687 0.0219272 
0.8271 1.5784 0.0189237 
0.821576 1.56739 -0.0144417 
0.821463 1.57899 -0.0174834 
0.861453 1.57256 0.00991622 
0.805486 1.56846 0.00731831 
0.852521 1.57238 -0.0133691 
0.834784 1.57081 0.0213738 
0.815033 1.5671 -0.0116149 
0.814941 1.57877 -0.0147056 
0.864003 1.56519 0.00692884 
0.86406 1.57632 0.00420914 
0.808187 1.56467 0.0131462 
0.808289 1.57641 0.0100034 
0.845564 1.5712 -0.0156557 
0.842554 1.56601 0.0217165 
0.842745 1.57737 0.0188312 
0.809862 1.56495 -0.0072329 
0.809789 1.57668 -0.0103623 
0.864451 1.5695 0.000860512 
0.812814 1.57372 0.0148559 
0.837917 1.56738 -0.0160306 
0.837791 1.57879 -0.0189492 
0.849855 1.56393 0.0200677 
0.850014 1.57521 0.017238 
0.806337 1.57324 -0.00484446 
0.862729 1.5624 -0.0023109 
0.862683 1.57355 -0.00503986 
0.818862 1.57271 0.0182808 
0.829966 1.57225 -0.0173004 
0.856144 1.56429 0.0166891 
0.856278 1.5755 0.013908 
0.804799 1.56901 0.00135984 
0.858921 1.56543 -0.0075134 
0.858853 1.57662 -0.0102716 
0.825877 1.56228 0.0229695 
0.826046 1.57383 0.019958 
0.822547 1.56299 -0.0135519 
0.822405 1.57458 -0.0165862 
0.860927 1.5666 0.0119563 
0.86104 1.57777 0.00921252 
0.805269 1.56464 0.0077007 
0.805324 1.57642 0.00453643 
0.853383 1.56676 -0.0115625 
0.853292 1.57801 -0.0143633 
0.8337 1.56593 0.0226482 
0.833897 1.57738 0.0196958 
0.815851 1.56293 -0.0109268 
0.815729 1.57459 -0.0140113 
0.863808 1.57026 0.00631925 
0.807793 1.5725 0.0104682 
0.846568 1.56586 -0.0140471 
0.846447 1.57718 -0.0168999 
0.841669 1.57218 0.0203331 
0.810376 1.5727 -0.00983308 
0.864523 1.56341 0.00298461 
0.864531 1.57454 0.000269186 
0.812094 1.56965 0.0154619 
0.838996 1.56235 -0.0146494 
0.838839 1.57375 -0.0175596 
0.849044 1.56973 0.0189543 
0.806686 1.56938 -0.00442914 
0.863041 1.56753 -0.00295977 
0.863031 1.57868 -0.00568637 
0.817959 1.56843 0.0190727 
0.831023 1.56753 -0.0161509 
0.830896 1.57902 -0.0191216 
0.855478 1.56976 0.015802 
0.80489 1.56521 0.00172253 
0.804898 1.57699 -0.00144426 
0.859469 1.57075 -0.00829003 
0.825014 1.56928 0.0209664 
0.823373 1.57013 -0.015664 
0.860466 1.57184 0.0112374 
0.805122 1.5726 0.0049115 
0.854116 1.57236 -0.0125309 
0.832799 1.57255 0.0209352 
0.816551 1.5704 -0.0132954 
0.863535 1.5642 0.0084247 
0.863597 1.57534 0.00570124 
0.807338 1.5686 0.0109203 
0.847421 1.5718 -0.0152602 
0.840599 1.56703 0.02181 
0.840799 1.57841 0.0189099 
0.811001 1.56869 -0.00928721 
0.86455 1.56845 0.00239497 
0.811411 1.5656 0.0160491 
0.811547 1.57731 0.0129301 
0.839898 1.56867 -0.0161442 
0.848072 1.56428 0.020649 
0.848239 1.57558 0.0178056 
0.807077 1.56551 -0.00400367 
0.807038 1.57727 -0.00715394 
0.863338 1.57265 -0.00359636 
0.817088 1.56417 0.0198415 
0.817245 1.57581 0.0167645 
0.832097 1.56277 -0.014975 
0.83194 1.57424 -0.0179373 
0.854668 1.56405 0.0176792 
0.854808 1.57528 0.0148866 
0.805003 1.57319 -0.00107793 
0.860069 1.56485 -0.00629538 
0.860008 1.57603 -0.00904477 
0.824007 1.56476 0.0219489 
0.824188 1.57633 0.0189236 
0.824367 1.56566 -0.0147165 
0.824237 1.57722 -0.0177372 
0.859877 1.56592 0.0132509 
0.859995 1.5771 0.0104989 
0.804964 1.56879 0.00528182 
0.854933 1.56668 -0.0106802 
0.854849 1.57791 -0.013469 
0.831716 1.56774 0.0221481 
0.831924 1.57922 0.0191809 
0.817406 1.56617 -0.0125573 
0.817298 1.57781 -0.0156302 
0.863272 1.5693 0.00779873 
0.806925 1.56471 0.0113603 
0.807012 1.57647 0.00820818 
0.848395 1.56639 -0.0135978 
0.848283 1.57769 -0.0164367 
0.839707 1.5733 0.020353 
0.811664 1.56467 -0.00872408 
0.811577 1.57638 -0.01184 
0.864546 1.56236 0.00452135 
0.864559 1.57349 0.00180599 
0.810872 1.57329 0.013494 
0.840964 1.56356 -0.0147031 
0.840817 1.57495 -0.0175985 
0.847236 1.57017 0.0194702 
0.807442 1.57338 -0.0067143 
0.863625 1.5666 -0.00149979 
0.86362 1.57774 -0.00422192 
0.816377 1.57159 0.0175039 
0.833001 1.56944 -0.0167264 
0.853959 1.5696 0.0167395 
0.805153 1.56938 -0.000707721 
0.860562 1.57011 -0.00703307 
0.823176 1.57185 0.0198728 
0.825227 1.57271 -0.0167565 
0.859359 1.57121 0.0124953 
0.804851 1.56499 0.00564821 
0.804891 1.57677 0.00248094 
0.855625 1.57219 -0.0115942 
0.83065 1.56297 0.0233344 
0.830829 1.57446 0.0203588 
0.818155 1.57356 -0.0148629 
0.862928 1.56326 0.00989005 
0.862995 1.57441 0.00716175 
0.806612 1.5726 0.008634 
0.849225 1.57224 -0.0147444 
0.838623 1.56823 0.0217705 
0.812248 1.57233 -0.0112537 
0.864502 1.5674 0.00393193 
0.864552 1.57854 0.00121635 
0.810236 1.56929 0.0140407 
0.84186 1.56979 -0.0161237 
0.846232 1.56478 0.0211122 
0.846408 1.57611 0.0182548 
0.807887 1.56948 -0.00626264 
0.863855 1.57169 -0.00211751 
0.815541 1.56739 0.0182212 
0.815712 1.57905 0.0151329 
0.834077 1.5646 -0.015489 
0.833932 1.57605 -0.0184366 
0.853102 1.56395 0.0185742 
0.853249 1.5752 0.0157695 
0.805347 1.56557 -0.000332793 
0.80534 1.57735 -0.00349609 
0.861099 1.56418 -0.00500974 
0.861043 1.57535 -0.00775122 
0.82219 1.56741 0.0207967 
0.822383 1.57899 0.017758 
0.826239 1.56816 -0.0157499 
0.858709 1.56533 0.0144788 
0.858832 1.57653 0.0117177 
0.804793 1.57297 0.0028437 
0.856392 1.56645 -0.00970219 
0.856314 1.57767 -0.0124799 
0.829751 1.56973 0.0215102 
0.819043 1.56927 -0.0140724 
0.8626 1.56839 0.00924303 
0.806255 1.56875 0.00904962 
0.850165 1.56675 -0.0130303 
0.85006 1.57803 -0.0158557 
0.83755 1.56319 0.0231623 
0.837729 1.5746 0.0202387 
0.812957 1.56826 -0.0106486 
0.864442 1.57245 0.00334051 
0.80964 1.5653 0.0145706 
0.809761 1.57703 0.0114385 
0.84291 1.5646 -0.014624 
0.842773 1.57596 -0.0175046 
0.845375 1.57077 0.0198656 
0.808375 1.56557 -0.00579823 
0.80832 1.57732 -0.00893877 
0.864069 1.56562 -8.04825e-06 
0.864069 1.57676 -0.00272681 
0.81474 1.56322 0.0189166 
0.814881 1.57489 0.0158221 
0.834993 1.57117 -0.0171642 
0.852354 1.56958 0.0175782 
0.805548 1.57352 -0.00311384 
0.861532 1.56939 -0.0057128 
0.821231 1.563 0.0216956 
0.821395 1.57459 0.0186494 
0.827275 1.56358 -0.0147175 
0.827127 1.57511 -0.0177163 
0.858137 1.57068 0.0136822 
0.804738 1.56917 0.00320461 
0.857038 1.5719 -0.0105655 
0.828693 1.56504 0.0226352 
0.828882 1.57655 0.019645 
0.81996 1.56496 -0.0132584 
0.819837 1.57657 -0.0163122 
0.862185 1.56239 0.0113166 
0.862257 1.57354 0.00858242 
0.805941 1.5649 0.0094558 
0.806013 1.57667 0.00629643 
0.850966 1.57251 -0.0141131 
0.836635 1.56961 0.021596 
0.813702 1.56417 -0.0100243 
0.813599 1.57585 -0.013125 
0.86431 1.56637 0.00546295 
0.864364 1.5775 0.00274576 
0.809174 1.57307 0.011948 
0.843796 1.57073 -0.0159719 
0.844345 1.56546 0.0214528 
0.844528 1.57681 0.0185811 
0.808819 1.57338 -0.00845693 
0.864231 1.57069 -0.000611598 
0.814084 1.57075 0.0164904 
0.836067 1.56625 -0.0158655 
0.835932 1.57768 -0.018798 
0.851454 1.56399 0.0193676 
0.851608 1.57526 0.0165502 
0.8058 1.56969 -0.00272484 
0.862004 1.56342 -0.00366421 
0.861954 1.57458 -0.00639873 
0.820434 1.57022 0.0195162 
0.828155 1.57049 -0.0166496 
0.857428 1.56486 0.0156325 
0.857558 1.57606 0.0128613 
0.804729 1.56537 0.00356454 
0.804754 1.57716 0.000396472 
0.857751 1.5661 -0.00863534 
0.85768 1.5773 -0.0114026 
0.827815 1.5719 0.0207352 
0.820754 1.57222 -0.0154672 
0.861793 1.56755 0.0106439 
0.861902 1.57871 0.00790699 
0.805713 1.57283 0.00669187 
0.851867 1.56695 -0.0123497 
0.851771 1.57822 -0.0151621 
0.835554 1.56465 0.0229271 
0.835743 1.57609 0.0199885 
0.81435 1.57173 -0.0124749 
0.86418 1.57142 0.0048643 
0.808628 1.56912 0.0124424 
0.844824 1.56546 -0.0144148 
0.844696 1.5768 -0.0172809 
0.843471 1.57155 0.020136 
0.809358 1.56944 -0.00796059 
0.864371 1.56461 0.00150714 
0.864376 1.57574 -0.00120936 
0.813323 1.56663 0.0171381 
0.813477 1.57831 0.0140333 
0.836988 1.57272 -0.0174645 
0.850672 1.56971 0.0183121 
0.806096 1.56585 -0.00232828 
0.806074 1.57763 -0.00548592 
0.862375 1.56858 -0.00433704 
0.819502 1.56587 0.0203587 
0.819679 1.57749 0.0172998 
0.829202 1.56583 -0.0155567 
0.829067 1.57734 -0.018541 
0.856806 1.57027 0.0147907 
0.80476 1.57336 0.000756498 
0.858349 1.57147 -0.00945177 
0.826768 1.56728 0.0217993 
0.826969 1.57882 0.0187949 
0.821699 1.56784 -0.0145978 
0.821589 1.57944 -0.0176386 
0.861388 1.57274 0.00995511 
0.805456 1.569 0.00707986 
0.852636 1.57262 -0.0133716 
0.834645 1.57117 0.0212847 
0.815136 1.56759 -0.0118043 
0.815047 1.57925 -0.0148942 
0.863974 1.56535 0.00697959 
0.864033 1.57649 0.00425967 
0.808123 1.56519 0.0129224 
0.808228 1.57694 0.00977905 
0.845696 1.57149 -0.0156918 
0.842418 1.56632 0.0216667 
0.842611 1.57768 0.0187804 
0.809937 1.56547 -0.00744909 
0.809868 1.5772 -0.0105779 
0.864463 1.56966 0.000913023 
0.812598 1.56253 0.0177657 
0.812723 1.57422 0.0146553 
0.838056 1.56772 -0.0161048 
0.837932 1.57913 -0.0190224 
0.849732 1.56419 0.0200535 
0.849893 1.57547 0.0172229 
0.806383 1.57378 -0.00507846 
0.862778 1.56258 -0.00226666 
0.862734 1.57373 -0.00499524 
0.818747 1.57318 0.0181112 
0.830104 1.57265 -0.0174135 
0.856043 1.5645 0.0167045 
0.856179 1.57572 0.0139225 
0.804809 1.56956 0.00111763 
0.859005 1.56563 -0.00748661 
0.858939 1.57682 -0.0102442 
0.825744 1.5627 0.0228371 
0.825915 1.57424 0.0198246 
0.822672 1.56343 -0.0137038 
0.822532 1.57502 -0.0167371 
0.860858 1.56679 0.0119933 
0.860972 1.57796 0.009249 
0.805243 1.56518 0.0074612 
0.805301 1.57696 0.00429676 
0.853495 1.567 -0.0115616 
0.853405 1.57825 -0.0143615 
0.833561 1.56629 0.0225546 
0.83376 1.57775 0.0196012 
