0.811951 1.5708 0.0204193 
0.811987 1.57275 0.0199 
0.812026 1.5747 0.0193809 
0.812066 1.57665 0.0188618 
0.812109 1.57859 0.0183428 
0.833697 1.56672 -0.0198703 
0.833531 1.57818 -0.0228213 
0.857056 1.56477 0.0211167 
0.857233 1.57598 0.0183415 
0.799599 1.56233 4.72811e-05 
0.799566 1.57417 -0.00315922 
0.866141 1.56541 -0.00735767 
0.866076 1.57652 -0.0100608 
0.820387 1.56938 0.0239975 
0.823799 1.57337 -0.0206975 
0.864131 1.57195 0.0145415 
0.799069 1.57114 0.00423088 
0.860022 1.56223 -0.0117217 
0.859892 1.57341 -0.0144718 
0.829854 1.56338 0.0270497 
0.830067 1.57488 0.0240671 
0.814983 1.56517 -0.0158908 
0.814838 1.57684 -0.0189823 
0.868743 1.57019 0.00922763 
0.801241 1.56839 0.0113624 
0.851817 1.56748 -0.0169575 
0.851685 1.57875 -0.0197709 
0.839991 1.57236 0.0244236 
0.807561 1.56588 -0.0118566 
0.807456 1.57763 -0.0150035 
0.870588 1.56967 0.00310091 
0.805945 1.56677 0.0174709 
0.806103 1.57854 0.0143106 
0.842372 1.56942 -0.0198647 
0.84945 1.56223 0.024906 
0.849637 1.57351 0.0220719 
0.802242 1.56455 -0.00603456 
0.802176 1.57637 -0.0092212 
0.869462 1.56927 -0.00310199 
0.812867 1.56704 0.0218992 
0.813067 1.57873 0.0187902 
0.83245 1.56771 -0.0201103 
0.832291 1.57918 -0.0230708 
0.858052 1.56688 0.0200664 
0.858237 1.57807 0.0172992 
0.79936 1.5738 -0.00225744 
0.865487 1.56787 -0.00864257 
0.865431 1.57899 -0.0113508 
0.821528 1.56987 0.0241484 
0.822813 1.56237 -0.017583 
0.82263 1.57395 -0.0206157 
0.86475 1.56323 0.016005 
0.86487 1.57436 0.0132896 
0.799194 1.57075 0.0051439 
0.859084 1.5644 -0.0128129 
0.858962 1.57559 -0.0155703 
0.83109 1.56428 0.0268725 
0.83131 1.57577 0.0238993 
0.813971 1.56538 -0.0155035 
0.813831 1.57706 -0.0186026 
0.869148 1.5728 0.00784484 
0.801688 1.5681 0.0121892 
0.850685 1.56928 -0.0177939 
0.841035 1.56232 0.0268216 
0.841239 1.57369 0.0239233 
0.806783 1.56579 -0.0112204 
0.806683 1.57756 -0.0143731 
0.870617 1.57235 0.00167157 
0.806686 1.56667 0.0181232 
0.806849 1.57843 0.0149684 
0.841139 1.57079 -0.020396 
0.850601 1.564 0.0240875 
0.850796 1.57527 0.0212624 
0.801752 1.56427 -0.00521833 
0.801691 1.57609 -0.00840863 
0.869113 1.5719 -0.00449203 
0.813852 1.56722 0.0223064 
0.814056 1.5789 0.0192047 
0.831209 1.56864 -0.0203102 
0.859021 1.56903 0.0189884 
0.799195 1.57342 -0.00134895 
0.864796 1.5703 -0.00990911 
0.822686 1.5704 0.0242611 
0.821655 1.56288 -0.0174539 
0.821478 1.57447 -0.0204953 
0.865445 1.56568 0.0147282 
0.865574 1.5768 0.0120184 
0.799359 1.57037 0.00605145 
0.858118 1.56653 -0.0138769 
0.858004 1.57773 -0.0166419 
0.832332 1.56524 0.0266551 
0.832559 1.57671 0.0236914 
0.812985 1.56554 -0.0150825 
0.81285 1.57723 -0.0181889 
0.86944 1.56434 0.00913083 
0.86951 1.57542 0.00645243 
0.802174 1.56782 0.0129988 
0.849537 1.57103 -0.0185961 
0.842271 1.56372 0.026273 
0.842482 1.57508 0.0233843 
0.806038 1.56568 -0.0105579 
0.805943 1.57745 -0.0137162 
0.870589 1.56396 0.00291142 
0.870602 1.57503 0.000242422 
0.80746 1.5666 0.0187487 
0.807628 1.57835 0.0155996 
0.8399 1.57212 -0.0208884 
0.851736 1.56582 0.0232349 
0.851939 1.57708 0.0204188 
0.8013 1.56397 -0.0043856 
0.801243 1.57579 -0.00757929 
0.868767 1.56341 -0.00318929 
0.868721 1.5745 -0.0058721 
0.814862 1.56744 0.0226795 
0.815071 1.57911 0.0195853 
0.829974 1.56953 -0.02047 
0.859963 1.57121 0.0178837 
0.79907 1.57303 -0.00043524 
0.86407 1.5727 -0.0111562 
0.823859 1.57099 0.0243353 
0.820514 1.56335 -0.0172868 
0.820342 1.57495 -0.0203368 
0.866103 1.56815 0.0134337 
0.866241 1.57926 0.0107293 
0.799564 1.57 0.00695206 
0.857125 1.56862 -0.0149129 
0.83358 1.56625 0.0263976 
0.833813 1.57771 0.0234433 
0.812025 1.56567 -0.0146286 
0.811895 1.57737 -0.0177422 
0.86975 1.56698 0.0077273 
0.86983 1.57805 0.00505153 
0.802697 1.56757 0.0137902 
0.80283 1.57937 0.0106061 
0.848373 1.57274 -0.0193634 
0.8435 1.56517 0.025686 
0.843718 1.57652 0.0228068 
0.805327 1.56554 -0.00987023 
0.805237 1.57732 -0.0130338 
0.870519 1.56664 0.00148404 
0.870541 1.57771 -0.0011854 
0.808267 1.56656 0.0193463 
0.808439 1.5783 0.0162032 
0.838657 1.57339 -0.0213417 
0.852852 1.56769 0.0223492 
0.853063 1.57894 0.0195419 
0.800887 1.56365 -0.00353772 
0.800835 1.57548 -0.00673451 
0.868324 1.56599 -0.00455481 
0.868288 1.57709 -0.00724106 
0.815896 1.56771 0.0230178 
0.816111 1.57936 0.0199313 
0.828746 1.57036 -0.0205898 
0.860734 1.56227 0.0195002 
0.860876 1.57344 0.0167533 
0.798986 1.57263 0.000482207 
0.863406 1.56393 -0.00965872 
0.863308 1.57507 -0.0123828 
0.825048 1.57162 0.0243704 
0.819391 1.56377 -0.0170823 
0.819224 1.57539 -0.0201408 
0.866723 1.57064 0.0121224 
0.79981 1.56963 0.00784425 
0.856108 1.57067 -0.0159199 
0.834831 1.56731 0.0260999 
0.83507 1.57875 0.0231552 
0.811092 1.56575 -0.0141425 
0.810967 1.57747 -0.0172631 
0.870017 1.56963 0.00631673 
0.803257 1.56734 0.0145619 
0.803395 1.57914 0.0113819 
0.847367 1.56308 -0.017248 
0.847195 1.57439 -0.0200951 
0.844721 1.56667 0.0250612 
0.844947 1.57801 0.0221915 
0.80465 1.56537 -0.00915842 
0.804565 1.57716 -0.0123271 
0.870404 1.56931 5.94612e-05 
0.809105 1.56656 0.0199151 
0.809282 1.57829 0.0167782 
0.837598 1.56319 -0.0188341 
0.837412 1.57461 -0.0217555 
0.85395 1.5696 0.021431 
0.800512 1.56332 -0.00267606 
0.800465 1.57515 -0.00587566 
0.86784 1.56856 -0.00590781 
0.816953 1.56802 0.0233206 
0.827527 1.57114 -0.0206697 
0.861609 1.56454 0.0183381 
0.86176 1.5757 0.0155982 
0.798942 1.57224 0.00140188 
0.862602 1.56626 -0.0108575 
0.862513 1.57741 -0.0135879 
0.826249 1.5723 0.0243664 
0.818287 1.56415 -0.0168408 
0.818125 1.57578 -0.0199075 
0.867304 1.57316 0.0107956 
0.800096 1.56928 0.00872656 
0.855067 1.57267 -0.016897 
0.836084 1.56843 0.0257622 
0.810188 1.56581 -0.0136252 
0.810067 1.57753 -0.0167525 
0.870239 1.57229 0.00490025 
0.803854 1.56713 0.0153127 
0.803997 1.57892 0.012137 
0.84617 1.56467 -0.0179343 
0.846005 1.576 -0.0207906 
0.845933 1.56822 0.0243991 
0.804009 1.56518 -0.00842367 
0.803928 1.57697 -0.0115971 
0.870245 1.57198 -0.0013612 
0.809973 1.56659 0.0204541 
0.810156 1.57831 0.0173236 
0.836346 1.56434 -0.0191987 
0.836166 1.57577 -0.0221296 
0.855026 1.57156 0.0204813 
0.800177 1.56297 -0.00180202 
0.800134 1.57481 -0.00500415 
0.867316 1.5711 -0.0072472 
0.818033 1.56836 0.0235874 
0.826318 1.57187 -0.0207098 
0.862452 1.56684 0.0171524 
0.862612 1.57799 0.0144194 
0.79894 1.57184 0.00232229 
0.861765 1.56855 -0.0120335 
0.827463 1.57304 0.0243228 
0.817204 1.56448 -0.0165629 
0.817047 1.57613 -0.0196377 
0.867748 1.56461 0.012146 
0.867846 1.57571 0.00945423 
0.800421 1.56894 0.00959755 
0.854153 1.56339 -0.0150481 
0.854003 1.57463 -0.0178433 
0.837339 1.56959 0.0253846 
0.809313 1.56582 -0.0130775 
0.809197 1.57756 -0.0162114 
0.870378 1.56388 0.00614986 
0.870418 1.57496 0.00347898 
0.804488 1.56694 0.0160413 
0.804635 1.57873 0.0128704 
0.844961 1.56621 -0.0185836 
0.844804 1.57755 -0.0214493 
0.847135 1.56983 0.0237001 
0.803403 1.56496 -0.00766716 
0.803327 1.57676 -0.0108451 
0.870058 1.56357 -0.000103864 
0.870041 1.57464 -0.0027768 
0.810872 1.56665 0.0209624 
0.811059 1.57836 0.0178386 
0.835094 1.56544 -0.0195234 
0.834921 1.57688 -0.0224638 
0.855915 1.56235 0.0222851 
0.856081 1.57357 0.0195008 
0.799882 1.56261 -0.000917037 
0.799844 1.57445 -0.00412139 
0.866828 1.56251 -0.0058742 
0.866752 1.57362 -0.00857188 
0.819133 1.56876 0.0238175 
0.825121 1.57255 -0.0207105 
0.863264 1.56918 0.0159444 
0.798978 1.57145 0.0032419 
0.860897 1.57081 -0.0131856 
0.828481 1.56231 0.0272324 
0.828687 1.57382 0.0242394 
0.816142 1.56477 -0.0162492 
0.815991 1.57643 -0.019332 
0.868241 1.56718 0.0107872 
0.868348 1.57827 0.0080995 
0.800786 1.56861 0.0104558 
0.853061 1.56529 -0.0159543 
0.852919 1.57654 -0.018758 
0.838592 1.57081 0.0249673 
0.808468 1.56581 -0.0125004 
0.808357 1.57755 -0.0156405 
0.870502 1.56656 0.0047238 
0.870551 1.57763 0.00205405 
0.805156 1.56678 0.0167467 
0.805308 1.57856 0.0135806 
0.843743 1.5677 -0.0191955 
0.843593 1.57905 -0.0220705 
0.848324 1.57148 0.0229649 
0.802834 1.56472 -0.00689013 
0.802763 1.57653 -0.0100723 
0.869801 1.56621 -0.00151134 
0.869793 1.57729 -0.00418623 
0.811799 1.56675 0.0214391 
0.811991 1.57846 0.0183221 
0.833844 1.56648 -0.019808 
0.833677 1.57794 -0.022758 
0.856938 1.56441 0.0212667 
0.857112 1.57562 0.0184906 
0.799626 1.56224 -2.2537e-05 
0.799593 1.57409 -0.00322882 
0.866216 1.565 -0.00717827 
0.866149 1.57612 -0.00988076 
0.820253 1.5692 0.0240105 
0.823937 1.57317 -0.0206719 
0.864041 1.57156 0.0147149 
0.799057 1.57106 0.00415923 
0.859999 1.57304 -0.014313 
0.829709 1.56315 0.0270999 
0.829921 1.57465 0.0241162 
0.815104 1.56502 -0.0159002 
0.814957 1.57669 -0.0189908 
0.868692 1.56977 0.00941641 
0.80119 1.5683 0.0112999 
0.851949 1.56715 -0.0168279 
0.851815 1.57841 -0.0196403 
0.839844 1.57209 0.0245105 
0.807654 1.56576 -0.0118948 
0.807549 1.57751 -0.015041 
0.870581 1.56924 0.00329556 
0.805859 1.56665 0.0174276 
0.806016 1.57842 0.0142667 
0.842517 1.56913 -0.0197695 
0.849499 1.57319 0.0221942 
0.802302 1.56446 -0.00609384 
0.802235 1.57627 -0.00928002 
0.8695 1.56885 -0.00291119 
0.812753 1.56689 0.0218833 
0.812951 1.57858 0.0187734 
0.832597 1.56748 -0.0200526 
0.832436 1.57895 -0.023012 
0.857936 1.56651 0.0202196 
0.858119 1.57771 0.0174514 
0.799382 1.57371 -0.00232791 
0.865566 1.56746 -0.00846518 
0.865508 1.57859 -0.0111728 
0.821392 1.56968 0.0241657 
0.822951 1.56218 -0.0175628 
0.822767 1.57376 -0.0205945 
0.864666 1.56283 0.0161813 
0.864785 1.57396 0.0134651 
0.799176 1.57067 0.00507277 
0.859196 1.56403 -0.0126579 
0.859072 1.57522 -0.0154144 
0.830944 1.56405 0.0269272 
0.831162 1.57554 0.0239529 
0.814089 1.56523 -0.0155168 
0.813948 1.57691 -0.018615 
0.869102 1.57237 0.00803476 
0.801633 1.568 0.0121285 
0.850819 1.56895 -0.0176682 
0.841092 1.57341 0.0240146 
0.806873 1.56568 -0.0112617 
0.806772 1.57744 -0.0144137 
0.870616 1.57192 0.00186625 
0.806597 1.56655 0.0180828 
0.806758 1.57831 0.0149274 
0.841284 1.57051 -0.0203051 
0.850467 1.56367 0.0242147 
0.85066 1.57495 0.0213886 
0.801808 1.56417 -0.00527957 
0.801745 1.576 -0.00846945 
0.869156 1.57147 -0.0043023 
0.813734 1.56707 0.0222943 
0.813937 1.57875 0.0191917 
0.831355 1.56842 -0.0202571 
0.858908 1.56865 0.0191447 
0.799212 1.57333 -0.00142011 
0.864879 1.5699 -0.00973384 
0.822548 1.57021 0.0242828 
0.821791 1.5627 -0.0174381 
0.821612 1.57429 -0.0204785 
0.865365 1.56527 0.0149066 
0.865492 1.57639 0.0121961 
0.799337 1.57029 0.00598102 
0.858233 1.56617 -0.013725 
0.858118 1.57737 -0.0164891 
0.832186 1.565 0.0267144 
0.832411 1.57648 0.0237495 
0.8131 1.5654 -0.0150996 
0.812963 1.57709 -0.0182052 
0.869401 1.56391 0.0093221 
0.869469 1.57499 0.00664337 
0.802114 1.56772 0.0129402 
0.849673 1.57071 -0.0184743 
0.842126 1.56343 0.0263698 
0.842335 1.57479 0.0234799 
0.806124 1.56557 -0.0106021 
0.806028 1.57734 -0.0137598 
0.870595 1.56353 0.00310599 
0.870605 1.5746 0.00043702 
0.807367 1.56648 0.0187114 
0.807534 1.57823 0.0155616 
0.840046 1.57184 -0.020802 
0.851603 1.56549 0.023366 
0.851804 1.57675 0.0205488 
0.801351 1.56387 -0.00444865 
0.801294 1.5757 -0.00764195 
0.868816 1.56299 -0.00300113 
0.868769 1.57408 -0.00568355 
0.814741 1.56729 0.0226713 
0.814949 1.57896 0.0195762 
0.830119 1.5693 -0.0204214 
0.859853 1.57084 0.018043 
0.799082 1.57294 -0.000506916 
0.864157 1.5723 -0.0109832 
0.82372 1.57079 0.0243613 
0.820648 1.56317 -0.0172753 
0.820474 1.57478 -0.0203243 
0.866027 1.56774 0.013614 
0.866163 1.57885 0.0109089 
0.799538 1.56991 0.00688249 
0.857243 1.56826 -0.0147642 
0.857136 1.57947 -0.017536 
0.833433 1.56601 0.0264614 
0.833664 1.57746 0.023506 
0.812137 1.56553 -0.0146494 
0.812005 1.57723 -0.0177622 
0.869716 1.56655 0.00791943 
0.869793 1.57763 0.00524337 
0.802633 1.56747 0.0137336 
0.802765 1.57928 0.010549 
0.84851 1.57242 -0.0192456 
0.843356 1.56487 0.0257872 
0.843572 1.57622 0.0229068 
0.805409 1.56543 -0.00991723 
0.805317 1.57721 -0.0130802 
0.87053 1.56621 0.00167836 
0.87055 1.57728 -0.000991009 
0.80817 1.56644 0.0193123 
0.808341 1.57818 0.0161684 
0.838804 1.57312 -0.0212597 
0.852722 1.56735 0.0224839 
0.852931 1.5786 0.0196756 
0.800934 1.56356 -0.00360242 
0.80088 1.57539 -0.00679886 
0.868378 1.56558 -0.004368 
0.868341 1.57667 -0.00705382 
0.815773 1.56755 0.0230136 
0.815986 1.57921 0.0199262 
0.82889 1.57014 -0.0205457 
0.86077 1.57306 0.0169154 
0.798993 1.57255 0.00041018 
0.863498 1.56354 -0.00948881 
0.863399 1.57468 -0.0122122 
0.824907 1.57142 0.0244009 
0.819522 1.5636 -0.017075 
0.819354 1.57522 -0.0201325 
0.866652 1.57023 0.0123045 
0.799779 1.56955 0.00777572 
0.856229 1.57031 -0.0157746 
0.834684 1.56706 0.0261683 
0.834921 1.57851 0.0232225 
0.811201 1.56562 -0.014167 
0.811074 1.57733 -0.0172867 
0.869988 1.5692 0.00650959 
0.803189 1.56723 0.0145076 
0.803326 1.57904 0.0113271 
0.847508 1.56277 -0.0171354 
0.847334 1.57408 -0.0199814 
0.844578 1.56637 0.0251666 
0.844802 1.57771 0.0222958 
0.804728 1.56526 -0.00920811 
0.804641 1.57705 -0.0123762 
0.87042 1.56888 0.000253403 
0.809004 1.56643 0.0198844 
0.809181 1.57816 0.0167467 
0.837746 1.56293 -0.0187578 
0.837559 1.57434 -0.021678 
0.853821 1.56926 0.0215694 
0.800555 1.56323 -0.00274226 
0.800506 1.57506 -0.00594154 
0.867899 1.56814 -0.00572247 
0.86787 1.57924 -0.00841202 
0.816827 1.56785 0.0233205 
0.817046 1.5795 0.020241 
0.82767 1.57093 -0.0206302 
0.861508 1.56415 0.0185037 
0.861657 1.57531 0.015763 
