1.04454 0.00711042 -0.371601 
1.32148 0.00046161 -0.0254777 
1.32164 0.0077652 -0.0228685 
1.03106 0.00368229 0.403181 
1.02609 0.00136427 -0.456134 
1.28688 0.00285224 0.220514 
1.08788 0.00778793 0.260687 
1.07563 0.00198112 -0.467518 
1.19327 0.00203753 0.395153 
1.14057 0.00148555 0.0416728 
1.16088 0.00317451 -0.421816 
1.09837 0.00781807 0.468376 
1.11275 0.00170841 -0.189866 
1.25848 0.000126498 -0.284296 
1.26047 0.007694 -0.282016 
1.03747 0.00061562 0.473028 
1.04951 0.00161477 -0.355517 
1.31938 0.00102186 -0.0599269 
1.31979 0.0083331 -0.0573291 
1.02737 0.000882956 0.416865 
1.0253 0.00622623 -0.449357 
1.29666 0.000413342 0.19021 
1.29526 0.00781818 0.192651 
1.07842 0.00827749 0.284062 
1.0685 0.00726737 -0.468145 
1.20546 0.00648648 0.378614 
1.13719 0.00579374 0.0757295 
1.14721 0.000377233 -0.432585 
1.15008 0.00856285 -0.430752 
1.10942 0.00833018 0.463354 
1.12185 0.00714514 -0.159593 
1.24619 0.00111548 -0.308567 
1.04375 0.000621983 0.475316 
1.0581 0.00452445 -0.336624 
1.31569 0.00147822 -0.093795 
1.02215 0.000637641 -0.442687 
1.30369 0.00641954 0.161395 
1.07198 0.00100488 0.304019 
1.05839 0.00224865 -0.469538 
1.21978 0.00456611 0.358324 
1.13314 0.00184769 0.105805 
1.13618 0.00401412 -0.440338 
1.12359 0.00139273 0.455782 
1.12797 0.00362225 -0.131347 
1.23308 0.00105443 -0.331626 
1.05027 0.00180583 0.476963 
1.06694 0.00704607 -0.316689 
1.31043 0.0016071 -0.126827 
1.02215 0.000413605 0.440457 
1.02341 0.00257094 -0.433114 
1.31052 0.00594158 0.129122 
1.06271 0.00303916 0.325124 
1.05166 0.00449976 -0.46866 
1.23348 0.0039645 0.336363 
1.12636 0.00630292 0.138377 
1.12504 0.00628381 -0.447088 
1.13467 0.00404487 0.44894 
1.13427 0.00804295 -0.0989864 
1.22168 0.00757403 -0.351131 
1.05698 0.00432111 0.477942 
1.07302 0.000430393 -0.297923 
1.30358 0.00106034 -0.158861 
1.30471 0.00843301 -0.156354 
1.02089 0.0028732 0.450128 
1.02563 0.00275964 -0.422089 
1.31577 0.00607986 0.095902 
1.05366 0.00559247 0.345119 
1.04512 0.00536544 -0.467133 
1.2465 0.00448237 0.31294 
1.11987 0.00281711 0.166887 
1.11391 0.0075099 -0.452957 
1.14561 0.00818184 0.441039 
1.13799 0.00407295 -0.069114 
1.20736 0.00502871 -0.371151 
1.06388 0.00826986 0.47818 
1.08223 0.00181773 -0.275912 
1.2965 0.00691718 -0.187379 
1.02064 0.00690373 0.458339 
1.02867 0.0011874 -0.40972 
1.31942 0.00651662 0.0619029 
1.04493 0.00858592 0.364047 
1.03882 0.005006 -0.464982 
1.25871 0.00598921 0.288299 
1.11025 0.0082999 0.197368 
1.10287 0.00791825 -0.458015 
1.15921 0.00598348 0.430114 
1.14051 0.000144063 -0.0386297 
1.14094 0.00836462 -0.0351831 
1.19246 0.000891 -0.389388 
1.07422 0.00494767 0.476101 
1.09135 0.00229816 -0.252688 
1.28672 0.00423349 -0.217369 
1.0248 0.00318142 0.463823 
1.03572 0.00703392 -0.394499 
1.32149 0.00705636 0.027382 
1.03994 0.00322698 0.380232 
1.0329 0.00355701 -0.46213 
1.27189 0.000938415 0.26034 
1.27001 0.00844988 0.262647 
1.10184 0.00628608 0.223806 
1.09203 0.00752622 -0.462271 
1.17242 0.00587826 0.417727 
1.14182 0.00451199 -0.00424718 
1.17972 0.00291792 -0.403882 
1.08476 0.00306156 0.473141 
1.1002 0.00175218 -0.228219 
1.2754 0.000353171 -0.246363 
1.27714 0.00784418 -0.244001 
1.0298 0.000643482 0.468142 
1.04 0.00265259 -0.379807 
1.3219 0.000325542 -0.00996196 
1.32195 0.00762772 -0.00735109 
1.03206 0.00759052 0.397117 
1.02756 0.00104233 -0.458412 
1.28199 0.00442014 0.233754 
1.09286 0.00527882 0.249069 
1.08141 0.00611141 -0.4657 
1.18524 0.00778869 0.40372 
1.14136 0.000684897 0.0268085 
1.1666 0.00303659 -0.416741 
1.09552 0.00234102 0.469313 
1.10857 0.000157727 -0.202556 
1.11078 0.00856276 -0.199709 
1.26457 0.00284899 -0.272074 
1.03209 0.00816981 0.472911 
1.04804 0.00631258 -0.362343 
1.32051 0.000898824 -0.0445727 
1.32082 0.00820586 -0.0419685 
1.0281 0.0041699 0.411288 
1.02636 0.0064537 -0.452179 
1.29247 0.00148832 0.203889 
1.08354 0.00530683 0.273065 
1.07102 0.00335017 -0.468277 
1.20031 0.00359761 0.386024 
1.13884 0.00502014 0.0610847 
1.15309 0.00112317 -0.428113 
1.10647 0.00253142 0.46464 
1.11824 0.00598074 -0.172833 
1.25274 0.00431775 -0.296841 
1.03824 0.00766126 0.475517 
1.05325 0.000570953 -0.34577 
1.31754 0.0014207 -0.078736 
1.02477 0.00225962 0.424305 
1.02276 0.00150235 -0.446126 
1.30011 0.00703995 0.175503 
1.07408 0.00629328 0.295789 
1.06402 0.00780798 -0.468466 
1.21482 0.00106131 0.366491 
1.13543 0.00107101 0.0914445 
1.14215 0.00550191 -0.436372 
1.11756 0.00357553 0.459128 
1.12485 0.00269483 -0.145012 
1.24005 0.00476468 -0.320495 
1.04468 0.00826082 0.477461 
1.06202 0.00328858 -0.326345 
1.31298 0.00173432 -0.112168 
1.02218 0.00212352 0.436033 
1.02356 0.00415946 -0.437203 
1.30766 0.00618222 0.143681 
1.06467 0.00808326 0.317305 
1.05399 0.00191182 -0.469437 
1.22633 0.00765855 0.347321 
1.1294 0.00543208 0.124417 
1.12811 5.50741e-05 -0.445329 
1.13106 0.00836624 -0.443561 
1.12867 0.00564765 0.452725 
1.13185 0.00725256 -0.113088 
1.2266 0.00410368 -0.342808 
1.05462 0.00126444 0.477298 
1.07101 0.00558234 -0.305861 
1.30685 0.00153605 -0.144661 
1.02048 0.00381406 0.446349 
1.02536 0.00513633 -0.426806 
1.31361 0.00608857 0.11087 
1.05864 0.00170988 0.335726 
1.04736 0.00336801 -0.468189 
1.242 1.53528e-05 0.322385 
1.23973 0.007668 0.324549 
1.12344 0.00176254 0.153327 
1.11693 0.00166188 -0.451558 
1.14265 0.000826108 0.443564 
1.13617 0.00331333 -0.0835501 
1.21249 0.00215808 -0.36355 
1.06142 0.00457738 0.477874 
1.08011 0.0072682 -0.284263 
1.29913 0.000466726 -0.176111 
1.30038 0.0078574 -0.173629 
1.01978 0.00717697 0.455195 
1.02805 0.00433052 -0.415009 
1.31798 0.00642582 0.0771916 
1.04979 0.00448308 0.355169 
1.04093 0.00352504 -0.466315 
1.2545 0.00112414 0.298228 
1.25238 0.0087159 0.300449 
1.11442 0.00691517 0.18434 
1.10581 0.00236876 -0.45695 
1.15346 0.00596808 0.434994 
1.13995 0.0075869 -0.0499173 
1.20037 0.00659519 -0.380544 
1.07166 0.000611673 0.476153 
1.08918 0.00812876 -0.261481 
1.2913 0.00570601 -0.204077 
1.02351 0.00287789 0.461256 
1.03148 0.00184966 -0.401944 
1.32076 0.00693485 0.0428678 
1.04128 0.00774158 0.373552 
1.03482 0.00254225 -0.463788 
1.26614 0.00318848 0.272978 
1.1064 0.00448244 0.211302 
1.09485 0.00229846 -0.461542 
1.16684 0.00493345 0.423275 
1.14153 0.00369976 -0.0191407 
1.18521 0.00151385 -0.397804 
1.0789 0.00681648 0.47512 
1.09805 0.00800811 -0.237462 
1.28066 0.00235912 -0.233513 
1.03884 0.00694083 -0.38606 
1.322 0.000194708 0.0055791 
1.32194 0.00749673 0.00818945 
1.03655 0.00276871 0.389219 
1.02919 0.000500532 -0.460476 
1.27679 0.006212 0.246801 
1.09771 0.00299822 0.237152 
1.0841 0.00132903 -0.465319 
1.17982 0.00597608 0.410003 
1.1416 0.00808892 0.0153665 
1.17225 0.00250237 -0.411373 
1.08957 0.00558635 0.471691 
1.10652 0.00683805 -0.212217 
1.27038 0.00534891 -0.259639 
1.03016 0.00692866 0.471234 
1.0434 0.00204498 -0.370813 
1.32133 0.000771678 -0.0291288 
1.32152 0.00807577 -0.0265202 
1.02895 0.00775522 0.405489 
1.02761 0.00642848 -0.454747 
1.28796 0.00278831 0.21737 
1.08857 0.00255038 0.261767 
1.07675 0.00785413 -0.466667 
1.19508 0.001006 0.393093 
1.14014 0.00423884 0.0463319 
1.1589 0.00149109 -0.423383 
1.10046 0.00536512 0.467405 
1.11438 0.00466589 -0.185844 
1.25906 0.00729641 -0.284864 
1.03612 0.0059722 0.474162 
1.05166 0.0053575 -0.352797 
1.31907 0.00132858 -0.06353 
1.31951 0.00864096 -0.0609338 
1.02532 0.00513942 0.419026 
1.02358 0.00207768 -0.449282 
1.29758 0.000468469 0.186961 
1.2962 0.00786953 0.189407 
1.0792 0.00310462 0.285101 
1.06648 0.00426551 -0.468788 
1.20723 0.00563092 0.376359 
1.13739 0.000309299 0.0769395 
1.13642 0.008549 0.0803039 
1.14807 0.00666689 -0.43218 
1.11152 0.00599233 0.462283 
1.12146 0.00167409 -0.158471 
1.24465 0.000597936 -0.311284 
1.24681 0.00823131 -0.309066 
1.04244 0.0060701 0.476391 
1.06024 0.00819865 -0.33374 
1.31522 0.00176514 -0.0973196 
1.02239 0.00419972 0.431335 
1.02391 0.00541822 -0.441001 
1.30447 0.00658137 0.158042 
1.06979 0.00453932 0.307194 
1.05959 0.00787665 -0.468552 
1.22147 0.0038706 0.355876 
1.13213 0.00461624 0.11028 
1.13413 0.00192146 -0.441629 
1.12265 0.00754645 0.456299 
1.12914 0.0064198 -0.127006 
1.23145 0.000413816 -0.334192 
1.23375 0.00811286 -0.332034 
1.049 0.00736159 0.477977 
1.06604 0.00195167 -0.31578 
1.3098 0.00184118 -0.130251 
1.02027 0.00509071 0.442282 
1.02527 0.00716313 -0.431249 
1.31114 0.00618692 0.125664 
1.0605 0.00666612 0.328119 
1.04965 0.00112407 -0.469122 
1.2351 0.00340538 0.333741 
1.12672 0.000813052 0.139565 
1.12298 0.00404316 -0.44827 
1.13672 0.00202229 0.447634 
1.13403 0.00254835 -0.0978265 
1.21999 0.00679946 -0.353532 
1.05901 0.00117116 0.477414 
1.07515 0.00395793 -0.294732 
1.30279 0.00120215 -0.162173 
1.30394 0.008578 -0.15967 
1.01912 0.00773957 0.451774 
1.02758 0.00714717 -0.420051 
1.31622 0.00637211 0.0923506 
1.05469 0.0004983 0.346039 
1.04312 0.00183032 -0.467521 
1.24802 0.00404075 0.310171 
1.11835 0.00569386 0.171078 
1.11183 0.00515187 -0.454039 
1.14763 0.0063614 0.439602 
1.13861 0.00682639 -0.0645329 
1.20559 0.00408847 -0.373359 
1.06592 0.00529977 0.477564 
1.0843 0.00523105 -0.272534 
1.29557 0.00694366 -0.190583 
1.02241 0.00282421 0.458442 
1.0307 0.00537812 -0.407522 
1.31971 0.0068277 0.0582823 
1.04604 0.00350128 0.364936 
1.03684 0.00132994 -0.465291 
1.26013 0.00565645 0.285408 
1.11076 0.00288783 0.198534 
1.1008 0.00545626 -0.459 
1.16118 0.0044029 0.428518 
1.14087 0.00290212 -0.0339721 
1.19325 0.0076804 -0.389407 
1.07627 0.00216588 0.475377 
1.09333 0.00558147 -0.249116 
1.28563 0.00413323 -0.220466 
