1.21858 0.0033924 -0.0534668 
1.23851 0.00174785 0.0236684 
1.21629 0.00159631 0.0341442 
1.23038 0.00730618 -0.0576699 
1.22605 0.00237327 0.0752846 
1.21746 0.00732732 -0.0380414 
1.23922 0.00712818 0.00555171 
1.2168 0.00334435 0.0519435 
1.22633 0.00247119 -0.0658975 
1.22959 0.00584237 0.0696103 
1.21647 0.000959692 -0.0230521 
1.23855 0.00471341 -0.0154556 
1.21766 0.00769171 0.0670174 
1.22287 0.00140204 -0.0672366 
1.2334 0.00518195 0.0574414 
1.21616 0.000920274 -0.00340911 
1.23635 0.000998455 -0.0352102 
1.23663 0.00872106 -0.0322543 
1.21965 0.00758536 0.0756357 
1.22037 0.00410989 -0.0615823 
1.23642 0.00752945 0.0423311 
1.21613 0.000473238 0.0166968 
1.21594 0.00830077 0.0197563 
1.23328 0.00263373 -0.0497152 
1.22287 0.00353646 0.077403 
1.21837 0.00306676 -0.0521131 
1.23862 0.00426405 0.0221974 
1.21638 0.00072773 0.0360731 
1.21601 0.00855387 0.039117 
1.2295 0.0010646 -0.0611196 
1.2264 0.00353846 0.0751514 
1.2173 0.00664828 -0.0363198 
1.23924 0.00199054 0.0010686 
1.21695 0.00274787 0.0535896 
1.22597 0.00350603 -0.0659175 
1.22993 0.00747467 0.0690129 
1.21639 3.95042e-05 -0.0210773 
1.21657 0.00786496 -0.0180197 
1.23841 0.00719051 -0.0168915 
1.21788 0.00747358 0.0682732 
1.22254 0.00193916 -0.0667604 
1.23369 0.00722055 0.0564441 
1.21612 0.00771719 0.0017496 
1.2361 0.00324039 -0.0364161 
1.22063 1.87483e-05 0.0734571 
1.21993 0.0078219 0.0764299 
1.22009 0.00416529 -0.0606178 
1.237 0.00215688 0.0380811 
1.21596 0.00729703 0.021825 
1.23296 0.00452471 -0.0505771 
1.22321 0.00426682 0.0777028 
1.21816 0.00269223 -0.0507093 
1.23871 0.00679495 0.0207111 
1.21609 0.00771182 0.0410162 
1.22914 0.00252078 -0.0615564 
1.22676 0.00476322 0.0749583 
1.21716 0.00593294 -0.0345605 
1.23921 0.00455832 -0.000456244 
1.21711 0.00219292 0.0551931 
1.2256 0.00448018 -0.0658766 
1.23089 0.00140987 0.065422 
1.21648 0.00692431 -0.0160217 
1.2381 0.00193188 -0.0212622 
1.2181 0.00730814 0.0694753 
1.22222 0.00241544 -0.0662227 
1.23448 0.00156987 0.0524608 
1.2161 0.00668277 0.0038493 
1.23584 0.00544509 -0.0375847 
1.22093 0.00031624 0.0741942 
1.22022 0.00811783 0.0771638 
1.21982 0.00416415 -0.0595957 
1.23719 0.00453533 0.0367483 
1.21599 0.00630606 0.0238805 
1.23263 0.00636634 -0.0513898 
1.22355 0.00505857 0.0779406 
1.21796 0.00227017 -0.0492565 
1.23896 0.00162771 0.0162596 
1.21619 0.0068987 0.0428855 
1.22877 0.00391976 -0.0619361 
1.22712 0.00604705 0.074706 
1.21702 0.00518306 -0.0327651 
1.23916 0.0071203 -0.00197539 
1.21728 0.00168108 0.0567525 
1.22524 0.0053934 -0.0657745 
1.23123 0.00315028 0.0647205 
1.21641 0.00596474 -0.0140035 
1.23793 0.0043632 -0.0226536 
1.21833 0.00719646 0.0706228 
1.2219 0.00283114 -0.0656237 
1.23475 0.00369566 0.051379 
1.21608 0.00564627 0.00595151 
1.23557 0.00761085 -0.0387143 
1.22124 0.000673652 0.0748706 
1.22052 0.00847365 0.0778372 
1.21956 0.00410731 -0.0585169 
1.23737 0.00694138 0.0353872 
1.21603 0.00532993 0.0259207 
1.23182 0.000412857 -0.0551081 
1.23229 0.00815742 -0.0521521 
1.22389 0.00591163 0.0781167 
1.21777 0.001802 -0.0477562 
1.23902 0.00418174 0.0147501 
1.21629 0.0061164 0.0447229 
1.2284 0.00526086 -0.0622581 
1.22747 0.00738938 0.0743949 
1.2169 0.00440048 -0.0309355 
1.23907 0.00196441 -0.00644229 
1.21746 0.0012139 0.0582661 
1.22489 0.00624551 -0.0656111 
1.23156 0.00494232 0.0639672 
1.21634 0.00498831 -0.0119673 
1.23774 0.00676892 -0.0240192 
1.21858 0.00713956 0.0717146 
1.22158 0.00318662 -0.0649637 
1.23502 0.005862 0.0502562 
1.21607 0.00460978 0.00805401 
1.23494 0.00200666 -0.0427599 
1.22155 0.0010914 0.075486 
1.21931 0.00399571 -0.0573822 
1.23784 0.00165675 0.0310515 
1.21608 0.00437067 0.0279433 
1.23148 0.00215056 -0.0558213 
1.22424 0.00682587 0.0782312 
1.21759 0.00128918 -0.0462099 
1.23907 0.00674379 0.0132322 
1.2164 0.00536677 0.0465266 
1.22803 0.00654347 -0.0625215 
1.2285 0.00102676 0.0710845 
1.21678 0.00358705 -0.0290735 
1.23899 0.00450768 -0.00794347 
1.21765 0.000792849 0.0597327 
1.21706 0.00861195 0.0627407 
1.22453 0.00703637 -0.065386 
1.23188 0.00678488 0.0631631 
1.21628 0.00399706 -0.00991517 
1.23733 0.00142908 -0.0283133 
1.21883 0.0071384 0.0727498 
1.22128 0.00348228 -0.0642432 
1.23571 0.000340394 0.046149 
1.23527 0.00806725 0.049094 
1.21607 0.00357542 0.0101546 
1.23465 0.00408826 -0.0438085 
1.22186 0.00156984 0.0760401 
1.21907 0.00383035 -0.0561927 
1.238 0.00411268 0.0296413 
1.21614 0.00343034 0.0299465 
1.23113 0.00383551 -0.0564818 
1.2253 2.20801e-05 0.0753352 
1.22459 0.00780111 0.0782843 
1.21742 0.000733257 -0.044619 
1.21781 0.00855241 -0.0415849 
1.23921 0.00160228 0.00875429 
1.21652 0.00465162 0.0482947 
1.22766 0.00776704 -0.062726 
1.22885 0.00248595 0.0706608 
1.21667 0.00274466 -0.0271811 
1.23889 0.00703843 -0.00943209 
1.21784 0.000419348 0.0611508 
1.21724 0.00823738 0.0641561 
1.22418 0.00776594 -0.0650993 
1.23276 0.000935245 0.0593686 
1.2322 0.00867674 0.0623096 
1.21623 0.00299306 -0.00784929 
1.23712 0.00377659 -0.0296225 
1.21908 0.00719383 0.0737275 
1.22098 0.00371862 -0.0634625 
1.23595 0.00258402 0.0449509 
1.21608 0.00254529 0.0122511 
1.23435 0.00612615 -0.0448134 
1.22218 0.00210925 0.0765326 
1.21883 0.00361232 -0.0549493 
1.23813 0.00659003 0.028209 
1.21621 0.00251093 0.0319279 
1.23077 0.0054667 -0.0570888 
1.22565 0.00105987 0.0753302 
1.21726 0.000135811 -0.042985 
1.21763 0.00795588 -0.0399489 
1.23922 0.00417375 0.0072266 
1.21665 0.00397275 0.0500255 
1.22673 0.00116118 -0.0658356 
1.22921 0.00400157 0.0701805 
1.21657 0.00187523 -0.0252602 
1.23869 0.00184293 -0.0138621 
1.21805 9.47575e-05 0.062519 
1.21744 0.00791167 0.0655216 
1.22324 0.000646497 -0.0677274 
1.22383 0.0084342 -0.0647508 
1.23307 0.00287669 0.0584691 
1.21619 0.00197839 -0.0057718 
1.23689 0.00609257 -0.0309001 
1.21935 0.00730665 0.0746471 
1.22068 0.0038962 -0.0626222 
1.23618 0.00486305 0.0437169 
1.2161 0.00152148 0.0143412 
1.23363 0.000383137 -0.0487285 
1.23404 0.00811885 -0.0457732 
1.22251 0.00270982 0.0769634 
1.21861 0.00334275 -0.0536531 
1.2385 0.0013737 0.0238062 
1.21629 0.00161444 0.0338857 
1.23042 0.00704321 -0.0576413 
1.22601 0.0021581 0.0752643 
1.21747 0.00731941 -0.0382715 
1.23922 0.00674648 0.00569736 
1.21679 0.00333187 0.0517172 
1.22637 0.00226337 -0.0659231 
1.22955 0.00557282 0.0696444 
1.21648 0.000980707 -0.0233127 
1.23857 0.00434146 -0.0153195 
1.21765 0.00763613 0.066836 
1.22291 0.00125177 -0.06732 
1.23337 0.00486482 0.0575226 
1.21616 0.000955139 -0.00368488 
1.23637 0.00065265 -0.0350997 
1.23666 0.00837514 -0.0321441 
1.21963 0.00747758 0.0755077 
1.2204 0.00401564 -0.0617228 
1.2364 0.00717568 0.0424487 
1.21613 0.00050609 0.0164228 
1.21594 0.00833363 0.0194824 
1.23332 0.0023277 -0.0496439 
1.22284 0.0033717 0.0773323 
1.21839 0.00302286 -0.0523054 
1.23861 0.00388807 0.0223371 
1.21637 0.00074285 0.0358177 
1.216 0.00856903 0.0388619 
1.22953 0.000808296 -0.0610971 
1.23005 0.00856416 -0.0581383 
1.22637 0.00331638 0.0751381 
1.21732 0.0066447 -0.0365545 
1.23925 0.00160913 0.001214 
1.21694 0.00273069 0.0533681 
1.226 0.00330522 -0.0659502 
1.2299 0.00719885 0.0690534 
1.2164 6.3074e-05 -0.0213406 
1.21657 0.00788848 -0.0182832 
1.23843 0.00682092 -0.0167577 
1.21786 0.00741197 0.0680979 
1.22257 0.00179596 -0.0668509 
1.23366 0.00689828 0.0565305 
1.21613 0.00775266 0.00147312 
1.23613 0.00289879 -0.0363099 
1.21991 0.00770728 0.0763088 
1.22012 0.00407765 -0.060765 
1.23698 0.00179949 0.0382021 
1.21596 0.00732855 0.0215525 
1.23299 0.00422431 -0.0505114 
1.22318 0.00409496 0.0776393 
1.21818 0.00265393 -0.0509073 
1.2387 0.00641739 0.0208526 
1.21609 0.00772375 0.0407645 
1.22917 0.00227106 -0.0615405 
1.22673 0.00453428 0.0749521 
1.21717 0.00593348 -0.0347994 
1.23921 0.00417745 -0.000311353 
1.2171 0.00217086 0.0549767 
1.22564 0.00428642 -0.0659165 
1.23086 0.00112773 0.0654683 
1.21649 0.00695016 -0.0162877 
1.23812 0.00156496 -0.0211309 
1.21808 0.00724037 0.0693064 
1.22225 0.00227927 -0.0663204 
1.23445 0.00124249 0.0525519 
1.2161 0.00671862 0.0035724 
1.23587 0.00510789 -0.0374829 
1.2209 0.000194577 0.0740796 
1.2202 0.00799631 0.0770498 
1.21985 0.00408302 -0.0597496 
1.23717 0.00417462 0.0368727 
1.21599 0.006336 0.0236097 
1.23266 0.00607172 -0.0513299 
1.22352 0.0048796 0.0778844 
1.21798 0.00223731 -0.0494602 
1.23895 0.00124879 0.0164023 
1.21618 0.00690719 0.0426374 
1.22881 0.0036767 -0.0619269 
1.22708 0.0058113 0.0747066 
1.21703 0.00518752 -0.0330081 
1.23916 0.00674022 -0.00183129 
1.21727 0.00165395 0.0565412 
1.22528 0.00520671 -0.0658216 
1.23119 0.0028621 0.0647729 
1.21641 0.00599269 -0.0142717 
1.23795 0.00399913 -0.0225252 
1.21831 0.00712242 0.0704603 
1.22193 0.00270198 -0.0657285 
1.23472 0.0033635 0.051475 
1.21608 0.00568226 0.00567444 
1.2356 0.00727826 -0.0386172 
1.22121 0.000545035 0.0747631 
1.22049 0.00834518 0.0777302 
1.21959 0.00403259 -0.0586774 
1.23735 0.00657758 0.0355148 
1.21603 0.00535805 0.0256518 
1.23185 0.000124328 -0.0550538 
1.23232 0.00786872 -0.0520982 
1.22386 0.00572558 0.0780677 
1.21779 0.00177441 -0.0479654 
1.23902 0.00380175 0.014894 
1.21628 0.00612123 0.0444787 
1.22844 0.00502454 -0.0622556 
1.22744 0.0071469 0.0744024 
1.21691 0.00440864 -0.0311824 
1.23908 0.00158542 -0.00629919 
1.21744 0.00118153 0.0580603 
1.22492 0.0060659 -0.0656653 
1.23152 0.00464823 0.0640255 
1.21635 0.00501811 -0.0122375 
1.23776 0.00640792 -0.0238939 
1.21856 0.00705914 0.0715586 
1.22161 0.00306441 -0.0650756 
1.23499 0.00552523 0.0503569 
1.21607 0.00464567 0.00777703 
1.23497 0.00167899 -0.0426673 
1.22152 0.000955789 0.0753857 
1.21933 0.00392729 -0.0575492 
1.23783 0.00129004 0.0311819 
1.21608 0.00439674 0.0276766 
1.23151 0.00186808 -0.055773 
1.22421 0.00663276 0.0781893 
1.21761 0.00126669 -0.0464243 
1.23906 0.006363 0.0133769 
