0.696369 1.5708 0.114744 
0.696544 1.57298 0.114082 
0.69672 1.57516 0.11342 
0.696899 1.57734 0.112759 
0.69708 1.57951 0.112097 
0.800139 1.56373 -0.138245 
0.798959 1.57546 -0.141509 
1.00789 1.56408 0.0750521 
1.00857 1.57385 0.0734161 
0.646419 1.56959 0.0462572 
0.910607 1.56274 -0.120865 
0.909554 1.57332 -0.123334 
0.905051 1.56321 0.12959 
0.906134 1.57382 0.127055 
0.648141 1.56834 -0.0450202 
1.01091 1.5709 -0.0687499 
0.793828 1.56351 0.1457 
0.795023 1.57529 0.142381 
0.700672 1.57292 -0.113343 
1.05724 1.56546 0.00255791 
1.05728 1.57485 0.00138458 
0.697879 1.56803 0.116538 
0.797652 1.56602 -0.138677 
0.796488 1.57779 -0.141958 
1.01009 1.56996 0.072721 
0.646945 1.57115 0.0475978 
0.907861 1.56712 -0.12272 
0.906829 1.57773 -0.125214 
0.907807 1.56767 0.127652 
0.908912 1.57825 0.125142 
0.647613 1.56981 -0.0436582 
1.00936 1.56687 -0.0693956 
1.00876 1.57663 -0.0710044 
0.796296 1.56579 0.14523 
0.797507 1.57754 0.141926 
0.698914 1.57431 -0.112812 
1.05722 1.56266 0.00134327 
1.05724 1.57205 0.000169993 
0.699657 1.56945 0.117052 
0.795209 1.56821 -0.139093 
1.0116 1.56594 0.0720597 
1.01226 1.57567 0.0704607 
0.64746 1.5726 0.0489541 
0.905149 1.57145 -0.124579 
0.910564 1.57206 0.125752 
0.647081 1.57128 -0.0422984 
1.00783 1.56285 -0.0700421 
1.0072 1.57262 -0.0716594 
0.798777 1.56809 0.144767 
0.698127 1.5627 -0.108355 
0.697136 1.57579 -0.112307 
1.05721 1.56937 -0.00107343 
1.05724 1.57876 -0.00224675 
0.701461 1.57096 0.117558 
0.79272 1.57057 -0.139562 
1.01318 1.56213 0.0713376 
1.01381 1.57185 0.0697479 
0.647986 1.57423 0.0502883 
0.903431 1.56541 -0.124012 
0.902376 1.57606 -0.12654 
0.912337 1.56615 0.126267 
0.91342 1.5767 0.123793 
0.646524 1.57305 -0.0409779 
1.00559 1.56896 -0.0724086 
1.00498 1.57875 -0.0740548 
0.801363 1.57066 0.14424 
0.696247 1.56451 -0.107918 
0.695275 1.57763 -0.111883 
1.05718 1.56716 -0.00243532 
1.05718 1.57655 -0.00360888 
0.703363 1.57282 0.118 
0.790095 1.57336 -0.140156 
1.0155 1.56857 0.0688809 
1.01615 1.57828 0.0673216 
0.648078 1.56245 0.0558985 
0.648552 1.57633 0.0515618 
0.900477 1.57056 -0.126146 
0.91537 1.57138 0.124123 
0.645926 1.5754 -0.039734 
1.00385 1.56597 -0.0733467 
1.00321 1.57578 -0.075005 
0.802961 1.56213 0.146833 
0.804152 1.5738 0.143573 
0.694217 1.56696 -0.107614 
1.05714 1.56578 -0.00400634 
1.05713 1.57518 -0.00518007 
0.70441 1.56233 0.122235 
0.705438 1.5753 0.118321 
0.788412 1.565 -0.137601 
0.787245 1.57687 -0.140943 
1.0174 1.5662 0.0677632 
1.01802 1.57589 0.0662179 
0.648683 1.56532 0.0570652 
0.649194 1.57919 0.0527332 
0.898335 1.56591 -0.12601 
0.897269 1.57661 -0.12858 
0.917632 1.567 0.124151 
0.918707 1.5775 0.121721 
0.645616 1.5647 -0.0342476 
0.645277 1.57864 -0.0386056 
1.00188 1.56402 -0.0745702 
1.00122 1.57385 -0.0762439 
0.80603 1.56616 0.145927 
0.807248 1.57779 0.142687 
0.691978 1.57034 -0.107498 
1.05707 1.5656 -0.00587846 
1.05704 1.575 -0.00705274 
0.706714 1.56576 0.122359 
0.707773 1.57869 0.11846 
0.785223 1.56947 -0.138634 
1.01955 1.56509 0.0662975 
1.02015 1.57476 0.0647704 
0.649398 1.56925 0.0580847 
0.89584 1.56243 -0.126228 
0.894745 1.57315 -0.128814 
0.9203 1.5639 0.123767 
0.921349 1.57438 0.121355 
0.644865 1.56913 -0.033269 
0.999608 1.56345 -0.0761782 
0.998927 1.57329 -0.0778721 
0.809507 1.57133 0.144715 
0.689478 1.57495 -0.107624 
1.05694 1.56701 -0.00814439 
1.0569 1.5764 -0.00932014 
0.709361 1.57039 0.122233 
0.782811 1.56329 -0.136622 
0.781635 1.57523 -0.140001 
1.02202 1.56561 0.0643875 
1.02261 1.57526 0.0628838 
0.650275 1.57454 0.0589085 
0.891764 1.57116 -0.129497 
0.923466 1.56244 0.122858 
0.924497 1.57289 0.120471 
0.644058 1.57508 -0.0324876 
0.99692 1.56461 -0.078272 
0.996228 1.57447 -0.0799923 
0.812287 1.5664 0.146308 
0.813509 1.57796 0.143109 
0.687592 1.56784 -0.104019 
1.05671 1.57036 -0.0108956 
0.711385 1.56363 0.125656 
0.712449 1.5765 0.12179 
0.778706 1.57059 -0.138367 
1.02484 1.56813 0.0619427 
1.02543 1.57776 0.0604684 
0.65079 1.56767 0.0637983 
0.888222 1.57095 -0.130713 
0.927215 1.56297 0.121315 
0.92824 1.57339 0.118959 
0.64346 1.5689 -0.0275697 
0.993724 1.56783 -0.0809525 
0.993031 1.57771 -0.0827066 
0.815674 1.56331 0.147363 
0.816878 1.57483 0.144186 
0.685345 1.56249 -0.10072 
0.684411 1.57577 -0.104764 
1.0564 1.5666 -0.0130373 
1.05631 1.576 -0.014218 
0.714962 1.57155 0.124804 
0.775212 1.56772 -0.137146 
1.02751 1.56339 0.060342 
1.02805 1.573 0.0588857 
0.651538 1.56278 0.0683687 
0.652127 1.57659 0.0640621 
0.884028 1.57277 -0.132532 
0.931629 1.56581 0.11904 
0.93266 1.57619 0.116724 
0.642781 1.56484 -0.0229173 
0.642548 1.57882 -0.0272995 
0.990669 1.56348 -0.0825374 
0.989932 1.57339 -0.0843137 
0.819751 1.56236 0.147777 
0.82095 1.57384 0.144626 
0.681764 1.57246 -0.101819 
1.05589 1.56542 -0.0158106 
1.05577 1.57482 -0.0169955 
0.718066 1.56868 0.127318 
0.771093 1.56682 -0.136372 
0.769945 1.5789 -0.139828 
1.03109 1.57092 0.056577 
0.653175 1.57388 0.0682635 
0.880233 1.56593 -0.132285 
0.879121 1.5768 -0.134995 
0.936766 1.57122 0.115965 
0.642043 1.5631 -0.0185618 
0.641833 1.57709 -0.0229506 
0.986199 1.57155 -0.0866029 
0.824582 1.56379 0.147456 
0.825791 1.57521 0.144337 
0.678742 1.57133 -0.0992213 
1.05509 1.56698 -0.0192528 
1.05494 1.57639 -0.0204458 
0.721822 1.56807 0.129268 
0.766328 1.568 -0.136052 
1.034 1.56214 0.0549033 
1.03449 1.5717 0.0535053 
0.654592 1.5735 0.0720367 
0.87457 1.57216 -0.135342 
0.941634 1.56905 0.114293 
0.942656 1.57934 0.112064 
0.641291 1.5638 -0.0145203 
0.641125 1.5778 -0.0189154 
0.98256 1.56225 -0.0877362 
0.98177 1.57222 -0.0895853 
0.830202 1.56771 0.146332 
0.831435 1.57907 0.143251 
0.675397 1.57245 -0.09695 
1.05388 1.57128 -0.02336 
0.726266 1.56975 0.130613 
0.760958 1.57124 -0.136152 
1.03768 1.56582 0.0510473 
1.03815 1.57535 0.0496877 
0.656442 1.57541 0.0753477 
0.869326 1.56952 -0.136173 
0.947197 1.56963 0.11172 
0.6406 1.56685 -0.0107863 
0.977442 1.56521 -0.0913148 
0.976642 1.57523 -0.0932144 
0.835396 1.56279 0.147427 
0.836596 1.57409 0.144381 
0.672694 1.5622 -0.0908069 
0.671836 1.57568 -0.0949444 
1.05239 1.56863 -0.026855 
1.05218 1.57806 -0.0280741 
0.731392 1.57356 0.131351 
0.756245 1.56406 -0.133032 
0.755094 1.57633 -0.136587 
1.04102 1.56262 0.0478575 
1.04145 1.57213 0.046525 
0.658039 1.56565 0.0824473 
0.658777 1.57935 0.0781936 
0.863481 1.56851 -0.13733 
0.952381 1.5625 0.110487 
0.953326 1.5727 0.108344 
0.640061 1.57194 -0.00732108 
0.971687 1.57006 -0.0954115 
0.842428 1.57141 0.144645 
0.669012 1.56712 -0.0889363 
1.05039 1.56789 -0.0307899 
1.05015 1.57734 -0.0320267 
0.735975 1.56662 0.135236 
0.737132 1.57913 0.131536 
0.750018 1.57046 -0.133622 
1.04471 1.57104 0.0427799 
0.660805 1.57119 0.0848495 
0.857212 1.56848 -0.138584 
0.958871 1.56754 0.10643 
0.959823 1.57768 0.10435 
0.639782 1.56445 0.000358738 
0.639761 1.57848 -0.00404939 
0.966299 1.56597 -0.0978262 
0.965451 1.57607 -0.099827 
0.848734 1.57053 0.144159 
0.665435 1.57319 -0.0870873 
1.04788 1.56825 -0.0349599 
1.0476 1.57772 -0.0362201 
0.742133 1.57343 0.134943 
0.744827 1.56517 -0.130594 
0.7437 1.5776 -0.134225 
1.04773 1.57129 0.0386652 
0.663226 1.56395 0.0911301 
0.664023 1.57757 0.0869176 
0.850763 1.56864 -0.139666 
0.964569 1.56357 0.104045 
0.965474 1.57368 0.10201 
0.639682 1.57164 0.00354447 
0.959793 1.57218 -0.102229 
0.85526 1.5707 0.143122 
0.662879 1.56598 -0.0808911 
1.04492 1.5687 -0.0391167 
1.04461 1.57819 -0.0404043 
0.747361 1.56827 0.138003 
0.738611 1.57217 -0.130967 
1.05003 1.56243 0.0356833 
1.05035 1.57188 0.0344352 
0.666716 1.57038 0.0929742 
0.844413 1.56809 -0.140304 
0.843261 1.57933 -0.143273 
0.971001 1.56991 0.0994943 
0.639806 1.56453 0.0111713 
0.639887 1.57856 0.0067633 
0.954178 1.56747 -0.104276 
0.953288 1.57768 -0.106386 
0.861721 1.57105 0.141798 
0.659915 1.57187 -0.0786032 
1.04165 1.56822 -0.0430009 
1.0413 1.57773 -0.0443179 
0.752572 1.56286 0.140914 
0.753735 1.57515 0.137324 
0.733877 1.56574 -0.127265 
0.732776 1.57832 -0.130969 
1.05218 1.56233 0.0315759 
1.05246 1.57176 0.0303483 
0.669545 1.56246 0.0989394 
0.670394 1.57597 0.0947754 
0.838432 1.56605 -0.140272 
0.837262 1.57735 -0.143281 
0.976163 1.56542 0.0970941 
0.977026 1.57543 0.0951662 
0.640188 1.57033 0.0145363 
0.947929 1.5713 -0.107852 
0.867847 1.57073 0.140469 
0.658116 1.56279 -0.0716747 
0.657425 1.57651 -0.0759258 
1.03826 1.56588 -0.0463808 
1.03787 1.57542 -0.0477259 
0.758667 1.56868 0.140319 
0.728548 1.57028 -0.126722 
1.05405 1.57003 0.0266305 
1.05433 1.57944 0.0254268 
0.673174 1.56659 0.100824 
0.83184 1.57325 -0.142467 
0.981592 1.56936 0.0931648 
0.982453 1.57933 0.0912921 
0.640766 1.57431 0.0181395 
0.943121 1.56255 -0.108493 
0.942161 1.57285 -0.110692 
0.873427 1.56901 0.139387 
0.656054 1.56553 -0.0685296 
0.655414 1.57929 -0.072797 
1.03451 1.57062 -0.0504532 
0.764329 1.57282 0.14001 
0.723871 1.57281 -0.125594 
1.05515 1.56602 0.0234497 
1.05538 1.57543 0.0222536 
0.676648 1.56873 0.102939 
0.827148 1.56668 -0.140769 
0.825978 1.5781 -0.143855 
0.986324 1.57112 0.0898507 
0.641448 1.57604 0.0220367 
0.93703 1.57172 -0.112668 
0.878327 1.56542 0.138744 
0.87949 1.57628 0.136003 
0.654444 1.56607 -0.064922 
1.03141 1.56296 -0.0524014 
1.03094 1.57255 -0.0538049 
0.768233 1.56286 0.143585 
0.769413 1.57496 0.140098 
0.719876 1.5731 -0.123861 
1.05605 1.56876 0.0197135 
1.05626 1.57816 0.0185278 
0.679836 1.56864 0.105367 
0.822043 1.56897 -0.141315 
0.99033 1.57041 0.0872264 
0.642151 1.57534 0.0262484 
0.932625 1.56778 -0.113736 
0.931665 1.57817 -0.116029 
0.883622 1.5705 0.135943 
0.653227 1.56429 -0.0608741 
0.652644 1.5781 -0.0651657 
1.02769 1.57159 -0.0563939 
0.772667 1.56296 0.144095 
0.77385 1.575 0.140637 
0.716541 1.5711 -0.12155 
1.0566 1.56872 0.016657 
1.05678 1.57812 0.0154767 
0.682662 1.56631 0.108142 
0.817709 1.56884 -0.14111 
0.993649 1.56718 0.0853014 
0.994429 1.57705 0.0835372 
0.642815 1.57225 0.0307673 
0.927968 1.57154 -0.11624 
0.887047 1.56255 0.136477 
0.888171 1.57333 0.1338 
0.651758 1.57407 -0.0607315 
1.02482 1.56785 -0.0582374 
1.02433 1.57749 -0.0597069 
0.777637 1.573 0.141636 
0.713816 1.56694 -0.118717 
1.0569 1.56602 0.0142562 
1.05705 1.57541 0.0130779 
0.686044 1.57514 0.107218 
0.814094 1.56648 -0.140238 
0.812925 1.57805 -0.143411 
0.997097 1.5714 0.0822921 
0.64341 1.56695 0.0355676 
0.925011 1.56242 -0.115643 
0.923995 1.57287 -0.117995 
0.8909 1.56329 0.134938 
0.89202 1.57403 0.132292 
0.651127 1.56797 -0.0559568 
1.02183 1.57126 -0.06088 
0.780819 1.56914 0.143071 
0.710577 1.57372 -0.11929 
1.05715 1.57029 0.0112761 
0.688088 1.5688 0.110686 
0.811121 1.56217 -0.1388 
0.809926 1.57377 -0.141991 
0.999264 1.5636 0.0816367 
0.99999 1.57343 0.0799197 
0.644235 1.57365 0.0362414 
0.920636 1.57209 -0.119085 
0.894147 1.56213 0.133977 
0.895251 1.57284 0.131355 
0.650171 1.57391 -0.0552149 
1.01976 1.56283 -0.0614505 
1.01921 1.57251 -0.0629592 
0.783474 1.56366 0.144896 
0.784667 1.57556 0.141509 
0.708827 1.56598 -0.115644 
0.707811 1.57891 -0.11952 
1.05718 1.56306 0.00999502 
1.05728 1.57245 0.00881937 
0.690754 1.57406 0.110424 
0.807475 1.56783 -0.140103 
0.806317 1.57948 -0.143318 
1.00171 1.56377 0.0797771 
1.00242 1.57358 0.0780831 
0.644646 1.56475 0.0414979 
0.64501 1.57869 0.0371311 
0.917806 1.56953 -0.119616 
0.897966 1.57005 0.13091 
0.649882 1.5645 -0.0499376 
0.649399 1.57837 -0.0542584 
1.01749 1.56229 -0.0630323 
1.01692 1.57199 -0.0645608 
0.786848 1.56871 0.143681 
0.706402 1.56981 -0.115585 
1.05723 1.5635 0.00797002 
1.05731 1.57289 0.00679545 
0.692144 1.56479 0.114431 
0.693135 1.57795 0.11043 
0.80428 1.57223 -0.141072 
1.0038 1.56242 0.0783552 
1.00449 1.57221 0.0766789 
0.645315 1.56847 0.0425561 
0.915416 1.56554 -0.119697 
0.914394 1.57608 -0.122129 
0.900277 1.56594 0.130864 
0.90139 1.5766 0.128293 
0.649197 1.56775 -0.0488108 
1.0149 1.57005 -0.0657787 
0.789869 1.57263 0.142763 
0.704265 1.57262 -0.115318 
1.05724 1.56257 0.00628545 
1.0573 1.57197 0.00511129 
0.694261 1.56766 0.114635 
0.802606 1.56395 -0.138543 
0.801427 1.57565 -0.141791 
1.0063 1.56967 0.0756052 
1.00701 1.57944 0.0739624 
0.645929 1.57117 0.0437472 
0.912316 1.57104 -0.121882 
0.90337 1.5715 0.128564 
0.648601 1.57012 -0.0475652 
1.01311 1.56706 -0.0667094 
1.01254 1.57679 -0.0682842 
0.791426 1.56391 0.145408 
0.792623 1.57571 0.142073 
0.702331 1.57468 -0.114907 
1.05728 1.57006 0.00367416 
1.05735 1.57945 0.00250158 
