1.22367 0.00112949 -0.0251481 
1.23309 0.0023938 0.0147806 
1.22196 0.00532266 0.0203407 
1.22984 0.0061734 -0.02566 
1.22754 0.00227099 0.040582 
1.22292 0.00447808 -0.0178908 
1.23343 0.000853149 0.00544369 
1.23335 0.00859187 0.00842487 
1.2223 0.00750389 0.0288286 
1.2282 0.000538338 -0.0310062 
1.22845 0.00830278 -0.0280102 
1.22896 0.00407452 0.0386061 
1.22234 0.0068385 -0.00961131 
1.23329 0.00709404 -0.000960829 
1.22317 0.00281763 0.0333542 
1.22676 0.00115904 -0.0318678 
1.23028 0.00728664 0.0352245 
1.22193 0.00072356 -0.00366339 
1.22193 0.00852103 -0.000627448 
1.23275 0.00525449 -0.010018 
1.22392 0.00711687 0.0396836 
1.22537 0.000236737 -0.0311884 
1.22563 0.00801566 -0.0281796 
1.2317 0.00396702 0.0276517 
1.2218 0.00207711 0.00566418 
1.23177 0.00270907 -0.0183896 
1.2252 0.00502261 0.0415989 
1.22437 0.0056046 -0.0259946 
1.23274 0.00160683 0.0191317 
1.22186 0.00347214 0.0149566 
1.23063 0.00689226 -0.0227748 
1.22661 0.0044425 0.0419995 
1.2233 0.00183244 -0.0224395 
1.23321 0.0076147 0.012968 
1.22212 0.00527486 0.0238339 
1.22908 0.00205077 -0.0288992 
1.22805 0.00540442 0.0408595 
1.22263 0.00470881 -0.0146956 
1.2334 0.00614023 0.00356276 
1.22285 3.50798e-05 0.0289211 
1.22255 0.00782802 0.0319412 
1.22765 0.00352234 -0.030604 
1.22979 8.97773e-05 0.035259 
1.22944 0.00784705 0.0382417 
1.22213 0.00672817 -0.00606301 
1.2331 0.00453787 -0.00572409 
1.22353 0.00364121 0.0359622 
1.22622 0.00346308 -0.0307828 
1.23102 0.003872 0.0313159 
1.22185 0.000422744 8.25445e-05 
1.22182 0.00822069 0.00311887 
1.23234 0.00242808 -0.0145203 
1.22472 0.000751496 0.0386827 
1.22433 0.00853472 0.041685 
1.22488 0.00187079 -0.029428 
1.23226 0.0010153 0.0232877 
1.22182 0.00174882 0.00944223 
1.23134 0.00721377 -0.0194992 
1.22568 0.00709843 0.0429375 
1.22393 0.00661986 -0.0236013 
1.23293 0.00671826 0.0174296 
1.22198 0.00327995 0.0185975 
1.22992 0.00311072 -0.0263469 
1.22711 0.00719955 0.0426528 
1.22296 0.00231186 -0.0195015 
1.23338 0.00514656 0.00812376 
1.22232 0.00537454 0.0271767 
1.22853 0.00540478 -0.0288654 
1.22893 0.00106484 0.0378611 
1.22238 0.00477105 -0.0113266 
1.23333 0.00366342 -0.00127652 
1.22316 0.000567115 0.0318273 
1.22284 0.00835841 0.0348433 
1.2271 0.00620794 -0.0299 
1.23026 0.00412455 0.0346357 
1.22197 0.00651424 -0.00240719 
1.2328 0.0018815 -0.0103913 
1.22391 0.00471787 0.0383126 
1.2257 0.00546822 -0.0293944 
1.23167 0.000678386 0.0271904 
1.2314 0.00842613 0.0301703 
1.22181 8.94725e-05 0.00386365 
1.22175 0.00788764 0.00689982 
1.23197 0.0071793 -0.0158742 
1.22518 0.00245647 0.0403998 
1.22442 0.00322278 -0.0273802 
1.23253 0.00596788 0.0217453 
1.22188 0.00146081 0.0131804 
1.23071 0.00374572 -0.023377 
1.22658 0.00170041 0.040981 
1.22353 0.00738631 -0.0209537 
1.23322 0.00418035 0.0126556 
1.22213 0.00319848 0.022126 
1.22939 0.00681888 -0.0266652 
1.22802 0.0024878 0.0400201 
1.22267 0.00259066 -0.016357 
1.23343 0.00269602 0.00326058 
1.22257 0.00564899 0.0303414 
1.22772 0.000701327 -0.031536 
1.22798 0.00846819 -0.0285381 
1.22942 0.00476741 0.0375694 
1.22217 0.00469252 -0.007812 
1.23314 0.00112764 -0.00605999 
1.22352 0.00132793 0.0345008 
1.22629 0.000818576 -0.0318959 
1.22655 0.00859277 -0.0288915 
1.23099 0.000650219 0.0307865 
1.23068 0.00840143 0.033767 
1.22185 0.00622759 0.00132455 
1.2325 0.00683705 -0.0119473 
1.22433 0.00606359 0.0403893 
1.22519 0.00717977 -0.0277077 
1.23201 0.00542593 0.0258535 
1.22173 0.0075541 0.0106823 
1.23142 0.00399119 -0.0200246 
1.22566 0.00445503 0.0418188 
1.22399 0.00430548 -0.0250575 
1.23293 0.00330834 0.0170922 
1.22199 0.00124479 0.0168461 
1.22999 3.02299e-05 -0.0270148 
1.23021 0.00778567 -0.0240247 
1.22709 0.00437958 0.0417154 
1.223 0.00013204 -0.0210973 
1.22316 0.00792354 -0.0180713 
1.23339 0.00170244 0.00782116 
1.22233 0.00325711 0.0255118 
1.22861 0.00248713 -0.0296995 
1.22853 0.00583588 0.0400822 
1.22241 0.00269407 -0.0130316 
1.23336 0.00022893 -0.00158822 
1.23335 0.00796791 0.00139398 
1.22285 0.0061235 0.0333021 
1.22717 0.0034647 -0.0309127 
1.23022 0.000978899 0.0340291 
1.222 0.00450255 -0.00418163 
1.23292 0.00624125 -0.00777207 
1.2239 0.00233718 0.0369216 
1.22577 0.00290091 -0.0305878 
1.23138 0.00515061 0.029697 
1.22178 0.00589991 0.00509969 
1.23204 0.00388996 -0.0163321 
1.22477 0.00769124 0.0421794 
1.22447 0.000822716 -0.028746 
1.2247 0.00860635 -0.025731 
1.23252 0.00259536 0.0213697 
1.22175 0.00725227 0.0144331 
1.23077 0.000582854 -0.0239616 
1.23096 0.00833441 -0.0209732 
1.22615 0.00675257 0.0429344 
1.22358 0.00513476 -0.0224757 
1.23322 0.000749983 0.0123386 
1.23308 0.00848984 0.015319 
1.22214 0.00113165 0.0204076 
1.22947 0.0038082 -0.0274051 
1.2276 0.0073574 0.042147 
1.2227 0.00046062 -0.0180054 
1.22283 0.00825376 -0.0149764 
1.2334 0.00698935 0.00594102 
1.22257 0.0034836 0.0287267 
1.22806 0.00562668 -0.029451 
1.22938 0.00170568 0.0368777 
1.2222 0.00264934 -0.00955276 
1.23322 0.00545116 -0.00340696 
1.22317 0.00682106 0.0360354 
1.22663 0.0059276 -0.0299852 
1.23066 0.00519482 0.0332239 
1.22189 0.00423175 -0.000466822 
1.23256 0.00349153 -0.0123485 
1.22432 0.00361163 0.0390727 
1.22526 0.00468795 -0.0289797 
1.23199 0.00210302 0.0254274 
1.22176 0.00556335 0.00888518 
1.23148 0.000754096 -0.0205344 
1.23164 0.00850216 -0.0175475 
1.22564 0.00183195 0.0406781 
1.22404 0.00197393 -0.026495 
1.23275 0.0076465 0.0197277 
1.22183 0.00701401 0.0181196 
1.23029 0.00468726 -0.0246759 
1.22706 0.00157989 0.0407559 
1.22322 0.00572946 -0.0196536 
1.23331 0.00599897 0.0104979 
1.22234 0.00115112 0.0238344 
1.22893 0.00731197 -0.0275191 
1.2285 0.00286432 0.039299 
1.22244 0.000607046 -0.0147255 
1.22254 0.00840161 -0.011694 
1.23339 0.00452997 0.00108558 
1.22286 0.0039038 0.0317442 
1.22724 0.00070113 -0.0319035 
1.2275 0.00847044 -0.0289037 
1.22986 0.00560527 0.0363883 
1.22203 0.00248541 -0.0059501 
1.23297 0.00285123 -0.00812842 
1.22353 0.00776205 0.0385207 
1.22582 0.000313597 -0.0317596 
1.22609 0.00809016 -0.0287533 
1.23136 0.00188854 0.0292091 
1.22181 0.00391162 0.00330011 
1.2321 0.000588188 -0.0167767 
1.23222 0.00833322 -0.0137913 
1.22476 0.00516499 0.0409403 
1.22477 0.00618748 -0.0270791 
1.23229 0.00697565 0.0239645 
1.22178 0.00525016 0.0126478 
1.23104 0.00515521 -0.0215427 
1.22613 0.00405153 0.0418749 
1.22363 0.00286731 -0.0239804 
1.23309 0.005064 0.0149981 
1.22194 0.00687045 0.0217097 
1.22954 0.000778987 -0.0281251 
1.22977 0.00853666 -0.0251334 
1.22757 0.0044806 0.0412678 
1.22288 0.00611115 -0.0166128 
1.23342 0.00354349 0.00564043 
1.22258 0.00133141 0.0270976 
1.22814 0.00276517 -0.0303425 
1.22899 0.00642166 0.0391511 
1.22222 0.000598074 -0.0112846 
1.2223 0.00839383 -0.00825122 
1.23326 0.00202922 -0.00373124 
1.22318 0.00454132 0.0345404 
1.2267 0.00324211 -0.0310571 
1.23063 0.00200363 0.032664 
1.22191 0.00223259 -0.00225456 
1.23261 0.000135895 -0.012739 
1.2327 0.00787843 -0.00975477 
1.2243 0.00117864 0.0377354 
1.22532 0.00217667 -0.0302307 
1.23172 0.00653805 0.0279695 
1.22178 0.00357424 0.00708623 
1.23171 0.00525061 -0.0180439 
1.22522 0.00700773 0.042514 
1.22431 0.00741057 -0.0248967 
1.23275 0.00425057 0.0193763 
1.22185 0.0049923 0.0163548 
1.23036 0.00157163 -0.0253086 
1.22663 0.0065719 0.0427666 
1.22326 0.00352096 -0.0212202 
1.23332 0.0025589 0.0101911 
1.22211 0.00685167 0.0251725 
1.22901 0.0043551 -0.0283139 
1.22808 0.00767609 0.0414809 
1.22259 0.00630385 -0.0133776 
1.23341 0.00108933 0.000779911 
1.22286 0.0016989 0.0301702 
1.22758 0.00568618 -0.0298752 
1.22983 0.00249362 0.0357476 
1.22205 0.000462245 -0.00771195 
1.2221 0.00825897 -0.00467703 
1.23306 0.00719423 -0.00549356 
1.22353 0.00541723 0.0370937 
1.22616 0.0054824 -0.0299059 
1.23105 0.00638982 0.0316876 
1.22183 0.0019222 0.00150178 
1.23229 0.00501916 -0.0142245 
1.22474 0.00265842 0.0396798 
1.22483 0.00374989 -0.028407 
1.23228 0.0036223 0.0235697 
1.2218 0.00325185 0.0108583 
1.23111 0.0019604 -0.0220955 
1.2261 0.00137092 0.0407931 
1.22367 0.00058361 -0.0254674 
1.22388 0.00837147 -0.0224467 
1.23309 0.00164331 0.0146714 
1.22197 0.00482116 0.0199738 
1.22985 0.00548876 -0.025836 
1.22754 0.00162381 0.0403668 
1.22293 0.00395574 -0.0182352 
1.23343 9.77509e-05 0.00533953 
1.23336 0.00783645 0.00832083 
1.22231 0.00698632 0.0284788 
1.22846 0.00764814 -0.0282171 
1.22896 0.00339673 0.0384226 
1.22234 0.0063338 -0.00997457 
1.2333 0.00634167 -0.00106797 
1.22318 0.0022778 0.0330276 
1.22676 0.000536267 -0.032107 
1.22703 0.00830801 -0.0291052 
1.23028 0.00658139 0.0350693 
1.22193 0.000229543 -0.004038 
1.22194 0.00802699 -0.0010021 
1.23276 0.00451292 -0.010136 
1.22392 0.00654987 0.0393858 
1.22564 0.00742463 -0.0284522 
1.2317 0.00323911 0.0275194 
1.2218 0.00158618 0.00528612 
1.23178 0.00198537 -0.0185256 
1.22521 0.00442518 0.0413326 
1.22437 0.00504349 -0.0262982 
1.23274 0.000862442 0.0190162 
1.23253 0.0086048 0.021996 
1.22187 0.00297654 0.0145834 
1.23064 0.00619231 -0.0229352 
1.22661 0.00381311 0.0417662 
1.2233 0.00129762 -0.0227706 
1.23321 0.00686106 0.0128621 
1.22212 0.0047671 0.0234736 
1.22909 0.0013791 -0.0290882 
1.22805 0.00474343 0.0406589 
1.22264 0.00419508 -0.0150492 
1.23341 0.00538518 0.00345833 
1.22256 0.0073013 0.0316011 
1.22766 0.00288169 -0.0308249 
1.22945 0.00715664 0.0380714 
1.22214 0.00622909 -0.00643227 
1.23311 0.00378936 -0.00583509 
1.22353 0.00308989 0.0356476 
1.22623 0.00285446 -0.0310368 
1.23102 0.00315605 0.0311714 
1.22182 0.00772897 0.00274174 
1.23235 0.00169361 -0.0146454 
1.22472 0.000171354 0.038398 
1.22434 0.00795457 0.0414011 
1.22489 0.00129335 -0.0297143 
1.23226 0.00027927 0.0231636 
1.23202 0.00802404 0.0261436 
1.22182 0.00125678 0.00906529 
1.23135 0.00649991 -0.0196455 
1.22568 0.00648695 0.0426859 
1.22394 0.00607091 -0.0239178 
1.23294 0.00596884 0.0173194 
1.22198 0.00277986 0.0182291 
1.22993 0.00242283 -0.0265194 
1.22712 0.00655605 0.0424343 
1.22297 0.00178709 -0.0198433 
1.23338 0.00439132 0.00801948 
1.22233 0.00485918 0.0268245 
1.22854 0.00474657 -0.0290684 
1.22892 0.000390475 0.0376738 
1.22855 0.00815215 0.040658 
1.22238 0.00426466 -0.011688 
1.23334 0.00291031 -0.00138289 
1.22317 3.01562e-05 0.0314975 
1.22285 0.00782143 0.0345141 
