1.04375 0.782548 -0.00885441 
1.04008 0.79141 -0.0077 
1.09295 0.779741 0.181174 
1.09026 0.788564 0.181023 
0.796935 0.782796 0.264625 
0.792821 0.793775 0.261996 
1.12421 0.78034 -0.0638364 
1.12153 0.788744 -0.0618909 
0.97109 0.783361 0.2961 
0.968198 0.793115 0.294624 
0.861536 0.779165 0.165187 
0.857025 0.789359 0.163476 
1.16734 0.782995 -0.0325969 
1.16502 0.79121 -0.0309135 
0.862687 0.78023 0.338593 
0.859448 0.790871 0.336235 
0.968927 0.782842 0.0602163 
0.964633 0.792184 0.0601679 
1.14926 0.784379 0.0840826 
1.14677 0.79279 0.0848015 
0.795634 0.784729 0.313794 
1.07378 0.783452 -0.0356957 
1.07048 0.792136 -0.034139 
1.05629 0.778155 0.224489 
1.05352 0.787247 0.223897 
0.811727 0.780215 0.234417 
0.807447 0.790974 0.232008 
1.14297 0.778517 -0.0629691 
1.14048 0.786828 -0.0610173 
0.931921 0.783511 0.318604 
0.928945 0.793582 0.316779 
0.893829 0.779277 0.130959 
0.889295 0.789178 0.129724 
1.17052 0.782968 -0.00318148 
1.16818 0.791191 -0.00173691 
0.833401 0.785141 0.336093 
1.00734 0.780869 0.025843 
1.00332 0.789957 0.0264283 
1.12553 0.783857 0.131538 
1.12294 0.792445 0.13184 
0.792302 0.780542 0.293824 
0.788369 0.791646 0.291081 
1.10069 0.781043 -0.0548256 
1.09774 0.789573 -0.0529977 
1.01476 0.782872 0.262609 
1.01194 0.792283 0.261563 
0.831461 0.782266 0.200982 
0.827053 0.792779 0.198847 
1.15629 0.783989 -0.0524044 
1.15391 0.792245 -0.0505599 
0.897816 0.777274 0.333472 
0.894709 0.78762 0.331381 
0.929027 0.781077 0.0967989 
0.924557 0.7907 0.0961076 
1.16576 0.78181 0.0353084 
1.16335 0.790088 0.0364445 
0.810342 0.78721 0.328328 
1.04119 0.782765 -0.00652624 
1.0375 0.791643 -0.00541039 
1.09611 0.777935 0.177787 
1.09343 0.786734 0.177677 
0.796046 0.783246 0.266706 
1.12177 0.783256 -0.0629043 
1.11907 0.791676 -0.0609794 
0.975327 0.779358 0.294626 
0.972427 0.789075 0.293195 
0.859561 0.77856 0.167871 
0.855054 0.788773 0.166132 
1.16766 0.779953 -0.0350356 
1.16535 0.788163 -0.0333223 
0.863972 0.783443 0.337748 
0.860756 0.794078 0.335393 
0.966335 0.782194 0.0628087 
0.962026 0.791553 0.0627187 
1.15111 0.783072 0.0804063 
1.14862 0.791469 0.0811618 
0.79588 0.786244 0.314746 
1.07123 0.784489 -0.0337231 
1.0679 0.793189 -0.0321999 
1.05715 0.785031 0.220923 
1.0544 0.794122 0.220336 
0.810388 0.780308 0.236834 
0.806119 0.791085 0.234405 
1.14059 0.782197 -0.0624806 
1.13809 0.790522 -0.0605456 
0.936335 0.778367 0.318117 
0.933348 0.788397 0.316338 
0.891585 0.778486 0.133649 
0.887049 0.788406 0.13238 
1.17117 0.780779 -0.00616251 
1.16884 0.788994 -0.00468628 
0.837898 0.777003 0.338291 
0.834506 0.787841 0.335769 
1.00473 0.780517 0.0284022 
1.00069 0.789622 0.0289455 
1.12805 0.782438 0.127893 
1.12546 0.791007 0.128235 
0.791982 0.781502 0.295389 
0.788066 0.792616 0.292636 
1.0982 0.782996 -0.0533386 
1.09521 0.791541 -0.0515374 
1.01872 0.779951 0.260225 
1.01589 0.789329 0.259223 
0.829805 0.782 0.203569 
0.825405 0.792533 0.201412 
1.15643 0.780049 -0.0542962 
1.15406 0.788299 -0.052423 
0.899205 0.781232 0.331944 
0.896122 0.791571 0.329857 
0.926598 0.780254 0.0994199 
0.92212 0.789895 0.0986909 
1.16693 0.78018 0.0318827 
1.16453 0.788448 0.0330529 
0.814672 0.778309 0.331255 
0.81112 0.789327 0.328581 
1.03862 0.782931 -0.00417773 
1.03491 0.791825 -0.00310077 
1.09656 0.784936 0.174299 
1.09389 0.793736 0.174192 
0.795195 0.783726 0.268755 
1.12203 0.7777 -0.0638968 
1.11933 0.786113 -0.0619432 
0.976642 0.785131 0.291678 
0.857609 0.777972 0.170552 
0.853106 0.788205 0.168786 
1.16797 0.776844 -0.0374443 
1.16566 0.785048 -0.0357012 
1.16333 0.79327 -0.0339989 
0.865274 0.786696 0.336863 
0.963753 0.781527 0.0654038 
0.959428 0.790903 0.0652724 
1.15291 0.781756 0.0767335 
1.15043 0.790139 0.0775255 
0.799905 0.776697 0.318391 
0.79617 0.787801 0.315648 
1.072 0.776771 -0.0332767 
1.06867 0.78546 -0.0317227 
1.06075 0.78286 0.217904 
1.058 0.791922 0.21736 
0.809078 0.780426 0.23923 
0.80482 0.791221 0.236783 
1.14071 0.777513 -0.0639291 
1.1382 0.785833 -0.0619659 
0.937747 0.783327 0.315795 
0.934784 0.79335 0.31402 
0.889358 0.777704 0.136344 
0.884821 0.787642 0.135042 
1.17179 0.778537 -0.00911278 
1.16947 0.786744 -0.00760504 
0.839005 0.779747 0.337927 
0.835635 0.790581 0.335405 
1.00212 0.780137 0.0309714 
0.99805 0.789258 0.0314725 
1.13052 0.781045 0.124229 
1.12794 0.789595 0.12461 
0.791705 0.782505 0.296911 
0.787806 0.793629 0.294149 
1.09569 0.784882 -0.0518171 
1.09268 0.793443 -0.0500432 
1.02265 0.777108 0.257772 
1.01983 0.786453 0.256813 
0.828171 0.781762 0.206149 
0.823779 0.792313 0.203969 
1.15419 0.784303 -0.0542655 
1.1518 0.792568 -0.0524063 
0.900609 0.785255 0.330363 
0.924182 0.779426 0.102049 
0.919696 0.789084 0.101282 
1.16806 0.778519 0.0284778 
1.16567 0.786777 0.0296819 
0.815464 0.780472 0.331462 
0.811932 0.79149 0.328786 
1.03606 0.783048 -0.00180939 
1.03232 0.791958 -0.000771663 
1.09965 0.783171 0.170889 
1.09698 0.791947 0.170824 
0.794384 0.784238 0.270771 
1.1196 0.78048 -0.062885 
1.11687 0.788908 -0.0609526 
0.980843 0.781281 0.290073 
0.977961 0.790956 0.288692 
0.85568 0.777404 0.17323 
0.851182 0.787655 0.171437 
1.16595 0.781865 -0.0380505 
1.16362 0.790083 -0.0363186 
0.869803 0.779409 0.33824 
0.866593 0.789989 0.335935 
0.96118 0.780842 0.0680016 
0.956841 0.790235 0.0678291 
1.15466 0.78043 0.073066 
1.15218 0.788799 0.0738942 
0.80022 0.778292 0.319247 
0.796504 0.7894 0.3165 
1.06947 0.77766 -0.0312155 
1.06611 0.786365 -0.0296953 
1.06431 0.78073 0.21484 
1.06157 0.789764 0.214339 
0.807797 0.780571 0.241607 
0.803552 0.791384 0.239141 
1.13832 0.781089 -0.0633715 
1.13579 0.789424 -0.0614256 
0.94214 0.778369 0.315151 
0.939167 0.788351 0.313421 
0.887148 0.77693 0.139044 
0.882611 0.786888 0.13771 
1.17006 0.78444 -0.0104927 
1.16773 0.79266 -0.00899403 
0.840135 0.78253 0.337523 
0.836788 0.793359 0.335002 
0.999502 0.77973 0.0335497 
0.995413 0.788867 0.0340085 
1.13293 0.779677 0.120548 
1.13036 0.788208 0.120968 
0.791472 0.783551 0.298389 
1.09619 0.778151 -0.0520644 
1.09318 0.786703 -0.0502612 
1.02374 0.783655 0.254336 
1.02093 0.792997 0.253382 
0.826557 0.781551 0.208719 
0.822174 0.792121 0.206517 
1.15432 0.780256 -0.0560881 
1.15193 0.788516 -0.0542003 
0.905099 0.779055 0.330765 
0.902026 0.789342 0.328728 
0.921779 0.778593 0.104685 
0.917286 0.788269 0.103882 
1.16914 0.776825 0.0250946 
1.16676 0.785073 0.0263324 
1.16437 0.793342 0.0275298 
0.81629 0.782681 0.331621 
0.812779 0.793696 0.328945 
1.03349 0.783117 0.000578249 
1.02972 0.792043 0.00157643 
1.10269 0.781439 0.167449 
1.10003 0.790191 0.167424 
0.793612 0.784783 0.272754 
1.11716 0.783199 -0.0618428 
1.1144 0.791642 -0.0599321 
0.985028 0.777525 0.288383 
0.98214 0.787163 0.287046 
0.853774 0.776854 0.175905 
0.84928 0.787125 0.174085 
1.16622 0.778617 -0.0403709 
1.1639 0.786828 -0.0386094 
0.871116 0.78275 0.337267 
0.867929 0.793324 0.334964 
0.958619 0.78014 0.0706023 
0.954265 0.78955 0.0703888 
1.15635 0.779091 0.0694051 
1.15388 0.787447 0.0702695 
0.800578 0.779929 0.320053 
0.796881 0.791041 0.317301 
1.06694 0.778484 -0.0291275 
1.06355 0.787204 -0.0276415 
1.06785 0.77864 0.211734 
1.0651 0.787646 0.211276 
0.806548 0.780741 0.243961 
0.802314 0.791572 0.241477 
1.13592 0.784619 -0.0627881 
1.13337 0.792969 -0.06086 
0.943544 0.783463 0.312722 
0.940596 0.79344 0.310998 
0.880419 0.786143 0.140382 
1.17062 0.782078 -0.013349 
1.16829 0.790291 -0.0118191 
0.841289 0.785352 0.33708 
0.996886 0.779295 0.0361362 
0.992775 0.788449 0.0365526 
1.1353 0.778331 0.116852 
1.13273 0.786844 0.11731 
0.791283 0.784639 0.299822 
1.0937 0.77989 -0.0504466 
1.09065 0.788458 -0.0486714 
1.02763 0.780931 0.251793 
1.02482 0.790241 0.250883 
0.824966 0.781367 0.21128 
0.820592 0.791957 0.209056 
1.15205 0.784415 -0.0559752 
1.14964 0.792689 -0.0541019 
0.906506 0.783216 0.329072 
0.903456 0.793496 0.327039 
0.91939 0.777757 0.10733 
0.91489 0.787451 0.10649 
1.1678 0.783337 0.0230054 
1.16542 0.791595 0.0242364 
0.817149 0.784934 0.331734 
1.03092 0.783141 0.00298462 
1.02712 0.792082 0.00394294 
1.10569 0.779739 0.163977 
1.10303 0.788469 0.163994 
0.79288 0.785361 0.274702 
1.11745 0.777418 -0.0627094 
1.1147 0.785855 -0.0607698 
0.986303 0.783464 0.285316 
0.983438 0.793098 0.283984 
0.847401 0.786615 0.17673 
1.16416 0.783508 -0.0408719 
1.16183 0.791733 -0.039122 
0.872445 0.786134 0.336251 
0.956068 0.77942 0.073206 
0.951701 0.788847 0.0729518 
1.158 0.777737 0.0657524 
1.15554 0.786079 0.0666527 
0.800978 0.781609 0.320808 
0.797301 0.792723 0.318053 
1.0644 0.779244 -0.0270134 
1.06098 0.787979 -0.0255622 
1.06861 0.785567 0.208171 
0.80533 0.780938 0.246293 
0.801109 0.791786 0.243792 
1.13605 0.779756 -0.0641357 
1.1335 0.788101 -0.0621793 
0.947914 0.778685 0.311924 
0.944957 0.788621 0.310245 
0.878247 0.785409 0.143058 
1.17115 0.779658 -0.0161735 
1.16883 0.787864 -0.0146126 
0.845806 0.777436 0.339069 
0.842464 0.788211 0.336599 
0.994269 0.778836 0.03873 
0.990138 0.788006 0.039104 
1.13761 0.777005 0.113142 
1.13505 0.785501 0.113638 
1.13249 0.79402 0.114095 
0.791138 0.78577 0.30121 
1.09119 0.781563 -0.0487947 
1.08811 0.790146 -0.047048 
1.0315 0.778279 0.249185 
1.02869 0.787557 0.248319 
0.823397 0.781211 0.213831 
0.819032 0.79182 0.211584 
1.15217 0.780264 -0.0577314 
1.14976 0.788534 -0.0558298 
0.910989 0.777207 0.32931 
0.907926 0.787444 0.327324 
0.917014 0.776919 0.109983 
0.912507 0.786631 0.109106 
1.1688 0.781565 0.0197019 
1.16643 0.789814 0.0209661 
0.81804 0.787232 0.331802 
1.02834 0.78312 0.00540913 
1.02452 0.792078 0.0063273 
1.10865 0.778073 0.160477 
1.10599 0.78678 0.160534 
0.792189 0.785974 0.276616 
1.11502 0.779997 -0.0615828 
1.11223 0.788448 -0.0596654 
0.99045 0.779857 0.283502 
0.987579 0.789454 0.282215 
0.845544 0.786126 0.179371 
1.16441 0.780124 -0.0431066 
1.16208 0.788343 -0.0413273 
0.87697 0.779043 0.337441 
0.873791 0.789564 0.335189 
0.95353 0.778685 0.0758131 
0.949149 0.788129 0.0755184 
1.15714 0.784694 0.0630452 
1.15469 0.793045 0.0639409 
0.801421 0.78333 0.321513 
1.06186 0.779939 -0.0248738 
1.05841 0.78869 -0.0234578 
1.07208 0.783524 0.205027 
1.06935 0.792502 0.204616 
0.804145 0.781161 0.248602 
0.799936 0.792027 0.246083 
1.13365 0.783174 -0.0634833 
1.13107 0.791534 -0.0615451 
0.949309 0.78391 0.309394 
0.946376 0.793841 0.307719 
0.876094 0.784686 0.145738 
1.17165 0.777177 -0.0189661 
1.16934 0.785376 -0.0173742 
1.16701 0.793596 -0.0158229 
0.846981 0.780337 0.338548 
0.843661 0.791107 0.336079 
0.991653 0.778351 0.0413302 
0.987501 0.787538 0.0416619 
1.13731 0.784175 0.109954 
1.13477 0.792676 0.110449 
0.791038 0.786945 0.302552 
1.08866 0.783168 -0.047109 
1.08555 0.791767 -0.0453916 
1.03253 0.784943 0.245693 
0.82185 0.781083 0.21637 
0.817495 0.791711 0.214102 
1.14987 0.784331 -0.0575396 
1.14745 0.792615 -0.0556529 
0.912399 0.781511 0.327503 
0.90936 0.791741 0.32552 
0.910138 0.78581 0.111731 
1.16976 0.779757 0.0164227 
1.1674 0.787997 0.0177201 
0.82245 0.778613 0.334451 
0.818962 0.789575 0.331824 
1.02576 0.783057 0.00785115 
1.02191 0.792031 0.00872889 
1.10891 0.785125 0.157046 
1.10627 0.793835 0.157105 
0.791539 0.786623 0.278493 
1.11256 0.782512 -0.060424 
1.10975 0.790978 -0.0585295 
0.991703 0.785903 0.280363 
0.84371 0.785659 0.182007 
1.16464 0.776676 -0.0453141 
1.16231 0.78489 -0.0435055 
1.15997 0.793123 -0.0417383 
0.878309 0.782525 0.336332 
0.875152 0.79304 0.334083 
0.951003 0.777934 0.0784238 
0.94661 0.787396 0.0780889 
1.1587 0.78329 0.0594485 
1.15625 0.791628 0.0603797 
0.801905 0.785094 0.322167 
1.05932 0.780572 -0.0227095 
1.05583 0.789339 -0.0213292 
1.07551 0.781516 0.201844 
1.07279 0.790468 0.201475 
0.802993 0.78141 0.250885 
0.798797 0.792293 0.24835 
1.1338 0.778187 -0.0647717 
1.13122 0.786541 -0.0628052 
0.953654 0.779306 0.308445 
0.950711 0.789197 0.306816 
0.873962 0.783975 0.14842 
0.869438 0.794054 0.146886 
1.16982 0.782827 -0.0201039 
1.1675 0.791039 -0.0185218 
0.848176 0.783275 0.337989 
0.844879 0.79404 0.335522 
0.989038 0.777842 0.0439362 
0.984866 0.787046 0.0442255 
1.13953 0.782864 0.106259 
1.13699 0.791348 0.106792 
0.794829 0.777049 0.306597 
0.790982 0.788162 0.303848 
1.08613 0.784707 -0.0453902 
1.08299 0.793321 -0.0437027 
1.03635 0.782395 0.243006 
1.03356 0.79164 0.242189 
0.820326 0.780982 0.218897 
0.815981 0.791629 0.216608 
1.14998 0.780079 -0.0592321 
1.14756 0.788358 -0.0573171 
0.913821 0.785884 0.325641 
0.907784 0.784989 0.114365 
1.17068 0.777911 0.0131689 
1.16832 0.786142 0.0144992 
0.823381 0.781003 0.334429 
0.819915 0.791962 0.331802 
1.02318 0.782954 0.01031 
1.0193 0.791944 0.0111471 
1.11177 0.783503 0.153528 
1.10914 0.792191 0.153628 
0.79093 0.787309 0.280334 
1.1101 0.784963 -0.0592326 
1.10726 0.793445 -0.0573615 
0.995811 0.782441 0.27843 
0.992958 0.791999 0.277192 
0.841898 0.785215 0.184639 
1.16253 0.781374 -0.0456573 
1.16019 0.789602 -0.0438609 
0.879663 0.786057 0.335176 
0.948489 0.777169 0.0810386 
0.944083 0.786648 0.0806637 
1.1602 0.781865 0.0558639 
1.15776 0.79019 0.0568304 
0.80243 0.7869 0.322771 
1.05677 0.781143 -0.020521 
1.05326 0.789926 -0.0191769 
1.07891 0.779542 0.198623 
1.07619 0.788467 0.198297 
0.801876 0.781686 0.253144 
0.797693 0.792586 0.250591 
1.13139 0.781487 -0.0640492 
1.12879 0.789857 -0.0621013 
0.955037 0.784658 0.305816 
0.87185 0.783277 0.151104 
0.867328 0.793375 0.14954 
1.17027 0.780213 -0.0228016 
1.16795 0.788419 -0.0211889 
0.849392 0.78625 0.337391 
0.986425 0.777309 0.0465473 
0.982234 0.78653 0.0467941 
1.14169 0.781565 0.102556 
1.13915 0.790033 0.103126 
0.7948 0.778302 0.307853 
0.790971 0.789423 0.305096 
1.08673 0.777574 -0.045356 
1.08359 0.786179 -0.0436388 
1.04014 0.779911 0.240261 
1.03735 0.789126 0.239487 
0.818826 0.780909 0.221412 
0.814491 0.791575 0.219102 
1.14766 0.784054 -0.0589644 
1.14522 0.792348 -0.0570647 
0.918282 0.780146 0.325656 
0.915255 0.790326 0.323724 
0.905443 0.78417 0.117007 
0.900927 0.793978 0.115944 
1.1692 0.784248 0.0113042 
1.16684 0.79249 0.0126269 
0.824343 0.783438 0.334363 
1.02059 0.782812 0.012785 
1.01669 0.791818 0.0135811 
1.11459 0.781915 0.149984 
1.11197 0.790582 0.150124 
0.794377 0.776983 0.284829 
0.790363 0.788031 0.282138 
1.11046 0.778876 -0.0599085 
1.10762 0.787351 -0.0580084 
0.9999 0.779069 0.276417 
0.997042 0.788592 0.275224 
0.840109 0.784794 0.187267 
1.16274 0.777797 -0.0477834 
1.1604 0.78602 -0.0459578 
0.884181 0.779178 0.336171 
0.881032 0.789639 0.333973 
0.94157 0.785887 0.0832432 
1.16166 0.780418 0.0522924 
1.15922 0.788731 0.0532941 
0.806633 0.777677 0.326042 
0.802996 0.788748 0.323325 
1.05422 0.781653 -0.018309 
1.05068 0.790452 -0.0170015 
1.08228 0.777601 0.195365 
1.07956 0.7865 0.195082 
0.800794 0.781989 0.255375 
0.796624 0.792905 0.252807 
1.12896 0.784734 -0.0633005 
1.12634 0.793119 -0.0613717 
0.959354 0.780222 0.304722 
0.956427 0.790068 0.303142 
0.86976 0.782592 0.153789 
0.865239 0.792709 0.152195 
1.17069 0.777535 -0.0254673 
1.16838 0.785734 -0.023824 
1.16606 0.793953 -0.0222213 
0.85392 0.77855 0.339172 
0.850628 0.78926 0.336756 
0.983815 0.776754 0.0491627 
0.979605 0.785992 0.0493672 
1.1438 0.780276 0.0988451 
1.14127 0.788727 0.0994534 
0.794816 0.779598 0.30906 
0.791005 0.790725 0.306297 
1.08422 0.778963 -0.0435423 
1.08104 0.787583 -0.0418555 
1.04391 0.777488 0.237459 
1.04112 0.786672 0.236729 
0.817349 0.780864 0.223913 
0.813024 0.791549 0.221582 
1.14776 0.779701 -0.0605953 
1.14532 0.78799 -0.0586674 
0.919704 0.784664 0.32368 
0.903117 0.783353 0.119657 
0.898596 0.793179 0.11856 
1.17004 0.782313 0.00813596 
1.16769 0.790547 0.00949127 
