1.04558 0.782921 -0.0228226 
1.04194 0.791753 -0.0215092 
1.10559 0.779088 0.177496 
1.10298 0.787828 0.177427 
0.778686 0.782393 0.277802 
0.77457 0.793554 0.274987 
1.12669 0.779586 -0.0848971 
1.12411 0.787955 -0.0827461 
0.983434 0.783684 0.297963 
0.980627 0.793352 0.296552 
0.835803 0.783715 0.178435 
0.831255 0.794121 0.176414 
1.17407 0.784782 -0.0633944 
1.17188 0.792937 -0.0614585 
0.868481 0.784723 0.350558 
0.943372 0.777437 0.0752025 
0.938883 0.786923 0.0748238 
1.17452 0.780916 0.0405122 
1.17218 0.789149 0.0416267 
0.789399 0.786071 0.338131 
1.05431 0.777696 -0.0300772 
1.05077 0.786472 -0.0286227 
1.09756 0.781469 0.186968 
1.09493 0.790269 0.186795 
0.779266 0.786348 0.270695 
1.12949 0.783942 -0.0845973 
1.12694 0.792301 -0.0824631 
0.975495 0.781583 0.304316 
0.972666 0.791312 0.302833 
0.843657 0.779584 0.172069 
0.839083 0.789906 0.170159 
1.17655 0.782865 -0.0593947 
1.17437 0.791009 -0.0574871 
0.863231 0.780039 0.352362 
0.860087 0.790697 0.349958 
0.948554 0.783782 0.0678031 
0.944099 0.793237 0.0675018 
1.17142 0.781238 0.0505792 
1.16907 0.789495 0.051611 
0.786237 0.78576 0.335208 
1.05997 0.780169 -0.0360052 
1.0565 0.788913 -0.0344756 
1.08929 0.782725 0.196655 
1.08665 0.791586 0.19638 
0.784742 0.778671 0.266015 
0.780542 0.789732 0.263291 
1.1353 0.778407 -0.0864159 
1.13282 0.786732 -0.0842483 
0.967469 0.778619 0.310697 
0.964615 0.788409 0.309145 
0.847734 0.785236 0.163572 
1.17932 0.779043 -0.0550498 
1.17716 0.787174 -0.0531675 
0.854944 0.785158 0.35165 
0.959029 0.779896 0.0602912 
0.954621 0.789277 0.0601686 
1.16826 0.779621 0.0611534 
1.16588 0.787903 0.0621049 
0.783629 0.784588 0.331992 
1.06637 0.781232 -0.0421478 
1.06298 0.789939 -0.0405341 
1.08084 0.782293 0.206747 
1.07818 0.791216 0.206372 
0.786899 0.781225 0.258265 
0.782669 0.79225 0.255573 
1.13926 0.779343 -0.0861047 
1.13681 0.78765 -0.083944 
0.956494 0.784248 0.315602 
0.857369 0.779957 0.156559 
0.852768 0.790145 0.154841 
1.18032 0.781075 -0.0484581 
1.17815 0.789207 -0.0466353 
0.849994 0.778406 0.353347 
0.846778 0.789174 0.350854 
0.966039 0.784464 0.0522055 
0.96168 0.793801 0.0521934 
1.16263 0.784128 0.0731894 
1.16023 0.792454 0.0740243 
0.781661 0.782397 0.32848 
0.777947 0.793696 0.32555 
1.07353 0.780751 -0.0485617 
1.07024 0.789416 -0.0468551 
1.07223 0.780009 0.21732 
1.06954 0.788993 0.216846 
0.789946 0.782871 0.250186 
0.785681 0.793849 0.247537 
1.14388 0.778393 -0.0858645 
1.14148 0.786677 -0.0837048 
0.948326 0.778847 0.322182 
0.945434 0.788791 0.320459 
0.863354 0.784208 0.147512 
1.18164 0.780843 -0.0414882 
1.17947 0.788974 -0.0397211 
0.841982 0.781277 0.352546 
0.83874 0.792116 0.349991 
0.978217 0.778883 0.0435442 
0.973928 0.788136 0.0437445 
1.15926 0.778407 0.08485 
1.15683 0.786757 0.0856097 
0.780355 0.779358 0.324628 
0.776584 0.790649 0.321709 
1.0813 0.778825 -0.0551746 
1.07811 0.787443 -0.0533698 
1.06074 0.785257 0.227713 
0.793763 0.783833 0.241811 
1.14664 0.784143 -0.0834718 
1.14427 0.792419 -0.0813518 
0.93719 0.782688 0.326921 
0.93429 0.792728 0.325096 
0.874695 0.77796 0.139756 
0.870076 0.787988 0.138292 
1.18312 0.778795 -0.0340694 
1.18093 0.786923 -0.0323556 
0.834094 0.783491 0.351602 
0.986599 0.781965 0.0346725 
0.982376 0.791166 0.0350101 
1.15317 0.779852 0.0976313 
1.15071 0.788247 0.0982774 
0.775813 0.78723 0.317481 
1.08628 0.784364 -0.0598819 
1.08317 0.792958 -0.0580387 
1.05175 0.780837 0.238709 
1.04903 0.789974 0.238004 
0.798075 0.784571 0.233217 
1.15201 0.780688 -0.0831161 
1.14969 0.788935 -0.0809913 
0.928923 0.776674 0.333031 
0.925978 0.786775 0.331146 
0.881771 0.781708 0.130406 
0.877155 0.791675 0.129044 
1.18227 0.783882 -0.0245121 
1.18007 0.792024 -0.0228901 
0.826301 0.785769 0.350366 
0.995075 0.784782 0.025742 
0.990922 0.793931 0.0262191 
1.14659 0.781245 0.110403 
1.14411 0.789689 0.110934 
0.775477 0.784115 0.312827 
1.09434 0.780694 -0.0661117 
1.09133 0.789239 -0.0641748 
1.04255 0.776859 0.249444 
1.0398 0.786062 0.248641 
0.802515 0.785656 0.224518 
1.15723 0.777097 -0.0824715 
1.15495 0.785317 -0.0803447 
1.15264 0.793554 -0.078259 
0.917644 0.781905 0.336511 
0.914693 0.792106 0.334523 
0.888753 0.785775 0.121213 
1.18318 0.780844 -0.0162256 
1.18097 0.788987 -0.0146598 
0.821938 0.777939 0.351338 
0.818563 0.788939 0.348655 
1.00724 0.778656 0.0163492 
1.00318 0.787722 0.0170417 
1.13939 0.783726 0.122851 
1.13688 0.792225 0.123263 
0.775371 0.78197 0.307737 
0.771464 0.793258 0.304817 
1.10192 0.776972 -0.0717778 
1.09902 0.785472 -0.0697594 
1.09608 0.793995 -0.067796 
1.03032 0.783697 0.258609 
1.02758 0.792999 0.257669 
0.81116 0.776908 0.218196 
0.806729 0.787599 0.215839 
1.15975 0.782265 -0.0792592 
1.15748 0.790478 -0.0771764 
0.909281 0.778963 0.340918 
0.906294 0.789231 0.338868 
0.899865 0.780671 0.113443 
0.895259 0.790486 0.11236 
1.18344 0.778684 -0.00758307 
1.18121 0.78683 -0.0060786 
0.814239 0.782617 0.349054 
0.810842 0.793688 0.346308 
1.01456 0.782047 0.00802551 
1.01058 0.791069 0.00883689 
1.13401 0.77963 0.134362 
1.13147 0.788165 0.134689 
0.775304 0.781261 0.302239 
0.77135 0.792529 0.299334 
1.106 0.782066 -0.0745959 
1.10316 0.790548 -0.0725632 
1.02058 0.78365 0.267593 
1.01783 0.793027 0.266551 
0.81493 0.780068 0.209584 
0.810475 0.790712 0.207278 
1.1639 0.780206 -0.0776356 
1.16167 0.788398 -0.0755629 
0.900876 0.778424 0.344223 
0.897863 0.788762 0.342107 
0.905667 0.786222 0.104958 
1.1829 0.777914 0.00131 
1.18066 0.78607 0.00274691 
0.809985 0.778143 0.348802 
0.806533 0.789241 0.346039 
1.02495 0.776992 -0.000615851 
1.02106 0.785946 0.0003772 
1.12795 0.777778 0.145304 
1.12539 0.786356 0.14554 
0.775161 0.782148 0.296375 
0.771167 0.793401 0.293482 
1.11223 0.779188 -0.0786133 
1.10947 0.787633 -0.0765258 
1.01338 0.776771 0.276558 
1.01059 0.786197 0.275449 
0.818157 0.784445 0.201145 
1.16738 0.779204 -0.0754459 
1.16517 0.78738 -0.0733907 
0.892425 0.780323 0.346423 
0.889394 0.790734 0.344237 
0.91535 0.782828 0.097805 
0.910773 0.792522 0.0969645 
1.18159 0.778598 0.0103684 
1.17933 0.786767 0.0117315 
0.802293 0.786627 0.345106 
1.03063 0.78135 -0.00764677 
1.02681 0.790272 -0.00656716 
1.12127 0.778046 0.155643 
1.1187 0.786673 0.155784 
0.774936 0.78449 0.29019 
1.11782 0.776737 -0.0818634 
1.11513 0.78515 -0.0797334 
1.1124 0.793585 -0.0776536 
1.00315 0.781615 0.283418 
1.00036 0.791125 0.282201 
0.825451 0.779341 0.195035 
0.820941 0.78986 0.192873 
1.17027 0.778988 -0.0727238 
1.16809 0.78715 -0.0706923 
0.883938 0.784309 0.347627 
0.924478 0.780079 0.0908709 
0.919923 0.789703 0.0901802 
1.1796 0.780385 0.0195548 
1.17731 0.788574 0.0208389 
0.798154 0.785511 0.343561 
1.03952 0.77702 -0.0152875 
1.0358 0.785885 -0.0140572 
1.11406 0.779905 0.165469 
1.11147 0.788585 0.165511 
0.778815 0.776739 0.286538 
0.774728 0.787913 0.283716 
1.12037 0.782775 -0.0823235 
1.11771 0.79118 -0.0802084 
0.995524 0.778693 0.290626 
0.992716 0.78826 0.289336 
0.828032 0.785485 0.186845 
1.17278 0.779031 -0.069536 
1.17061 0.787184 -0.0675325 
0.878526 0.779243 0.350304 
0.875442 0.78977 0.348014 
0.933353 0.777648 0.0840473 
0.928824 0.787205 0.0835038 
1.17707 0.782632 0.0288912 
1.17477 0.790843 0.030093 
0.794188 0.785346 0.341493 
1.04444 0.7814 -0.0213287 
1.04078 0.790237 -0.0200297 
1.10642 0.782569 0.174966 
1.10382 0.791305 0.174906 
0.778828 0.780745 0.279784 
0.774716 0.791907 0.276969 
1.12546 0.78003 -0.0844799 
1.12286 0.788406 -0.0823344 
0.98492 0.786265 0.295954 
0.835258 0.781491 0.180719 
0.83071 0.791902 0.178691 
1.17513 0.778662 -0.0659522 
1.17297 0.786806 -0.0639782 
0.870054 0.785361 0.350161 
0.937837 0.784655 0.0767759 
1.1742 0.784539 0.0384563 
1.17187 0.792775 0.0395743 
0.790498 0.785497 0.338999 
1.04952 0.785181 -0.027152 
1.04593 0.793991 -0.025784 
1.09845 0.785149 0.18437 
1.09584 0.793945 0.184207 
0.779258 0.784781 0.272753 
1.12815 0.784725 -0.0842209 
1.12558 0.793091 -0.0820928 
0.977004 0.7843 0.302317 
0.974188 0.794019 0.300845 
0.842943 0.777459 0.174392 
0.83837 0.787788 0.172472 
1.17755 0.777167 -0.0620195 
1.17539 0.785301 -0.0600745 
1.17322 0.793452 -0.058168 
0.864772 0.780823 0.352014 
0.861638 0.791469 0.34962 
0.94732 0.781697 0.0698031 
0.942855 0.791159 0.0694842 
1.17347 0.777059 0.0472947 
1.17112 0.7853 0.0483686 
1.16877 0.793561 0.0494034 
0.78721 0.785353 0.336159 
1.05857 0.779203 -0.0344886 
1.05508 0.787954 -0.0329764 
1.09288 0.77797 0.194157 
1.09024 0.786801 0.193929 
0.784526 0.777289 0.268157 
0.780332 0.788355 0.265429 
1.13383 0.779635 -0.0860367 
1.13133 0.787968 -0.083876 
0.968993 0.781632 0.308659 
0.966153 0.791412 0.307116 
0.846788 0.783289 0.165946 
0.84221 0.793581 0.164076 
1.17808 0.78203 -0.0558297 
1.17591 0.790168 -0.0539493 
0.856452 0.786209 0.351324 
0.95755 0.778049 0.0623847 
0.953131 0.787438 0.06224 
1.16796 0.784252 0.0587581 
1.16559 0.792537 0.0597118 
0.784446 0.784437 0.333021 
1.06476 0.780665 -0.0405678 
1.06135 0.78938 -0.0389741 
1.08449 0.777991 0.204181 
1.08182 0.786884 0.203852 
0.786448 0.780089 0.260493 
0.782225 0.791121 0.257794 
1.13761 0.78108 -0.0857085 
1.13515 0.789396 -0.0835563 
0.960913 0.777775 0.315127 
0.958043 0.787617 0.313516 
0.856161 0.778205 0.159011 
0.851561 0.788404 0.157277 
1.17897 0.784684 -0.0493543 
1.1768 0.792825 -0.0475345 
0.851451 0.779791 0.353016 
0.848249 0.790548 0.35053 
0.964297 0.782877 0.0543951 
0.959924 0.792225 0.0543562 
1.16474 0.781043 0.0697225 
1.16235 0.789353 0.070598 
0.782304 0.782515 0.32959 
0.778603 0.793811 0.326662 
1.07172 0.780597 -0.0469154 
1.06841 0.789272 -0.045231 
1.07324 0.785111 0.21425 
1.07057 0.794091 0.213784 
0.789265 0.781968 0.252498 
0.785008 0.792956 0.249839 
1.14207 0.78061 -0.0854526 
1.13965 0.788904 -0.0833027 
0.949877 0.782531 0.320061 
0.947004 0.792467 0.318346 
0.861907 0.782632 0.150022 
0.857303 0.792778 0.148367 
1.18239 0.776907 -0.0443216 
1.18022 0.78503 -0.0425202 
1.17804 0.79317 -0.040757 
0.843398 0.782938 0.352224 
0.840172 0.793767 0.349675 
0.976276 0.777509 0.0458537 
0.971972 0.786773 0.0460232 
1.15901 0.784109 0.0820771 
1.15658 0.792463 0.0828378 
0.780828 0.779666 0.325834 
0.777071 0.790958 0.322913 
1.07935 0.779034 -0.0534948 
1.07614 0.787664 -0.0517133 
1.0645 0.781683 0.225082 
1.0618 0.790726 0.224518 
0.7929 0.783078 0.244194 
0.788606 0.794012 0.241586 
1.14709 0.77846 -0.0852298 
1.14472 0.786728 -0.0830774 
0.938759 0.786509 0.324834 
0.868464 0.786507 0.140831 
1.18167 0.783396 -0.0352519 
1.17948 0.791533 -0.0335425 
0.835473 0.785281 0.351317 
0.98455 0.78073 0.0370332 
0.980309 0.789943 0.0373379 
1.15545 0.777417 0.0940422 
1.153 0.785795 0.0947284 
0.776157 0.787577 0.318793 
1.08426 0.784837 -0.0582561 
1.08112 0.793443 -0.0564362 
1.05558 0.77731 0.236128 
1.05285 0.786416 0.235468 
0.797115 0.783824 0.235645 
1.15008 0.783438 -0.0827688 
1.14774 0.791697 -0.0806544 
0.930488 0.780388 0.331057 
0.927562 0.790481 0.329179 
0.880109 0.7802 0.132954 
0.875491 0.79018 0.131568 
1.18308 0.780525 -0.0275073 
1.18088 0.788659 -0.0258511 
0.827651 0.787477 0.350163 
0.993045 0.783581 0.0280845 
0.988873 0.792741 0.0285289 
1.14903 0.778697 0.106875 
1.14654 0.787122 0.107447 
0.775727 0.784313 0.314254 
1.09238 0.781272 -0.0645947 
1.08934 0.789829 -0.0626789 
1.04369 0.782237 0.246267 
1.04097 0.791436 0.245472 
0.80156 0.784765 0.226958 
1.15538 0.779802 -0.082217 
1.15308 0.788032 -0.0800993 
0.919225 0.785243 0.334744 
0.887158 0.784148 0.123695 
0.882546 0.79407 0.122413 
1.18414 0.777392 -0.0193033 
1.18193 0.785525 -0.0177023 
1.17971 0.793676 -0.0161396 
0.823255 0.779356 0.351261 
0.819896 0.790347 0.348583 
1.00536 0.77738 0.0186251 
1.00128 0.786457 0.0192877 
1.142 0.780775 0.119469 
1.1395 0.789252 0.119923 
0.775583 0.781855 0.309278 
0.771689 0.793145 0.306355 
1.10011 0.777518 -0.070439 
1.09718 0.786029 -0.0684382 
1.0343 0.779332 0.256499 
1.03155 0.7886 0.255606 
0.805865 0.786442 0.21826 
1.15804 0.784769 -0.0791434 
1.15576 0.792992 -0.0770679 
0.910863 0.781738 0.339413 
0.907893 0.791996 0.33737 
0.898429 0.778842 0.115837 
0.893819 0.788667 0.114732 
1.18237 0.783064 -0.0091731 
1.18014 0.791218 -0.00767031 
0.815551 0.783578 0.349144 
1.01289 0.780647 0.0101384 
1.00889 0.789679 0.0109237 
1.13428 0.784618 0.131524 
1.13176 0.793154 0.131855 
0.775523 0.780736 0.303883 
0.771579 0.792006 0.300977 
1.10436 0.782501 -0.0734897 
1.10149 0.790992 -0.0714713 
1.02464 0.778582 0.265819 
1.02187 0.787923 0.264824 
0.814202 0.778577 0.211974 
0.809751 0.78923 0.209658 
1.16238 0.78242 -0.0776704 
1.16014 0.79062 -0.0756029 
0.902463 0.780553 0.343003 
0.899465 0.79088 0.340896 
0.904422 0.784181 0.107216 
0.899827 0.793961 0.106201 
1.18204 0.781904 -0.000368706 
1.1798 0.790065 0.00106818 
0.811284 0.778598 0.34907 
0.807844 0.789686 0.346315 
1.01961 0.784414 0.00229655 
1.01568 0.793406 0.00318884 
1.12839 0.782182 0.142582 
1.12585 0.790759 0.142825 
0.775408 0.781201 0.298111 
0.771422 0.792454 0.295218 
1.11078 0.779484 -0.0777275 
1.108 0.787937 -0.0756508 
1.01471 0.7804 0.274034 
1.01194 0.789819 0.272934 
0.817571 0.782641 0.203485 
0.8131 0.793252 0.201214 
1.16604 0.781147 -0.0756336 
1.16382 0.78933 -0.0735817 
0.89402 0.781839 0.345476 
0.891001 0.792239 0.343299 
0.914284 0.780596 0.0999459 
0.909702 0.790298 0.0990905 
1.18092 0.782226 0.00861678 
1.17866 0.7904 0.00998143 
0.803587 0.786604 0.345556 
1.02937 0.779717 -0.00589656 
1.02553 0.788646 -0.00483484 
1.12186 0.781946 0.153032 
1.1193 0.79057 0.15318 
0.7752 0.783185 0.292007 
1.11652 0.776945 -0.0811731 
1.11381 0.785365 -0.079051 
1.11107 0.793807 -0.0769794 
1.00454 0.784696 0.281124 
0.824964 0.777285 0.197338 
0.820455 0.78781 0.19517 
1.16908 0.780761 -0.0730523 
1.16688 0.788931 -0.0710225 
0.885538 0.785338 0.346914 
0.923528 0.777727 0.0929133 
0.918967 0.787357 0.0922097 
1.17909 0.783781 0.0177319 
1.1768 0.791974 0.0190188 
0.799417 0.785135 0.344168 
1.03464 0.784238 -0.0124607 
1.03087 0.793137 -0.0113212 
1.11478 0.783475 0.162933 
1.1122 0.792152 0.162982 
0.774974 0.786367 0.285608 
1.11913 0.783005 -0.0817904 
1.11646 0.791416 -0.0796816 
0.99696 0.781416 0.288497 
0.994165 0.790975 0.287219 
0.827575 0.783284 0.189122 
0.823056 0.79378 0.186987 
1.17167 0.780795 -0.0699872 
1.16949 0.788954 -0.0679843 
0.880115 0.779978 0.349761 
0.87704 0.790493 0.347482 
0.927892 0.784831 0.0854718 
1.17897 0.777796 0.0257394 
1.17668 0.78599 0.0269835 
0.795397 0.784776 0.342231 
1.04331 0.779836 -0.019817 
1.03964 0.788679 -0.0185324 
1.10984 0.777329 0.17246 
1.10723 0.786037 0.172447 
0.778998 0.779101 0.281747 
0.774891 0.790263 0.278933 
1.12423 0.780411 -0.0840447 
1.12162 0.788794 -0.0819046 
0.989217 0.779226 0.295283 
0.986402 0.788844 0.293932 
0.834741 0.779257 0.183 
0.830194 0.789673 0.180966 
1.17404 0.780604 -0.0665092 
1.17187 0.788753 -0.0645357 
0.871633 0.785992 0.349742 
0.93683 0.782353 0.0787285 
0.932321 0.791888 0.0782365 
1.17619 0.779862 0.0352765 
1.17387 0.788081 0.0364369 
0.791624 0.784905 0.339842 
1.04831 0.78382 -0.0256792 
1.0447 0.792636 -0.0243263 
1.10196 0.779988 0.181917 
1.09934 0.788755 0.181801 
0.779295 0.783181 0.274791 
1.12939 0.777055 -0.0860078 
1.12684 0.785408 -0.0838385 
1.12426 0.793782 -0.0817162 
0.981345 0.777286 0.301746 
0.97851 0.786963 0.300322 
0.837708 0.785634 0.174776 
1.17642 0.779474 -0.0626731 
1.17426 0.787614 -0.0607289 
0.866321 0.781555 0.351656 
0.863198 0.792189 0.349272 
