1.03971 0.77798 0.0243714 
1.03604 0.786911 0.0251854 
1.06553 0.777315 0.187329 
1.06266 0.786313 0.187013 
0.841447 0.781899 0.234581 
0.837353 0.792459 0.232421 
1.11418 0.780399 -0.0131105 
1.11131 0.788909 -0.0116619 
0.947676 0.785328 0.2836 
0.915574 0.781391 0.135307 
0.911254 0.791196 0.134246 
1.13867 0.780139 0.0427215 
1.13603 0.788573 0.0437455 
0.856959 0.78347 0.300309 
0.853445 0.79409 0.298036 
1.02329 0.7844 0.0365083 
1.01949 0.79344 0.0370786 
1.07768 0.783436 0.169547 
1.07486 0.792347 0.169387 
0.838328 0.778159 0.247282 
0.834286 0.788769 0.245063 
1.10764 0.777095 -0.0141627 
1.1047 0.785635 -0.0127067 
0.965332 0.778521 0.275929 
0.962258 0.788286 0.274528 
0.901459 0.782573 0.149241 
0.897135 0.7925 0.14797 
1.1388 0.782884 0.0298004 
1.13617 0.791308 0.0309208 
0.867187 0.781452 0.302771 
0.863733 0.791993 0.300571 
1.01066 0.780241 0.0487317 
1.00675 0.789357 0.0491233 
1.09139 0.781366 0.151497 
1.08859 0.790174 0.151529 
0.832415 0.786199 0.256688 
1.0981 0.780158 -0.0123519 
1.09506 0.78875 -0.0109491 
0.97952 0.78402 0.264802 
0.976498 0.793679 0.263528 
0.888102 0.784132 0.163066 
1.13788 0.783722 0.0184381 
1.13524 0.792141 0.0196481 
0.877991 0.781094 0.3036 
0.8746 0.791553 0.301476 
0.994185 0.783898 0.06193 
0.990168 0.793126 0.0620671 
1.10364 0.779877 0.133113 
1.10087 0.788593 0.133331 
0.831822 0.784889 0.267084 
1.0885 0.780926 -0.00910861 
1.08535 0.789572 -0.0077683 
0.99626 0.782222 0.253066 
0.993266 0.791749 0.251961 
0.875572 0.786249 0.17668 
1.13609 0.782542 0.008621 
1.13343 0.79096 0.00991475 
0.889224 0.782438 0.302806 
0.8859 0.792811 0.300761 
0.981863 0.777314 0.075383 
0.977758 0.786621 0.0753397 
1.11434 0.778707 0.11466 
1.1116 0.787343 0.115057 
0.832567 0.784982 0.276061 
1.07893 0.779261 -0.00436547 
1.07568 0.787959 -0.00309669 
1.01238 0.782588 0.239599 
1.00942 0.791991 0.238663 
0.868197 0.778835 0.191726 
0.86393 0.789079 0.189968 
1.13361 0.779326 0.0002803 
1.13093 0.787747 0.00165253 
0.900763 0.785584 0.300351 
0.965674 0.779218 0.089173 
0.96149 0.788639 0.0888777 
1.12341 0.777539 0.0964253 
1.12071 0.786104 0.0969938 
0.834667 0.786594 0.283465 
1.06612 0.783843 0.00310405 
1.06274 0.792619 0.00423002 
1.02777 0.784773 0.224714 
1.02485 0.79406 0.223944 
0.857451 0.782382 0.204712 
0.853233 0.792744 0.202797 
1.12793 0.782536 -0.00523153 
1.1252 0.790985 -0.00383333 
0.915721 0.780526 0.297994 
0.912502 0.790687 0.296159 
0.949759 0.780624 0.103038 
0.945514 0.790161 0.102496 
1.12818 0.7845 0.079434 
1.12551 0.793029 0.0801233 
0.841774 0.779093 0.291545 
0.838084 0.789801 0.289202 
1.05677 0.777258 0.0108248 
1.05327 0.786083 0.0118616 
1.04526 0.779278 0.209288 
1.04235 0.788428 0.208724 
0.847709 0.786866 0.217084 
1.12182 0.783819 -0.00935388 
1.11903 0.792297 -0.0079358 
0.930669 0.777805 0.293606 
0.927493 0.787844 0.291899 
0.934251 0.781732 0.116949 
0.929963 0.791388 0.11617 
1.13408 0.782116 0.0626595 
1.13143 0.790595 0.0635054 
0.846335 0.783934 0.295581 
1.04406 0.777212 0.0209475 
1.04044 0.786114 0.0218218 
1.05886 0.78419 0.192323 
1.05599 0.793242 0.19192 
0.843172 0.781839 0.230818 
0.839059 0.792375 0.228686 
1.11543 0.783171 -0.0121456 
1.11258 0.791678 -0.0107134 
0.945509 0.777555 0.287132 
0.942377 0.787476 0.285552 
0.919276 0.782745 0.130882 
0.914963 0.792521 0.129876 
1.13851 0.778546 0.046915 
1.13588 0.786983 0.0479104 
0.85554 0.779764 0.300216 
0.851992 0.790387 0.297945 
1.02767 0.784151 0.0328649 
1.02391 0.793162 0.0334984 
1.07424 0.781063 0.175014 
1.0714 0.789998 0.174809 
0.839701 0.777774 0.243799 
0.83564 0.788363 0.241604 
1.10889 0.780514 -0.0136089 
1.10597 0.789051 -0.0121681 
0.960138 0.779831 0.278581 
0.957055 0.789639 0.27713 
0.904944 0.783873 0.144798 
0.900622 0.79377 0.143577 
1.13901 0.781834 0.0335225 
1.13638 0.790259 0.0346164 
0.865533 0.777272 0.303154 
0.862046 0.787818 0.300953 
1.01501 0.780455 0.0448523 
1.01113 0.789544 0.0453084 
1.08835 0.778808 0.157047 
1.08554 0.787638 0.157036 
0.833386 0.785431 0.253568 
1.09933 0.784271 -0.0122484 
1.09631 0.792862 -0.0108593 
0.974454 0.784579 0.268055 
0.891349 0.785317 0.158631 
1.13839 0.78327 0.0216786 
1.13576 0.79169 0.0228642 
0.872725 0.786907 0.302319 
0.998526 0.784465 0.0579203 
0.994538 0.793665 0.0581226 
1.10105 0.777201 0.138671 
1.09827 0.785935 0.138848 
0.832388 0.783717 0.264366 
1.09278 0.777168 -0.0108683 
1.08968 0.785787 -0.00948296 
0.991363 0.782063 0.256896 
0.988359 0.791628 0.255743 
0.882874 0.777172 0.173832 
0.878564 0.787267 0.172289 
1.13684 0.782711 0.0113915 
1.13419 0.791129 0.0126625 
0.887239 0.777295 0.304114 
0.883879 0.787676 0.302065 
0.986135 0.778189 0.071211 
0.982056 0.787467 0.0712325 
1.10947 0.784645 0.120504 
1.10673 0.79332 0.12082 
0.832712 0.783365 0.273798 
0.82887 0.794106 0.27143 
1.08003 0.784904 -0.00524133 
1.0768 0.793601 -0.0039834 
1.00768 0.781811 0.243917 
1.00471 0.79125 0.242932 
0.870928 0.779671 0.187378 
0.866651 0.789886 0.18566 
1.13456 0.780114 0.00260615 
1.13188 0.788533 0.00395722 
0.898667 0.779915 0.302137 
0.895375 0.79021 0.300168 
0.969875 0.780305 0.0849262 
0.965713 0.789697 0.0846945 
1.11906 0.783466 0.102284 
1.11635 0.792068 0.102773 
0.834389 0.784502 0.281696 
1.07048 0.78153 0.000525951 
1.06714 0.790279 0.00170519 
1.0233 0.783485 0.229423 
1.02037 0.792805 0.228605 
0.859898 0.782971 0.200495 
0.855668 0.793305 0.198615 
1.12902 0.783926 -0.00334073 
1.1263 0.792372 -0.00196207 
0.910324 0.784441 0.298448 
0.953851 0.781861 0.0987294 
0.949623 0.791369 0.0982493 
1.12702 0.782038 0.0844811 
1.12434 0.790577 0.0851365 
0.837401 0.787218 0.287948 
1.05766 0.784464 0.0089179 
1.05418 0.793291 0.00994605 
1.04106 0.777552 0.214341 
1.03814 0.786732 0.213729 
0.854047 0.776778 0.215012 
0.849851 0.787179 0.213044 
1.12576 0.77735 -0.00932162 
1.12301 0.785802 -0.00787249 
0.925297 0.78096 0.29472 
0.922115 0.791045 0.292962 
0.938196 0.783058 0.112588 
0.93392 0.792685 0.111867 
1.13338 0.779955 0.0673829 
1.13072 0.78844 0.0681972 
0.84531 0.78086 0.294839 
0.841675 0.791552 0.292506 
1.04483 0.785139 0.0185443 
1.04122 0.794044 0.0194106 
1.05496 0.782148 0.197587 
1.05208 0.791228 0.197137 
0.845 0.781873 0.226978 
0.84087 0.792386 0.224875 
1.11949 0.777274 -0.0125289 
1.11667 0.785755 -0.0110628 
0.940192 0.779915 0.288917 
0.937054 0.789881 0.287287 
0.923041 0.784099 0.126478 
0.918734 0.793845 0.125527 
1.13824 0.776804 0.0512479 
1.1356 0.785245 0.052214 
1.13296 0.793709 0.0531361 
0.850636 0.786828 0.297705 
1.03205 0.783747 0.0292939 
1.02832 0.792731 0.0299901 
1.07069 0.778751 0.180456 
1.06783 0.787711 0.180206 
0.841188 0.777495 0.24022 
0.837107 0.788063 0.23805 
1.11015 0.78373 -0.0129316 
1.10725 0.792264 -0.0115063 
0.954908 0.781392 0.281026 
0.951818 0.791243 0.279524 
0.908499 0.785191 0.140367 
1.13911 0.780611 0.0373918 
1.13648 0.789038 0.0384586 
0.86044 0.783784 0.301193 
1.01937 0.78054 0.0410319 
1.01553 0.789601 0.0415521 
1.08237 0.785144 0.16254 
1.07956 0.794022 0.162444 
0.83448 0.78478 0.250335 
1.10357 0.779603 -0.0134424 
1.10058 0.788166 -0.0120127 
0.969343 0.785371 0.271119 
0.894671 0.786538 0.154198 
1.13882 0.782633 0.0250668 
1.13618 0.791052 0.0262273 
0.870918 0.782403 0.303023 
0.867493 0.792918 0.300846 
1.00288 0.784929 0.0539575 
0.998922 0.794101 0.0542249 
1.09553 0.7833 0.144385 
1.09275 0.792079 0.144478 
0.833082 0.782675 0.261517 
0.829146 0.793377 0.259194 
1.09398 0.781797 -0.0110884 
1.09089 0.790413 -0.00971584 
0.986412 0.782112 0.260562 
0.983398 0.791716 0.259359 
0.885949 0.778271 0.169386 
0.881635 0.788336 0.167888 
1.13753 0.782691 0.0143041 
1.13489 0.791107 0.0155519 
0.881914 0.782691 0.303229 
0.878553 0.793122 0.30113 
0.990427 0.778981 0.067077 
0.986376 0.788231 0.0671634 
1.10719 0.781944 0.125995 
1.10444 0.790635 0.126271 
0.832989 0.781889 0.271389 
0.82912 0.792618 0.269035 
1.08437 0.781636 -0.00727484 
1.08117 0.790305 -0.00596864 
1.00292 0.78121 0.248099 
0.999934 0.790685 0.247065 
0.87374 0.78057 0.183006 
0.869455 0.790756 0.181329 
1.13545 0.780714 0.00506548 
1.13279 0.789132 0.00639493 
0.893289 0.784712 0.301804 
0.974105 0.781329 0.0807115 
0.969966 0.790692 0.0805438 
1.11727 0.780794 0.107645 
1.11455 0.789408 0.108097 
0.834243 0.782559 0.279772 
0.830449 0.793303 0.2774 
1.07483 0.779004 -0.00194302 
1.07152 0.787725 -0.000711985 
1.01876 0.78234 0.234025 
1.01581 0.791694 0.233158 
0.862431 0.783634 0.19624 
0.85819 0.79394 0.194397 
1.13276 0.776713 -0.00273185 
1.13007 0.785133 -0.00132566 
1.12736 0.793577 3.30589e-05 
0.908184 0.778373 0.300583 
0.904926 0.788591 0.298692 
0.957983 0.783054 0.0944494 
0.953773 0.792533 0.0940316 
1.12572 0.779507 0.0896236 
1.12303 0.788055 0.0902444 
0.836843 0.784786 0.286536 
1.06203 0.782642 0.00607546 
1.0586 0.791441 0.00715952 
1.03385 0.78515 0.218656 
0.856296 0.7772 0.210885 
0.852086 0.787575 0.208951 
1.12692 0.779154 -0.00770334 
1.12417 0.787603 -0.00627297 
0.919912 0.784362 0.295618 
0.942192 0.784359 0.108252 
0.937929 0.793957 0.107591 
1.13255 0.777688 0.0722241 
1.12988 0.78618 0.0730062 
0.844397 0.777936 0.293939 
0.840731 0.788627 0.291611 
1.04921 0.783978 0.0153567 
1.04565 0.792856 0.0162823 
1.05096 0.780193 0.202797 
1.04807 0.789301 0.2023 
0.846928 0.782 0.223067 
0.842781 0.792487 0.220993 
1.12071 0.779674 -0.0113116 
1.11791 0.788152 -0.0098629 
0.934853 0.782531 0.290485 
0.931709 0.792542 0.288804 
0.926865 0.785447 0.122095 
1.1352 0.783366 0.0566525 
1.13255 0.791835 0.0575446 
0.84938 0.783415 0.297313 
0.845802 0.794087 0.294995 
1.03643 0.783182 0.0257996 
1.03274 0.792137 0.0265577 
1.06416 0.785491 0.185573 
0.842784 0.777319 0.236551 
0.838684 0.787864 0.234408 
1.11428 0.778241 -0.0135944 
1.11141 0.786748 -0.012133 
0.949646 0.783206 0.28326 
0.946549 0.793101 0.281708 
0.916447 0.776726 0.136996 
0.912121 0.786521 0.135951 
1.1391 0.779221 0.0414068 
1.13647 0.78765 0.0424458 
0.858919 0.779893 0.301288 
0.855399 0.790492 0.299037 
1.02373 0.780489 0.0372744 
1.01993 0.789522 0.0378583 
1.07907 0.782699 0.168035 
1.07625 0.791599 0.167894 
0.835693 0.784244 0.246995 
1.10482 0.783286 -0.013063 
1.10185 0.791847 -0.0116478 
0.964191 0.786403 0.273987 
0.902395 0.777875 0.151027 
0.898066 0.78779 0.149771 
1.13915 0.781812 0.0286034 
1.13651 0.790232 0.0297381 
0.869183 0.778041 0.303587 
0.865723 0.788561 0.301409 
1.00724 0.785281 0.0500449 
1.09266 0.780694 0.149935 
1.08986 0.789492 0.149986 
0.833904 0.781759 0.258541 
0.829944 0.792444 0.256238 
1.09824 0.777607 -0.0125851 
1.0952 0.786196 -0.0111696 
0.981409 0.782377 0.264055 
0.978385 0.79202 0.262802 
0.889101 0.779416 0.164933 
0.884783 0.789452 0.163481 
1.13814 0.782481 0.0173612 
1.1355 0.790897 0.0185852 
0.880009 0.777852 0.304254 
0.876613 0.78829 0.302152 
0.994736 0.779685 0.0629834 
0.990714 0.788906 0.0631348 
1.10478 0.779248 0.131523 
1.10202 0.787956 0.131759 
0.833397 0.780552 0.268838 
0.829504 0.791267 0.2665 
1.08867 0.778157 -0.00919677 
1.08552 0.786798 -0.00784391 
0.998096 0.780795 0.252136 
0.995101 0.790307 0.251052 
0.876633 0.781529 0.178614 
0.872341 0.791687 0.176979 
1.13629 0.781127 0.00766114 
1.13363 0.789543 0.00896848 
0.891252 0.779371 0.303296 
0.887922 0.789724 0.301272 
0.978362 0.782284 0.0765305 
0.974248 0.791619 0.0764272 
1.11534 0.778097 0.113067 
1.11261 0.786725 0.113482 
0.83423 0.780762 0.277695 
0.830407 0.791496 0.275334 
1.07589 0.784957 -0.00301979 
1.07261 0.793677 -0.0017991 
1.01415 0.781349 0.238512 
1.01119 0.790737 0.237596 
0.86505 0.784367 0.191951 
1.13377 0.777739 -0.00056934 
1.13108 0.786157 0.000816194 
0.90279 0.782705 0.30067 
0.899529 0.792971 0.298728 
0.962152 0.784197 0.0901991 
0.957962 0.793647 0.0898441 
1.12427 0.776916 0.0948541 
1.12157 0.785475 0.0954395 
1.11887 0.794057 0.0959817 
0.836412 0.782506 0.284965 
0.832667 0.793246 0.282592 
1.06639 0.780612 0.00333729 
1.063 0.789383 0.00447593 
1.02948 0.783689 0.223496 
1.02655 0.792962 0.222746 
0.858636 0.777703 0.206708 
0.854412 0.788051 0.20481 
1.12805 0.780777 -0.00596528 
1.12532 0.789223 -0.00455402 
0.917742 0.777869 0.298115 
0.914519 0.78801 0.2963 
0.946235 0.785629 0.103943 
1.1289 0.783824 0.0779262 
1.12623 0.792347 0.0786317 
0.839906 0.785852 0.290558 
1.05358 0.782626 0.012263 
1.05007 0.791475 0.0132469 
1.04688 0.778332 0.207946 
1.04397 0.787469 0.207402 
0.848954 0.782215 0.21909 
0.844791 0.792677 0.217048 
1.12192 0.78189 -0.0099773 
1.11913 0.790365 -0.00854634 
0.929495 0.785402 0.291834 
0.93504 0.777135 0.118499 
0.930746 0.786782 0.117735 
1.13467 0.781357 0.0612214 
1.13202 0.789831 0.0620829 
0.848228 0.78015 0.296769 
0.844618 0.790822 0.294453 
1.0408 0.782447 0.0223863 
1.03716 0.791374 0.0232055 
1.06039 0.783344 0.190901 
1.05752 0.792384 0.190518 
0.844487 0.777242 0.232798 
0.840368 0.787764 0.230683 
1.11553 0.781068 -0.0126599 
1.11268 0.789572 -0.0112149 
0.944356 0.785276 0.285279 
0.920128 0.778093 0.132543 
0.915809 0.787858 0.131552 
1.13898 0.777671 0.0455652 
1.13635 0.786104 0.0465757 
0.853935 0.786748 0.298987 
1.02809 0.780294 0.0335842 
1.02433 0.789299 0.0342312 
1.07567 0.780307 0.173514 
1.07283 0.789231 0.173329 
0.837024 0.783817 0.243553 
1.109 0.778227 -0.0140103 
1.10608 0.786761 -0.0125568 
0.962085 0.77789 0.278085 
0.959 0.78768 0.276654 
0.905861 0.779181 0.146558 
0.901532 0.789067 0.145354 
1.13938 0.780811 0.0322882 
1.13675 0.789233 0.0333967 
0.864029 0.784345 0.301831 
1.01161 0.785514 0.0461862 
1.08966 0.778123 0.155491 
1.08685 0.786942 0.155499 
0.834851 0.780966 0.255446 
0.830868 0.791633 0.253163 
1.09946 0.781784 -0.0125168 
1.09644 0.790371 -0.011115 
0.976358 0.782866 0.267368 
0.973325 0.792549 0.266065 
0.892328 0.780603 0.160478 
0.888008 0.79061 0.159073 
1.13868 0.782083 0.0205645 
1.13604 0.790498 0.0217641 
0.874735 0.783602 0.303034 
0.871339 0.794089 0.300882 
0.999059 0.780293 0.0589328 
0.995067 0.789486 0.0591493 
1.09945 0.785291 0.137276 
1.09668 0.794041 0.137429 
0.833937 0.779349 0.26615 
0.830019 0.79005 0.263828 
1.08984 0.783083 -0.00960908 
1.08671 0.791724 -0.00826839 
0.993216 0.780575 0.256018 
0.990211 0.790124 0.254885 
0.879605 0.782545 0.174207 
0.875307 0.792674 0.172615 
1.13706 0.78135 0.0103959 
1.13441 0.789765 0.0116806 
0.885902 0.784544 0.302618 
0.982643 0.783165 0.0723848 
0.978554 0.792471 0.0723462 
1.11051 0.784027 0.118921 
1.10778 0.792694 0.119254 
0.834348 0.779111 0.275467 
0.830499 0.789834 0.27312 
1.08023 0.781974 -0.00521691 
1.077 0.790667 -0.0039464 
1.00947 0.780519 0.242873 
1.0065 0.789943 0.241909 
0.867752 0.785169 0.187632 
1.13472 0.778579 0.00172307 
1.13205 0.786995 0.00308752 
0.900697 0.776986 0.3025 
0.8974 0.787262 0.300553 
0.966355 0.785284 0.0859794 
1.11997 0.782847 0.100715 
1.11726 0.791441 0.101221 
0.836111 0.780376 0.283236 
0.832338 0.791109 0.280872 
1.07073 0.778371 0.000706031 
1.06738 0.787115 0.00189787 
1.02503 0.782358 0.22824 
1.02209 0.791664 0.227442 
0.861063 0.778283 0.202487 
0.856827 0.788604 0.200624 
1.12914 0.782219 -0.00410567 
1.12643 0.790662 -0.0027139 
0.912347 0.78171 0.298635 
0.909121 0.791899 0.29677 
0.954557 0.777362 0.100126 
0.950324 0.786862 0.0996609 
1.12778 0.781383 0.0829506 
1.1251 0.789915 0.0836224 
0.839202 0.783229 0.289346 
0.835509 0.793961 0.286978 
1.05795 0.781076 0.00926683 
1.05447 0.789898 0.0103078 
1.03979 0.78574 0.212435 
0.851076 0.782517 0.215053 
0.846898 0.792953 0.213042 
