1.15405 0.000713627 -0.228162 
1.27624 0.00542548 0.0378848 
1.15933 0.00306782 0.195477 
1.17284 0.00741622 -0.278431 
1.22379 0.00760031 0.231153 
1.18029 0.00226772 -0.0125444 
1.23771 0.00752615 -0.198862 
1.16111 0.00683753 0.291374 
1.15773 0.00360071 -0.208641 
1.2774 0.00101931 0.00429044 
1.27734 0.00853725 0.00707863 
1.15515 0.00431007 0.217168 
1.16471 0.00132541 -0.281293 
1.23506 0.00149171 0.210018 
1.18008 0.00563633 0.0201589 
1.22676 0.00133626 -0.22012 
1.16932 0.000832769 0.288736 
1.16164 0.00483073 -0.187111 
1.27668 0.00411478 -0.0265179 
1.1512 0.00721304 0.236853 
1.1594 0.00127841 -0.280002 
1.24374 0.00532875 0.189347 
1.17896 0.00111491 0.0494685 
1.21677 0.000522357 -0.236711 
1.21864 0.00832181 -0.234201 
1.17548 0.00484501 0.286739 
1.16558 0.00462445 -0.163762 
1.27436 0.00694295 -0.0569908 
1.15001 0.00381874 0.251874 
1.15711 0.0072414 -0.274403 
1.25291 0.00348214 0.164149 
1.17623 0.00498761 0.0814711 
1.20828 0.00520125 -0.248779 
1.18424 0.00274249 0.280729 
1.16936 0.00319055 -0.138802 
1.26978 0.001681 -0.0895477 
1.14956 0.0024743 0.26477 
1.15322 0.00285646 -0.26919 
1.26073 0.00333252 0.137208 
1.17338 0.00143008 0.109474 
1.19963 0.00767872 -0.258938 
1.19306 0.00261311 0.273017 
1.17279 0.00072177 -0.112449 
1.26414 0.00308748 -0.118322 
1.14991 0.00332607 0.275471 
1.15248 0.00436692 -0.259393 
1.26712 0.00450801 0.108819 
1.16856 0.00673148 0.139421 
1.18875 0.00011463 -0.269729 
1.19091 0.00806229 -0.267304 
1.20184 0.00454135 0.263522 
1.1766 0.00543815 -0.0817787 
1.25702 0.00327484 -0.14576 
1.15105 0.00643989 0.283975 
1.15255 0.0036645 -0.247397 
1.272 0.00663646 0.0793097 
1.16454 0.0049669 0.164969 
1.18223 0.00645315 -0.273978 
1.21251 0.000808217 0.249683 
1.21049 0.0086355 0.252133 
1.17863 0.00145284 -0.0532952 
1.24853 0.00187516 -0.171562 
1.15544 0.00364914 0.288016 
1.15337 0.000867133 -0.233244 
1.27572 0.00185252 0.0462466 
1.16031 0.00437514 0.188974 
1.17369 0.00290289 -0.279007 
1.22084 0.00719416 0.236283 
1.18016 0.00504277 -0.0209472 
1.24031 0.00623522 -0.192877 
1.16052 0.00304973 0.29009 
1.15692 0.00430009 -0.214352 
1.27723 0.00492212 0.0155033 
1.15606 0.00515904 0.211223 
1.16775 0.00546921 -0.27999 
1.23234 0.000374155 0.215796 
1.2306 0.00810109 0.218329 
1.18036 0.000410485 0.00848732 
1.18023 0.00842361 0.0117325 
1.2296 0.000742424 -0.214769 
1.23129 0.00847769 -0.212209 
1.16616 0.00451881 0.290327 
1.16075 0.00600817 -0.193399 
1.27701 0.000530775 -0.0181287 
1.27714 0.00805004 -0.0153407 
1.15199 0.00753584 0.23152 
1.16228 0.00606481 -0.279246 
1.24126 0.00356807 0.195734 
1.17931 0.00383928 0.0411192 
1.21978 0.000644285 -0.231994 
1.22161 0.00842844 -0.229472 
1.17223 0.00793536 0.288837 
1.16467 0.0062134 -0.170567 
1.2751 0.00346484 -0.0487361 
1.15061 0.00355373 0.247175 
1.15742 0.00456534 -0.276649 
1.25073 0.0011507 0.1711 
1.17683 0.00757512 0.0733056 
1.21139 0.0060216 -0.244668 
1.18096 0.00522673 0.283345 
1.16848 0.0051293 -0.146061 
1.27161 0.00594352 -0.0787743 
1.14993 0.00156508 0.260736 
1.15328 0.00085869 -0.272067 
1.2589 0.000535221 0.144646 
1.25772 0.00813654 0.147314 
1.17413 0.00381749 0.101569 
1.20075 0.0012888 -0.257861 
1.18979 0.00447652 0.276164 
1.172 0.00295324 -0.120095 
1.26571 9.67041e-05 -0.110638 
1.26657 0.00766427 -0.107909 
1.15004 0.00173622 0.272117 
1.15231 0.00305367 -0.262944 
1.26566 0.00135752 0.116652 
1.17084 0.000793009 0.128849 
1.19199 0.00226373 -0.266747 
1.19862 0.00575383 0.26723 
1.176 0.00790932 -0.0897575 
1.25895 0.000684224 -0.138504 
1.26004 0.00828171 -0.135809 
1.15095 0.00415941 0.281295 
1.15214 0.00301713 -0.251625 
1.27093 0.00324156 0.0874374 
1.16552 0.00677463 0.157834 
1.18322 0.00121799 -0.273912 
1.2094 0.00132123 0.253999 
1.1782 0.00409956 -0.0615127 
1.25209 0.00742815 -0.162166 
1.1551 0.000691997 0.285962 
1.15275 0.000842028 -0.238128 
1.27465 0.00583534 0.0573411 
1.1613 0.00580825 0.182316 
1.17685 0.00624888 -0.277031 
1.21783 0.00700582 0.241219 
1.17999 0.00779936 -0.0293232 
1.24283 0.00474816 -0.186708 
1.15752 0.00756722 0.290969 
1.15616 0.00484093 -0.21988 
1.27701 0.00131201 0.0239196 
1.157 0.00615412 0.205105 
1.16849 0.00135362 -0.280916 
1.22778 0.00720508 0.223905 
1.18039 0.00320236 5.61877e-05 
1.23404 0.00765749 -0.206656 
1.16545 0.000314791 0.289413 
1.16302 0.00840157 0.291748 
1.15989 0.00704794 -0.199521 
1.27732 0.00444851 -0.00693017 
1.15283 0.00802554 0.226 
1.16286 0.00254842 -0.280713 
1.2387 0.00199556 0.201941 
1.17962 0.00659043 0.0327374 
1.22275 0.000547597 -0.227085 
1.22454 0.00831682 -0.224552 
1.17139 0.00316336 0.288444 
1.16377 0.00768456 -0.177225 
1.27604 0.00747169 -0.0376485 
1.15126 0.00347519 0.242275 
1.1578 0.00168824 -0.278699 
1.24704 0.00662884 0.180505 
1.17809 0.00218549 0.061889 
1.21447 0.00662702 -0.240372 
1.17768 0.00790121 0.285798 
1.1676 0.00696846 -0.153191 
1.27264 0.00259002 -0.0706722 
1.15037 0.000857682 0.256494 
1.15579 0.00680114 -0.272316 
1.25576 0.0054753 0.154609 
1.17485 0.00627187 0.0935787 
1.20394 0.00259291 -0.254164 
1.18651 0.0065367 0.279143 
1.17119 0.00510213 -0.127633 
1.26799 0.00456956 -0.10011 
1.15024 0.000356517 0.268553 
1.14782 0.00853144 0.270986 
1.15221 0.00153245 -0.266286 
1.2631 0.00587827 0.127078 
1.17168 0.00300568 0.121175 
1.19521 0.00421713 -0.263601 
1.19537 0.00717304 0.270759 
1.17437 0.00227416 -0.100773 
1.26183 0.00555232 -0.12841 
1.15091 0.00208902 0.278408 
1.1518 0.00217015 -0.255644 
1.26897 0.00746119 0.0982214 
1.16803 0.000607049 0.147608 
1.1665 0.00868399 0.15057 
1.18645 0.00378984 -0.271286 
1.20625 0.00204963 0.258126 
1.17772 0.00669998 -0.0696677 
1.25423 0.00517408 -0.155255 
1.15237 0.00608636 0.286083 
1.15219 0.000632688 -0.242813 
1.27387 0.00232726 0.0656151 
1.1623 0.00736125 0.17551 
1.17777 0.00139754 -0.277303 
1.21478 0.00703613 0.245961 
1.17938 0.00251362 -0.0408921 
1.24528 0.00307171 -0.180359 
1.15705 0.0041601 0.28934 
1.15543 0.00521687 -0.225221 
1.27641 0.00523465 0.0351009 
1.15797 0.00728896 0.19882 
1.1716 0.00512143 -0.279295 
1.2249 0.00652134 0.229288 
1.18037 0.00599148 -0.00836849 
1.23672 0.00662883 -0.200913 
1.16236 0.00437955 0.290682 
1.15906 0.00794369 -0.205471 
1.2774 0.000837185 0.00149256 
1.27736 0.00835507 0.00428107 
1.15582 0.000533054 0.217623 
1.15371 0.00867581 0.220295 
1.16584 0.00693663 -0.279616 
1.23607 0.000618151 0.207963 
1.23439 0.00832686 0.210512 
1.18014 0.00134725 0.0210926 
1.22567 0.000232989 -0.221983 
1.22742 0.00798765 -0.21944 
1.16819 0.0066171 0.290233 
1.1611 0.000923725 -0.18656 
1.27653 0.00391956 -0.0292999 
1.15197 0.00357749 0.237178 
1.1606 0.0067337 -0.278164 
1.24466 0.00463764 0.187118 
1.17854 0.00486509 0.0535993 
1.2175 0.00701566 -0.235888 
1.17676 0.00274329 0.285751 
1.16513 0.00061523 -0.163111 
1.16672 0.00870266 -0.160188 
1.27406 0.00671231 -0.0597283 
1.15087 0.0003481 0.252046 
1.14854 0.00851909 0.254557 
1.15601 0.00438759 -0.274806 
1.25371 0.00295207 0.161759 
1.17644 0.000754113 0.0823584 
1.20709 0.00368801 -0.250288 
1.18551 0.000818327 0.279591 
1.17036 0.00716333 -0.135057 
1.26932 0.00138734 -0.0922088 
1.14812 0.00735866 0.267234 
1.15452 0.00795804 -0.266966 
1.2614 0.00293234 0.13468 
1.17251 0.00529753 0.113399 
1.19841 0.00597195 -0.260285 
1.19431 0.000871594 0.271725 
1.17364 0.00460611 -0.108557 
1.26353 0.0027027 -0.12088 
1.15095 0.000229648 0.275313 
1.1485 0.00840061 0.277715 
1.15153 0.00112023 -0.259454 
1.26765 0.00420505 0.10618 
1.16894 0.0026175 0.1402 
1.18968 0.00617127 -0.268499 
1.20307 0.00299118 0.262069 
1.1764 0.00121685 -0.0809189 
1.25628 0.00276716 -0.148188 
1.15218 0.00353942 0.283653 
1.15169 0.000233891 -0.247294 
1.15392 0.00839279 -0.244736 
1.27238 0.00639972 0.0765887 
1.165 0.000935499 0.165668 
1.18098 0.00438457 -0.275026 
1.21169 0.00728503 0.250509 
1.17904 0.00521182 -0.0491826 
1.24766 0.00121336 -0.173834 
1.15663 0.000947678 0.287524 
1.15476 0.0054217 -0.230369 
1.27593 0.00165576 0.0434719 
1.16085 0.000442248 0.189578 
1.15896 0.00855733 0.192375 
1.17244 0.000657916 -0.279908 
1.17473 0.00869658 -0.27751 
1.22197 0.00605289 0.234475 
1.18012 0.000757085 -0.0200205 
1.23934 0.00539652 -0.194982 
1.16175 0.000539123 0.289439 
1.1593 0.00864731 0.291774 
1.15626 0.000554999 -0.213957 
1.15826 0.00868902 -0.211245 
1.27729 0.00474039 0.0127065 
1.1567 0.00134244 0.211716 
1.16652 0.00304989 -0.280751 
1.23166 0.00716379 0.216336 
1.18027 0.00413253 0.0126678 
1.23025 0.00744258 -0.214134 
1.16742 0.00218897 0.289528 
1.16019 0.00213665 -0.192883 
1.2769 0.000342367 -0.0209185 
1.27705 0.00786207 -0.018131 
1.15273 0.0038547 0.231889 
1.1611 0.00346202 -0.279856 
1.24221 0.00282458 0.193557 
1.17894 0.00757998 0.045266 
1.2205 0.00718637 -0.231215 
1.17352 0.00577827 0.287897 
1.1642 0.00223418 -0.169946 
1.27484 0.00324786 -0.0514898 
1.15143 3.17346e-05 0.247393 
1.14913 0.00819945 0.249928 
1.15629 0.00176951 -0.277097 
1.25156 0.000576723 0.168755 
1.25019 0.00821181 0.171382 
1.17702 0.00332856 0.0742058 
1.21022 0.00457124 -0.24623 
1.18224 0.00324684 0.282255 
1.16809 0.00105934 -0.145349 
1.2712 0.00567353 -0.081463 
1.14848 0.0063916 0.263272 
1.15458 0.00601878 -0.269912 
1.2596 0.000100722 0.142155 
1.25845 0.00769883 0.144828 
1.1733 0.00766332 0.10553 
1.2016 0.00752513 -0.256799 
1.19106 0.00267727 0.274923 
1.17289 0.00686215 -0.116242 
1.26602 0.00731292 -0.110503 
1.14863 0.00675187 0.274433 
1.15365 0.00802539 -0.260573 
1.26622 0.00102993 0.114041 
1.26528 0.0085982 0.116752 
1.16984 0.00471901 0.132676 
1.19074 0.000423532 -0.26798 
1.19289 0.00836033 -0.26555 
1.19987 0.0041432 0.26583 
1.17578 0.00370411 -0.0889139 
1.25824 0.000216975 -0.140972 
1.25935 0.00781766 -0.138282 
1.15205 0.00120051 0.281021 
1.15351 0.00780218 -0.249034 
1.27134 0.00298908 0.0847369 
1.16595 0.00271627 0.158561 
