1.00901 0.777348 0.127373 
1.00541 0.78661 0.127127 
1.00654 0.77823 0.17187 
1.00315 0.787577 0.171307 
0.960822 0.785888 0.170151 
1.03036 0.782336 0.126578 
1.02697 0.791481 0.126457 
0.968739 0.7778 0.195202 
0.965197 0.78742 0.194242 
0.999285 0.776683 0.134117 
0.995638 0.786011 0.13376 
1.01526 0.780285 0.161435 
1.0119 0.789567 0.160988 
0.958084 0.781207 0.179444 
0.954384 0.790871 0.178484 
1.02944 0.777639 0.122613 
1.026 0.786778 0.122533 
0.977044 0.778253 0.192681 
0.97355 0.787817 0.191793 
0.986576 0.782736 0.142342 
0.982892 0.792161 0.141816 
1.02203 0.783041 0.150721 
1.01868 0.79227 0.150377 
0.957393 0.778467 0.187047 
0.95372 0.788145 0.186048 
1.02392 0.778362 0.121528 
1.02043 0.787531 0.121419 
0.985442 0.782321 0.187187 
0.981999 0.79183 0.186375 
0.978685 0.777661 0.152244 
0.974967 0.787143 0.151615 
1.02662 0.785329 0.140692 
0.958642 0.778433 0.192285 
0.955011 0.788112 0.191266 
1.01418 0.784382 0.123308 
1.01064 0.793618 0.1231 
0.996738 0.780184 0.179859 
0.993329 0.789607 0.179174 
0.968611 0.781294 0.162014 
0.964887 0.79086 0.161236 
1.0324 0.776897 0.13233 
1.02903 0.786031 0.1322 
0.961572 0.781652 0.194678 
0.957994 0.791323 0.193657 
1.00779 0.777424 0.128081 
1.00419 0.786694 0.127822 
1.00688 0.780692 0.170503 
1.0035 0.790039 0.169942 
0.960379 0.785224 0.171362 
1.02949 0.784182 0.125916 
1.0261 0.793334 0.125788 
0.969305 0.778824 0.194948 
0.965771 0.788441 0.19399 
0.994478 0.785723 0.134724 
1.01538 0.782881 0.160008 
1.01203 0.792163 0.159562 
0.957894 0.780735 0.180488 
0.954196 0.790401 0.179522 
1.02839 0.779047 0.12231 
1.02495 0.788193 0.12222 
0.97766 0.779727 0.192053 
0.974174 0.789288 0.191168 
0.985537 0.782176 0.143505 
0.981848 0.791609 0.142966 
1.02189 0.785629 0.149353 
0.95745 0.778291 0.187833 
0.953783 0.787969 0.186831 
1.02275 0.779298 0.121593 
1.01926 0.788476 0.121472 
0.986033 0.784213 0.186229 
0.982599 0.793719 0.185421 
0.977818 0.776946 0.153522 
0.974097 0.786434 0.15288 
1.02956 0.778608 0.139697 
1.02621 0.787771 0.139492 
0.958924 0.778632 0.192742 
0.955299 0.788311 0.191722 
1.01296 0.784849 0.123722 
1.00941 0.794094 0.123501 
0.997224 0.782425 0.17864 
0.993824 0.791847 0.177959 
0.967956 0.780553 0.163299 
0.964231 0.790124 0.162511 
1.03173 0.779062 0.131392 
1.02836 0.788201 0.131257 
0.962035 0.782279 0.194763 
0.958465 0.791949 0.193743 
1.00658 0.777449 0.128825 
1.00297 0.786727 0.128552 
1.00719 0.783179 0.169123 
1.00382 0.792525 0.168564 
0.959967 0.784577 0.172559 
1.032 0.776852 0.125377 
1.0286 0.785979 0.125295 
0.969882 0.779903 0.194647 
0.966355 0.789518 0.193691 
0.99333 0.785396 0.135717 
1.01548 0.785483 0.158583 
0.957735 0.780293 0.181505 
0.95404 0.789962 0.180534 
1.02733 0.7804 0.122051 
1.02388 0.789553 0.121951 
0.978278 0.781255 0.191383 
0.974801 0.790813 0.1905 
0.984517 0.781591 0.144688 
0.980823 0.791031 0.144136 
1.02507 0.779005 0.148293 
1.02172 0.788208 0.148 
0.957537 0.778157 0.188582 
0.953874 0.787836 0.187577 
1.02158 0.780176 0.121702 
1.01808 0.789362 0.121569 
0.99006 0.776682 0.185989 
0.986618 0.786151 0.185235 
0.973252 0.785715 0.154153 
1.02912 0.78102 0.138527 
1.02577 0.790187 0.138318 
0.959231 0.778882 0.193155 
0.955612 0.78856 0.192134 
1.01173 0.78526 0.124178 
0.997695 0.784702 0.177396 
0.994302 0.794123 0.176718 
0.96733 0.779816 0.16458 
0.963604 0.789392 0.163782 
1.03103 0.781186 0.13049 
1.02766 0.790331 0.130349 
0.962517 0.782961 0.194801 
0.958954 0.792629 0.193782 
1.00538 0.777425 0.129605 
1.00176 0.786712 0.129319 
1.00749 0.785686 0.167731 
0.959585 0.783949 0.173738 
0.955876 0.793597 0.172813 
1.03108 0.778592 0.124804 
1.02768 0.787726 0.124714 
0.970469 0.781039 0.194299 
0.96695 0.790651 0.193346 
0.992194 0.785031 0.136737 
1.0189 0.778838 0.157554 
1.01554 0.78809 0.15716 
0.957607 0.779885 0.182494 
0.953916 0.789555 0.181518 
1.02625 0.781696 0.121835 
1.0228 0.790857 0.121725 
0.978897 0.782835 0.190669 
0.975429 0.792392 0.18979 
0.983516 0.780982 0.145887 
0.979817 0.790429 0.145323 
1.02487 0.781569 0.146958 
1.02152 0.790774 0.146663 
0.957653 0.778067 0.189293 
0.953995 0.787746 0.188285 
1.0204 0.780996 0.121854 
1.01689 0.790189 0.12171 
0.990628 0.778669 0.184957 
0.987194 0.788136 0.184207 
0.972432 0.784986 0.155433 
1.02865 0.783404 0.137385 
1.0253 0.792576 0.137172 
0.959562 0.779183 0.193523 
0.95595 0.788861 0.192502 
1.0105 0.785616 0.124673 
1.00155 0.77763 0.176753 
0.998149 0.787014 0.176129 
0.966734 0.779085 0.165855 
0.963006 0.788666 0.165047 
1.03031 0.78327 0.129624 
1.02693 0.792421 0.129478 
0.963016 0.783698 0.194792 
0.959461 0.793364 0.193773 
1.00418 0.777354 0.13042 
1.00056 0.786648 0.13012 
1.01113 0.778901 0.166834 
1.00776 0.788214 0.16633 
0.959235 0.783342 0.174899 
0.955527 0.792993 0.173966 
1.03014 0.780282 0.124273 
1.02673 0.789422 0.124175 
0.971064 0.78223 0.193905 
0.967554 0.79184 0.192954 
0.991072 0.78463 0.137784 
0.98741 0.794025 0.137315 
1.01893 0.781447 0.156135 
1.01557 0.790701 0.155742 
0.95751 0.779511 0.183453 
0.953822 0.789183 0.182472 
1.02515 0.782935 0.121663 
1.02169 0.792104 0.121543 
0.979516 0.784469 0.189914 
0.976056 0.794022 0.189038 
0.982535 0.78035 0.147104 
0.978832 0.789804 0.146526 
1.02463 0.784118 0.145641 
1.02129 0.793327 0.145344 
0.957798 0.778021 0.189965 
0.954144 0.787701 0.188954 
1.0192 0.781757 0.122051 
1.01569 0.790959 0.121894 
0.991187 0.7807 0.183892 
0.987761 0.790165 0.183144 
0.971638 0.784251 0.156717 
0.967921 0.793794 0.155984 
1.02814 0.785758 0.136272 
0.959917 0.779536 0.193846 
0.956311 0.789213 0.192824 
1.01285 0.776681 0.125413 
1.00927 0.785917 0.12521 
1.00198 0.779975 0.175461 
0.998586 0.789359 0.174839 
0.966166 0.778363 0.167122 
0.962439 0.787948 0.166305 
1.02955 0.785311 0.128796 
0.963532 0.78449 0.194735 
1.00298 0.777235 0.131268 
0.999357 0.786538 0.130955 
1.01137 0.781446 0.165422 
1.008 0.790759 0.16492 
0.958917 0.782758 0.17604 
0.95521 0.792413 0.175101 
1.02918 0.781919 0.123784 
1.02577 0.791066 0.123678 
0.971668 0.783476 0.193465 
0.968166 0.793084 0.192517 
0.989965 0.784195 0.138857 
0.986297 0.793597 0.138373 
1.01892 0.784057 0.154723 
1.01558 0.793312 0.15433 
0.957444 0.779173 0.18438 
0.953759 0.788846 0.183395 
1.02403 0.784118 0.121536 
1.02057 0.793294 0.121405 
0.980133 0.786154 0.189118 
0.981575 0.779699 0.148335 
0.977868 0.78916 0.147744 
1.02772 0.777472 0.14459 
1.02436 0.786652 0.144343 
0.95797 0.778022 0.190596 
0.954322 0.787702 0.189583 
1.018 0.782461 0.12229 
1.01448 0.791671 0.122121 
0.991735 0.782775 0.182794 
0.988318 0.792238 0.18205 
0.97087 0.78351 0.158005 
0.967151 0.793059 0.15726 
1.03096 0.778931 0.135356 
1.0276 0.788081 0.135189 
0.960295 0.779942 0.194123 
0.956696 0.789617 0.193101 
1.01163 0.776919 0.126002 
1.00805 0.786163 0.125785 
1.00239 0.782352 0.174149 
0.999003 0.791735 0.17353 
0.965628 0.777651 0.16838 
0.961901 0.787241 0.167554 
1.03215 0.778176 0.128111 
1.02876 0.787308 0.128005 
0.964064 0.785338 0.19463 
1.0018 0.777072 0.13215 
0.998166 0.786383 0.131823 
1.01158 0.784006 0.164005 
1.00822 0.79332 0.163504 
0.958629 0.782199 0.17716 
0.954924 0.791856 0.176214 
1.02819 0.783503 0.123338 
1.02478 0.792658 0.123222 
0.972279 0.784778 0.192979 
0.988873 0.783726 0.139953 
0.985199 0.793136 0.139456 
1.02225 0.77744 0.153661 
1.01889 0.786665 0.153319 
0.957408 0.778872 0.185276 
0.953727 0.788546 0.184285 
1.0229 0.785243 0.121452 
0.984209 0.778376 0.1891 
0.980748 0.787889 0.188282 
0.980636 0.779029 0.149579 
0.976926 0.788496 0.148976 
1.02741 0.779984 0.143315 
1.02406 0.789167 0.143066 
0.95817 0.778069 0.191186 
0.954527 0.787749 0.190171 
1.01679 0.783106 0.122573 
1.01327 0.792324 0.122391 
0.992272 0.784892 0.181666 
0.970129 0.782767 0.159294 
0.966408 0.792321 0.158539 
1.03039 0.781216 0.134309 
1.02703 0.79037 0.134137 
0.960695 0.780401 0.194354 
0.957102 0.790075 0.193333 
1.0104 0.777104 0.126629 
1.00682 0.786356 0.1264 
1.00278 0.784758 0.172818 
0.96512 0.776951 0.169628 
0.961393 0.786545 0.168792 
1.03133 0.780122 0.127365 
1.02795 0.789259 0.127252 
0.96461 0.786242 0.194478 
1.00062 0.776864 0.133064 
0.996984 0.786183 0.132723 
1.01513 0.7773 0.163031 
1.01176 0.78658 0.162583 
0.958373 0.781665 0.178258 
0.95467 0.791326 0.177305 
1.02719 0.785034 0.122934 
0.972895 0.786135 0.192448 
0.987797 0.783227 0.141072 
0.984118 0.792644 0.140562 
1.02218 0.780043 0.152266 
1.01883 0.78927 0.151924 
0.957403 0.778609 0.186137 
0.953726 0.788285 0.185143 
1.02524 0.77715 0.121509 
1.02176 0.78631 0.121412 
0.984812 0.780165 0.188221 
0.98136 0.789675 0.187406 
0.97972 0.778343 0.150836 
0.976006 0.787817 0.150221 
1.02707 0.782475 0.142063 
1.02373 0.791662 0.141812 
0.958397 0.778164 0.191734 
0.95476 0.787844 0.190718 
1.01558 0.783694 0.122898 
1.01205 0.79292 0.122704 
0.996214 0.777626 0.181195 
0.992797 0.78705 0.180508 
0.969415 0.782022 0.160584 
0.965692 0.791582 0.159818 
1.02978 0.783465 0.133295 
1.02642 0.792624 0.133118 
0.961116 0.780913 0.194539 
0.957531 0.790585 0.193517 
1.00919 0.777237 0.127295 
1.00559 0.786497 0.127052 
1.00654 0.777845 0.172033 
1.00315 0.787192 0.17147 
0.960915 0.785863 0.170019 
1.03049 0.782021 0.126659 
1.02711 0.791165 0.126539 
0.968713 0.777581 0.195238 
0.965169 0.787201 0.194279 
0.995812 0.785941 0.133654 
1.01528 0.779885 0.161605 
1.01192 0.789166 0.161158 
0.958148 0.78116 0.179331 
0.954447 0.790823 0.178372 
1.02959 0.777374 0.122652 
1.02616 0.786511 0.122573 
0.97701 0.777982 0.19276 
0.973515 0.787546 0.191872 
0.986738 0.782698 0.142213 
0.983054 0.792122 0.14169 
1.02208 0.78264 0.150884 
1.01873 0.791869 0.150541 
0.957428 0.778386 0.186964 
0.953755 0.788064 0.185966 
1.02409 0.778151 0.121525 
1.02061 0.787319 0.121417 
0.98541 0.782002 0.187305 
0.981966 0.791511 0.186493 
0.978827 0.777642 0.152103 
0.97511 0.787122 0.151476 
1.0267 0.784945 0.140835 
0.95865 0.778308 0.19224 
0.955018 0.787988 0.191222 
1.01436 0.784224 0.123265 
1.01082 0.793459 0.123059 
0.996717 0.779825 0.180006 
0.993308 0.789248 0.179322 
0.968729 0.781277 0.161873 
0.965005 0.790842 0.161096 
1.02915 0.785678 0.132313 
0.961558 0.781479 0.194676 
0.957979 0.79115 0.193655 
1.00797 0.777318 0.127999 
1.00437 0.786587 0.127742 
1.00688 0.780305 0.170668 
1.0035 0.789651 0.170108 
0.960469 0.785196 0.171232 
1.02963 0.783872 0.125992 
1.02624 0.793022 0.125865 
0.969277 0.778598 0.19499 
0.965741 0.788216 0.194032 
0.994651 0.785658 0.134615 
1.01541 0.782479 0.160178 
1.01205 0.791761 0.159733 
0.957954 0.780684 0.180378 
0.954256 0.790349 0.179414 
1.02855 0.778788 0.122344 
1.02511 0.787933 0.122255 
0.977626 0.77945 0.192138 
0.974139 0.789011 0.191253 
0.985697 0.782141 0.143375 
0.982008 0.791573 0.142838 
1.02195 0.78523 0.149514 
0.957482 0.778205 0.187754 
0.953813 0.787883 0.186753 
1.02293 0.779094 0.121584 
1.01944 0.78827 0.121465 
0.986002 0.783888 0.186351 
0.982567 0.793394 0.185542 
0.977958 0.776928 0.15338 
0.974237 0.786415 0.15274 
1.02965 0.778228 0.139837 
1.0263 0.78739 0.139632 
0.958929 0.778502 0.192702 
0.955303 0.788181 0.191683 
1.01314 0.784698 0.123674 
1.00959 0.793942 0.123455 
0.997205 0.782062 0.17879 
0.993804 0.791483 0.178109 
0.968071 0.780535 0.163159 
0.964346 0.790106 0.162372 
1.03185 0.778714 0.1315 
1.02848 0.787852 0.131366 
0.962019 0.7821 0.194767 
0.958447 0.791769 0.193747 
1.00676 0.777349 0.128739 
1.00315 0.786626 0.128469 
1.0072 0.782788 0.169289 
1.00382 0.792135 0.168731 
0.960053 0.784547 0.17243 
1.02874 0.785674 0.125366 
0.969852 0.779672 0.194694 
0.966325 0.789287 0.193739 
0.993502 0.785335 0.135605 
1.0155 0.785081 0.158753 
0.957792 0.780239 0.181399 
0.954097 0.789906 0.180429 
1.02749 0.780147 0.122079 
1.02405 0.789299 0.121981 
0.978244 0.780972 0.191472 
0.974766 0.79053 0.19059 
0.984674 0.781558 0.144555 
0.980981 0.790997 0.144005 
1.02513 0.778608 0.148452 
1.02178 0.78781 0.148159 
0.957565 0.778066 0.188508 
0.953901 0.787745 0.187503 
1.02175 0.779979 0.121688 
1.01826 0.789163 0.121557 
0.986587 0.785821 0.185361 
0.973389 0.785696 0.154013 
1.02921 0.780643 0.138663 
1.02586 0.789809 0.138456 
0.959233 0.778746 0.19312 
0.955614 0.788424 0.1921 
1.01191 0.785116 0.124125 
0.997678 0.784335 0.177548 
0.994284 0.793755 0.176871 
0.967442 0.779798 0.16444 
0.963715 0.789373 0.163643 
1.03115 0.780844 0.130594 
1.02778 0.789988 0.130455 
0.962499 0.782775 0.19481 
0.958934 0.792443 0.193791 
1.00555 0.777331 0.129515 
1.00194 0.786616 0.129231 
1.00749 0.785294 0.167899 
0.959668 0.783917 0.173612 
0.955958 0.793564 0.172688 
1.03123 0.778295 0.124869 
1.02782 0.787427 0.124781 
0.970438 0.780801 0.194352 
0.966919 0.790413 0.193399 
0.992365 0.784975 0.136622 
1.01893 0.778436 0.157723 
1.01557 0.787688 0.157329 
0.95766 0.779827 0.182391 
0.953968 0.789496 0.181416 
1.02641 0.78145 0.121859 
1.02296 0.79061 0.12175 
0.978863 0.782546 0.190763 
0.975393 0.792103 0.189885 
0.983671 0.780952 0.145753 
0.979973 0.790398 0.14519 
1.02493 0.781173 0.147115 
1.02159 0.790378 0.146821 
0.957678 0.777971 0.189223 
0.954019 0.78765 0.188216 
1.02057 0.780805 0.121836 
1.01707 0.789997 0.121693 
0.9906 0.778334 0.185087 
0.987165 0.787801 0.184336 
0.972566 0.784969 0.155292 
1.02874 0.78303 0.137518 
1.02539 0.792201 0.137307 
0.959562 0.779042 0.193494 
0.955948 0.788719 0.192473 
1.01068 0.785478 0.124616 
1.00154 0.777258 0.176908 
0.998134 0.786643 0.176284 
0.966842 0.779066 0.165716 
0.963114 0.788646 0.164909 
1.03043 0.782932 0.129724 
1.02706 0.792082 0.129579 
0.962996 0.783506 0.194806 
0.959439 0.793171 0.193788 
1.00435 0.777264 0.130326 
1.00073 0.786558 0.130029 
1.01114 0.778506 0.167002 
1.00776 0.787819 0.166499 
0.959315 0.783308 0.174775 
0.955606 0.792958 0.173844 
1.03029 0.77999 0.124334 
1.02688 0.789129 0.124237 
0.971033 0.781985 0.193963 
0.967521 0.791595 0.193013 
0.991241 0.784578 0.137666 
0.987579 0.793971 0.137199 
1.01896 0.781044 0.156303 
1.01561 0.790298 0.155911 
0.95756 0.779449 0.183353 
0.953871 0.78912 0.182373 
1.02531 0.782696 0.121682 
1.02186 0.791863 0.121563 
0.979481 0.784174 0.190013 
0.97602 0.793727 0.189137 
0.982687 0.780323 0.146968 
0.978985 0.789776 0.146392 
1.0247 0.783724 0.145796 
1.02136 0.792932 0.1455 
0.957819 0.77792 0.189899 
0.954165 0.787599 0.188889 
1.01938 0.781573 0.122027 
1.01587 0.790773 0.121872 
0.99116 0.78036 0.184025 
0.987733 0.789825 0.183278 
0.971769 0.784234 0.156576 
0.968052 0.793776 0.155844 
1.02824 0.785388 0.136401 
0.959914 0.779389 0.193822 
0.956307 0.789065 0.192801 
1.00946 0.785785 0.125148 
1.00197 0.779601 0.175618 
0.998572 0.788984 0.174997 
0.966271 0.778343 0.166984 
0.962543 0.787928 0.166168 
1.02967 0.784978 0.128891 
0.96351 0.784292 0.194754 
0.959961 0.793955 0.193738 
1.00316 0.777151 0.131171 
0.999535 0.786453 0.13086 
1.01138 0.781049 0.165592 
1.00801 0.790362 0.16509 
