0.703826 1.5708 0.108659 
0.703992 1.57296 0.108005 
0.704159 1.57512 0.107352 
0.704329 1.57729 0.106699 
0.704501 1.57945 0.106046 
0.803013 1.5686 -0.132038 
0.99716 1.57075 0.0720649 
0.654371 1.56882 0.0401781 
0.912778 1.57176 -0.114018 
0.893853 1.56489 0.125535 
0.894914 1.57562 0.122929 
0.659388 1.56916 -0.0499563 
1.01092 1.56291 -0.0570802 
1.01041 1.57266 -0.058658 
0.783373 1.56381 0.136556 
0.784502 1.57573 0.133174 
0.719208 1.57162 -0.112317 
1.044 1.56348 0.0144468 
1.04413 1.57298 0.013161 
0.692439 1.57264 0.100255 
0.820159 1.56479 -0.131466 
0.819045 1.5763 -0.134588 
0.983005 1.5714 0.0814034 
0.652207 1.5753 0.0242579 
0.929588 1.57074 -0.106604 
0.876903 1.56998 0.129324 
0.665274 1.56221 -0.0602783 
0.664682 1.57583 -0.0644815 
1.0217 1.56859 -0.0475783 
1.02131 1.57827 -0.0490642 
0.767095 1.56362 0.133707 
0.768204 1.57574 0.130217 
0.73416 1.56273 -0.115387 
0.73313 1.57531 -0.119088 
1.03986 1.56364 0.0261084 
1.0401 1.57317 0.0247834 
0.681641 1.56518 0.0933323 
0.68246 1.57851 0.0892523 
0.837213 1.56859 -0.131639 
0.966728 1.56228 0.0924517 
0.967525 1.57238 0.0904551 
0.651002 1.56671 0.0123292 
0.946775 1.56581 -0.0974779 
0.945932 1.57609 -0.0996309 
0.85856 1.5661 0.134201 
0.859689 1.57718 0.131331 
0.672238 1.56805 -0.0738514 
1.03103 1.57075 -0.036798 
0.75099 1.56389 0.129725 
0.752075 1.57622 0.126129 
0.749345 1.5647 -0.12094 
0.748293 1.57708 -0.124538 
1.03317 1.56346 0.0378129 
1.03351 1.57304 0.036425 
0.672937 1.57043 0.081188 
0.855124 1.56847 -0.129403 
0.950328 1.56398 0.10116 
0.951205 1.57422 0.0990208 
0.651009 1.57127 -0.00404561 
0.963107 1.56834 -0.0892997 
0.96235 1.57848 -0.0913128 
0.840337 1.5648 0.13717 
0.841476 1.57606 0.134171 
0.6807 1.57353 -0.0862941 
1.03833 1.57086 -0.0252716 
0.735494 1.56513 0.124627 
0.736554 1.57767 0.120925 
0.765236 1.56556 -0.125375 
0.764163 1.57774 -0.128865 
1.02432 1.5649 0.0489342 
1.02477 1.57454 0.0474654 
0.665117 1.56232 0.0720985 
0.665731 1.57592 0.0678928 
0.873267 1.56556 -0.12518 
0.87221 1.57651 -0.127926 
0.933843 1.56828 0.108677 
0.934809 1.57865 0.1064 
0.652188 1.56251 -0.0160352 
0.651999 1.57635 -0.0203476 
0.978772 1.5697 -0.0805167 
0.822886 1.56729 0.137763 
0.824051 1.57874 0.134645 
0.691237 1.56622 -0.0935298 
0.690401 1.57942 -0.0975339 
1.04316 1.57098 -0.0136538 
0.721181 1.56819 0.118224 
0.78134 1.56595 -0.128719 
0.780248 1.57792 -0.132102 
1.01388 1.56966 0.0588731 
1.01445 1.57939 0.0573135 
0.659622 1.56865 0.0578147 
0.890074 1.57156 -0.121998 
0.916805 1.56609 0.116716 
0.917813 1.57661 0.114294 
0.654311 1.56885 -0.0320727 
0.993217 1.57071 -0.0714285 
0.805388 1.56231 0.139061 
0.80652 1.57397 0.135825 
0.702055 1.57267 -0.103574 
1.04536 1.56253 -0.000976933 
1.04536 1.57202 -0.00224778 
0.708321 1.57323 0.110368 
0.797615 1.56546 -0.130712 
0.796508 1.57724 -0.133986 
1.00157 1.56805 0.0691685 
1.00222 1.57787 0.0674938 
0.655675 1.57574 0.0426739 
0.907639 1.56458 -0.114598 
0.906653 1.5752 -0.117077 
0.900061 1.56767 0.122852 
0.901125 1.57834 0.120296 
0.658056 1.56228 -0.0433489 
0.657615 1.57601 -0.0476111 
1.00631 1.57057 -0.0617856 
0.789829 1.57214 0.134953 
0.715023 1.56576 -0.108404 
0.714068 1.57862 -0.112237 
1.04481 1.56385 0.0103692 
1.04492 1.57334 0.0090916 
0.695878 1.5663 0.105051 
0.696801 1.57941 0.101074 
0.814458 1.56281 -0.130904 
0.81333 1.57438 -0.134065 
0.987888 1.56836 0.0786992 
0.988617 1.57829 0.0769002 
0.652743 1.56876 0.0312129 
0.924289 1.56502 -0.107934 
0.923357 1.57549 -0.110277 
0.883237 1.57205 0.127188 
0.662835 1.56926 -0.058193 
1.01807 1.56773 -0.0511451 
1.01764 1.57743 -0.0526633 
0.773492 1.57183 0.132484 
0.728451 1.57023 -0.115703 
1.04161 1.56436 0.0219369 
1.04182 1.57388 0.0206288 
0.685524 1.5723 0.0945091 
0.831136 1.56807 -0.131952 
0.830047 1.57946 -0.134999 
0.972814 1.56922 0.0878789 
0.973626 1.57927 0.0859449 
0.651323 1.57445 0.0150562 
0.940448 1.5718 -0.101636 
0.864984 1.56753 0.132617 
0.866114 1.57854 0.129794 
0.669196 1.57533 -0.0720958 
1.02796 1.57102 -0.0407641 
0.757283 1.57208 0.128806 
0.743238 1.57267 -0.121621 
1.03579 1.56413 0.0336785 
1.0361 1.57369 0.0323157 
0.675572 1.56434 0.0868586 
0.67633 1.57777 0.0827334 
0.848807 1.56921 -0.130514 
0.956683 1.57056 0.0967136 
0.650901 1.56527 0.00302593 
0.650913 1.57913 -0.00129786 
0.957698 1.56486 -0.0916752 
0.956895 1.57505 -0.093732 
0.846643 1.5652 0.136303 
0.847779 1.57639 0.133349 
0.677846 1.56733 -0.0807949 
1.03604 1.57159 -0.0294123 
0.741489 1.57302 0.124038 
0.758938 1.57367 -0.126355 
1.02763 1.56476 0.0450781 
1.02805 1.57438 0.0436399 
0.667838 1.5696 0.0739731 
0.866947 1.56712 -0.126921 
0.865889 1.57814 -0.129714 
0.939289 1.56352 0.106871 
0.940206 1.57385 0.104637 
0.651581 1.57004 -0.0133269 
0.973653 1.56649 -0.0830765 
0.972934 1.57655 -0.0849943 
0.828863 1.56627 0.137758 
0.830018 1.57765 0.134681 
0.687158 1.57307 -0.0924822 
1.04177 1.57152 -0.0177633 
0.725677 1.56284 0.121812 
0.726698 1.57551 0.118044 
0.774987 1.57407 -0.130019 
1.01769 1.56827 0.0554657 
1.01822 1.57797 0.0539395 
0.661725 1.57564 0.060001 
0.884935 1.56294 -0.121641 
0.883883 1.57378 -0.124298 
0.923044 1.57033 0.113241 
0.653547 1.56211 -0.0251729 
0.65327 1.57592 -0.0294734 
0.988533 1.56767 -0.0741351 
0.987899 1.57761 -0.0759212 
0.812121 1.57153 0.136686 
0.698461 1.56625 -0.0989738 
0.697582 1.57935 -0.102925 
1.04493 1.56275 -0.00500514 
1.04489 1.57224 -0.00627919 
0.712315 1.56718 0.114497 
0.791163 1.57386 -0.132454 
1.00584 1.5656 0.0661572 
1.00645 1.57539 0.0645185 
0.656743 1.56886 0.049382 
0.901521 1.5676 -0.117414 
0.900537 1.57828 -0.119945 
0.906251 1.57074 0.119988 
0.656443 1.5691 -0.0409195 
1.00207 1.56813 -0.0647694 
1.00152 1.57796 -0.0664338 
0.7952 1.56877 0.136516 
0.710038 1.57256 -0.108157 
1.04531 1.56411 0.00632238 
1.04538 1.57359 0.00504984 
0.700361 1.57305 0.105719 
0.807739 1.57199 -0.133249 
0.992619 1.5654 0.0759329 
0.993305 1.57529 0.074173 
0.653402 1.56209 0.0381147 
0.653709 1.5759 0.033813 
0.9181 1.56926 -0.111365 
0.888459 1.56354 0.12753 
0.889522 1.57432 0.124882 
0.661175 1.56256 -0.0517802 
0.660661 1.57624 -0.0560165 
1.01427 1.56642 -0.054548 
1.0138 1.57615 -0.0560994 
0.778793 1.56802 0.134584 
0.723945 1.56485 -0.112128 
0.722955 1.57758 -0.115899 
1.04304 1.56498 0.0177933 
1.04321 1.57448 0.0164989 
0.688726 1.56605 0.0996012 
0.689604 1.57927 0.0955732 
0.825182 1.56705 -0.131963 
0.824084 1.5785 -0.135051 
0.977992 1.56613 0.0852412 
0.978759 1.57614 0.0833499 
0.651638 1.5682 0.0220806 
0.935025 1.56704 -0.10342 
0.934144 1.57742 -0.105674 
0.871393 1.56921 0.130827 
0.666997 1.569 -0.0660472 
1.02467 1.57095 -0.0446142 
0.762541 1.56806 0.13133 
0.738296 1.56803 -0.118538 
1.03811 1.5649 0.0295077 
1.03839 1.57444 0.0281672 
0.679124 1.57165 0.0882694 
0.842548 1.56957 -0.131366 
0.96214 1.56717 0.0942721 
0.962988 1.5773 0.0922405 
0.650919 1.57314 0.00577376 
0.95141 1.57138 -0.0960279 
0.853019 1.56601 0.135167 
0.854154 1.57713 0.132258 
0.674418 1.57459 -0.0792645 
1.03375 1.56268 -0.0321513 
1.03346 1.57226 -0.0335227 
0.74655 1.56861 0.126981 
0.753755 1.56949 -0.123695 
1.03072 1.56499 0.0411003 
1.03111 1.57458 0.039691 
0.670138 1.56341 0.0799093 
0.670828 1.57693 0.0757427 
0.860603 1.56845 -0.128463 
0.94567 1.56952 0.102641 
0.651271 1.56388 -0.00627906 
0.651184 1.57772 -0.0105995 
0.96842 1.56322 -0.0855762 
0.967656 1.57332 -0.0875366 
0.834969 1.56576 0.137446 
0.836118 1.57708 0.13441 
0.684048 1.56677 -0.0872645 
1.04024 1.56264 -0.0205857 
1.04006 1.57217 -0.0218997 
0.731353 1.5704 0.12147 
0.769739 1.57011 -0.127767 
1.02135 1.56733 0.0518964 
1.02184 1.57699 0.0504027 
0.663471 1.56907 0.0663168 
0.878696 1.5649 -0.123721 
0.877643 1.5758 -0.126426 
0.928369 1.5646 0.111904 
0.92933 1.57502 0.109577 
0.652633 1.56931 -0.0225254 
0.983704 1.56453 -0.0767712 
0.983025 1.57451 -0.0785969 
0.817844 1.56956 0.137256 
0.694107 1.57293 -0.098173 
1.04418 1.56305 -0.00905261 
1.0441 1.57255 -0.0103329 
0.717469 1.57417 0.114598 
0.785869 1.57025 -0.130701 
1.00996 1.56347 0.0630116 
1.01053 1.57323 0.0614082 
0.658443 1.57574 0.0517339 
0.895393 1.57029 -0.120047 
0.911437 1.56358 0.119403 
0.912444 1.57415 0.116936 
0.655423 1.5622 -0.0341428 
0.655064 1.57598 -0.0384272 
0.997686 1.56541 -0.0676278 
0.997094 1.57527 -0.0693286 
0.800635 1.56569 0.137843 
0.801788 1.57739 0.134576 
0.706176 1.56632 -0.103883 
0.70526 1.5793 -0.107779 
1.04548 1.5643 0.00229499 
1.04551 1.57379 0.00102456 
0.704068 1.56676 0.110181 
0.802258 1.56919 -0.132155 
0.997199 1.56257 0.0730894 
0.997842 1.57242 0.0713678 
0.654503 1.56911 0.0406588 
0.912936 1.56249 -0.112166 
0.911951 1.57307 -0.114601 
0.894697 1.56609 0.125004 
0.895763 1.57682 0.122405 
0.659177 1.56944 -0.049503 
1.01032 1.56466 -0.0577868 
1.00981 1.57442 -0.059372 
0.784112 1.56435 0.136503 
0.785246 1.57625 0.133126 
0.718608 1.57197 -0.112161 
1.04414 1.56546 0.0136853 
1.04428 1.57496 0.0124016 
0.692924 1.57294 0.100522 
0.819362 1.56551 -0.131669 
0.818253 1.57703 -0.134796 
0.983036 1.56309 0.0825507 
0.983761 1.57305 0.0807011 
0.652287 1.57564 0.0247565 
0.928751 1.57219 -0.10725 
0.877768 1.57111 0.12885 
0.664987 1.56253 -0.0598595 
0.664402 1.57615 -0.064065 
1.02119 1.57048 -0.0483245 
0.767829 1.56413 0.133703 
0.768942 1.57625 0.130218 
0.733495 1.56315 -0.115282 
0.732469 1.57574 -0.118988 
1.04014 1.56567 0.0253282 
1.04038 1.5752 0.0240071 
0.682072 1.56552 0.0936462 
0.682897 1.57884 0.0895694 
0.836374 1.56948 -0.131939 
0.96754 1.56395 0.0917286 
0.968344 1.57404 0.0897411 
0.651027 1.5671 0.012837 
0.945932 1.5674 -0.0981665 
0.945095 1.57769 -0.100328 
0.859433 1.56717 0.133784 
0.860568 1.57823 0.130922 
0.671881 1.5684 -0.0734757 
1.03093 1.56315 -0.0361759 
1.03061 1.57275 -0.037573 
0.75171 1.5644 0.129762 
0.752799 1.57672 0.12617 
0.748636 1.56518 -0.120883 
0.747589 1.57757 -0.124485 
1.03357 1.56549 0.0370282 
1.03392 1.57506 0.0356459 
0.673309 1.57079 0.0815494 
0.854261 1.56949 -0.129787 
0.951175 1.56561 0.100445 
0.952059 1.57584 0.0983151 
0.650987 1.57167 -0.00353641 
0.96229 1.56999 -0.0900051 
0.841192 1.56575 0.136834 
0.842336 1.577 0.133841 
0.680282 1.57387 -0.0859654 
1.03824 1.56335 -0.0247178 
1.03803 1.5729 -0.0260498 
0.736174 1.56558 0.124709 
0.737239 1.57811 0.121013 
0.764508 1.56606 -0.125358 
0.763439 1.57824 -0.128853 
1.02482 1.56683 0.0481711 
1.02528 1.57647 0.0467091 
0.665412 1.56266 0.0725021 
0.666032 1.57626 0.0682987 
0.872409 1.56666 -0.125627 
0.871357 1.57762 -0.12838 
0.934694 1.56979 0.108005 
0.652112 1.56287 -0.0155322 
0.65193 1.5767 -0.0198453 
0.978011 1.57135 -0.0812141 
0.823701 1.56808 0.137524 
0.82487 1.57952 0.134412 
0.690765 1.56651 -0.0932468 
1.0431 1.56347 -0.0131275 
1.04299 1.57298 -0.014417 
0.721802 1.56856 0.118362 
0.780606 1.56646 -0.128747 
0.779519 1.57844 -0.132135 
1.01446 1.57145 0.0581474 
0.659844 1.56895 0.0582573 
0.889237 1.57272 -0.122502 
0.917645 1.56744 0.116104 
0.918659 1.57795 0.113691 
0.654185 1.56915 -0.031585 
0.993164 1.56247 -0.070381 
0.992528 1.57237 -0.072119 
0.806157 1.56295 0.138912 
0.807294 1.5746 0.135681 
0.701535 1.57296 -0.103343 
1.04532 1.56449 -0.00172704 
1.04532 1.57398 -0.00299834 
0.70888 1.57353 0.110564 
0.796868 1.56602 -0.130801 
0.795765 1.5778 -0.13408 
1.00223 1.56974 0.0684655 
0.655439 1.56226 0.0474312 
0.655832 1.57603 0.0431468 
0.906809 1.56584 -0.115155 
0.905828 1.57647 -0.117642 
0.900902 1.5689 0.122303 
0.657865 1.56255 -0.0428845 
0.657431 1.57629 -0.0471482 
1.00624 1.5625 -0.0608691 
1.00569 1.57229 -0.0624889 
0.790576 1.57268 0.134883 
0.714443 1.56608 -0.108226 
0.713492 1.57894 -0.112064 
1.04491 1.56582 0.00961315 
1.04502 1.57531 0.0083369 
0.696379 1.5666 0.105299 
0.813675 1.56348 -0.131074 
0.812552 1.57506 -0.13424 
0.988617 1.57002 0.0779976 
0.652838 1.56909 0.0317059 
0.923452 1.56642 -0.108554 
0.922527 1.5769 -0.110906 
0.883031 1.56237 0.129387 
0.884097 1.5732 0.126696 
0.662577 1.56957 -0.0577622 
1.01752 1.56957 -0.0518787 
1.01709 1.57928 -0.0534039 
0.774231 1.57235 0.132467 
0.727809 1.57063 -0.115583 
1.04184 1.56639 0.0211624 
1.04205 1.5759 0.0198575 
0.685978 1.57263 0.094808 
0.83031 1.56891 -0.132219 
0.973613 1.57089 0.0871649 
0.651369 1.57482 0.0155616 
0.940491 1.56302 -0.100113 
0.939606 1.57335 -0.102317 
0.865857 1.56863 0.132178 
0.669523 1.56213 -0.067537 
0.668867 1.57567 -0.0717065 
1.02786 1.56337 -0.0401078 
1.0275 1.57299 -0.0415326 
0.758014 1.57259 0.128831 
0.742543 1.57313 -0.121551 
1.03615 1.56617 0.0328924 
1.03646 1.57573 0.0315345 
0.675964 1.5647 0.0872026 
0.676728 1.57812 0.0830803 
0.847949 1.5702 -0.130872 
0.957527 1.57221 0.095998 
0.650893 1.56568 0.00353545 
