1.19247 0.00404851 -0.145629 
1.25679 0.00166163 0.0421903 
1.19298 0.00793787 0.10432 
1.21415 0.00197587 -0.172611 
1.21917 0.00239589 0.173539 
1.19611 0.0036341 -0.0691155 
1.25422 0.00134099 -0.0592853 
1.19005 0.00654311 0.170504 
1.19643 0.00420973 -0.175512 
1.24443 0.00243144 0.11345 
1.19728 0.00501258 0.0306111 
1.2334 0.000807142 -0.139521 
1.23456 0.00853495 -0.136741 
1.20078 0.0066772 0.191178 
1.19257 0.00232796 -0.131881 
1.25812 0.00507172 0.0199369 
1.19227 0.00329214 0.121425 
1.20982 0.00668973 -0.175898 
1.22499 0.0034131 0.163883 
1.1971 0.00497269 -0.046676 
1.25081 0.00329954 -0.0800462 
1.19226 0.000713543 0.177587 
1.19061 0.00865839 0.180356 
1.19358 0.000618035 -0.170831 
1.19511 0.00855112 -0.168023 
1.24912 0.00308033 0.0941089 
1.19635 0.00577558 0.0538446 
1.22798 0.0039176 -0.151226 
1.20653 0.00141679 0.187328 
1.19405 0.00706203 -0.113529 
1.25838 0.00103601 -0.00538499 
1.2584 0.00864837 -0.00251529 
1.19042 0.00783371 0.140076 
1.20413 0.00167662 -0.180178 
1.23058 0.0062811 0.152524 
1.19767 0.00578411 -0.0235454 
1.24649 0.00412214 -0.0996593 
1.19333 0.00476731 0.185506 
1.19278 0.00302201 -0.161406 
1.25291 0.00490941 0.0735659 
1.19501 0.00703615 0.0764407 
1.2223 0.00517445 -0.161239 
1.21084 0.0059091 0.184402 
1.19453 0.00257824 -0.0967093 
1.25746 0.00448025 -0.0277061 
1.19008 0.00587647 0.154192 
1.20028 0.00263045 -0.17992 
1.23702 0.00322683 0.13674 
1.19779 0.0063033 -2.01652e-05 
1.24132 0.00353359 -0.117894 
1.19655 0.00286164 0.188722 
1.19239 0.00356716 -0.150054 
1.25573 0.00761882 0.0520898 
1.1943 0.00108447 0.0950794 
1.21647 0.00455321 -0.169549 
1.21682 0.00442282 0.17704 
1.19589 0.00497528 -0.075602 
1.25552 0.00749471 -0.0495688 
1.1901 0.00556401 0.166566 
1.19681 0.00165172 -0.177797 
1.24277 0.0018962 0.11933 
1.19742 0.00676862 0.0235875 
1.23541 0.00130586 -0.134578 
1.2002 0.00292566 0.190029 
1.19239 0.00238295 -0.136882 
1.25781 0.00328518 0.0271207 
1.19259 0.00401633 0.115635 
1.21061 0.00204763 -0.176145 
1.22272 0.004813 0.167955 
1.19694 0.00653865 -0.0534446 
1.252 0.00213668 -0.0735082 
1.19052 0.00705511 0.177065 
1.19537 0.00663858 -0.170971 
1.24773 0.00209388 0.100438 
1.19659 0.00741897 0.046961 
1.23012 0.00502513 -0.146839 
1.20419 0.0049147 0.18948 
1.19384 0.00758841 -0.119063 
1.25843 0.00683966 0.00469765 
1.19201 0.000172826 0.131847 
1.19072 0.00812226 0.134785 
1.20638 0.00551803 -0.178271 
1.22842 0.00706441 0.157161 
1.1976 0.00749829 -0.0305053 
1.24796 0.00336662 -0.0935287 
1.19308 0.00251629 0.182862 
1.19287 0.00174564 -0.164994 
1.25181 0.00356538 0.0802646 
1.19602 0.000559025 0.0666961 
1.19532 0.00849021 0.0697923 
1.22453 0.00690805 -0.157418 
1.21007 0.000931049 0.184436 
1.19427 0.00350324 -0.102695 
1.25787 0.00274842 -0.0205733 
1.19028 0.00566125 0.149446 
1.20243 0.00711484 -0.17861 
1.23506 0.00340981 0.141934 
1.19774 0.000165514 -0.0102286 
1.19781 0.00808781 -0.0070743 
1.24305 0.00327221 -0.112241 
1.19444 0.00788211 0.18945 
1.19235 0.0028953 -0.154276 
1.25494 0.00601812 0.0590646 
1.19461 0.00227538 0.0887414 
1.21877 0.00691798 -0.166296 
1.21445 0.00666163 0.180347 
1.19566 0.00622545 -0.0819787 
1.25625 0.00593803 -0.0426231 
1.19018 0.00478365 0.162418 
1.19883 0.00679314 -0.177104 
1.24104 0.00152825 0.125049 
1.19772 0.00062191 0.0133879 
1.19755 0.00854471 0.0165402 
1.23736 0.00160739 -0.129453 
1.19795 0.00728593 0.191377 
1.19224 0.00226689 -0.141696 
1.2574 0.00152749 0.0342709 
1.19291 0.00486873 0.109699 
1.21292 0.00504545 -0.173465 
1.22041 0.00642311 0.171835 
1.19617 0.000110284 -0.0632387 
1.19677 0.00803869 -0.0601312 
1.25308 0.000860393 -0.0668537 
1.25362 0.00849606 -0.0640034 
1.19047 0.00566223 0.173555 
1.19567 0.00451237 -0.173697 
1.24626 0.00124676 0.106627 
1.19721 0.00118267 0.0368859 
1.23221 0.00592547 -0.142264 
1.20353 0.000746703 0.188732 
1.20185 0.00863016 0.191428 
1.19246 2.30259e-05 -0.127392 
1.19365 0.00796638 -0.124431 
1.25835 0.00502754 0.0119131 
1.19228 0.000614586 0.126371 
1.19104 0.0085629 0.129325 
1.20711 0.00128254 -0.178906 
1.22759 0.000292921 0.158878 
1.22621 0.00805301 0.161609 
1.19714 0.00124755 -0.0405501 
1.24934 0.00246629 -0.0872547 
1.19286 0.000480839 0.179995 
1.19119 0.00842228 0.182753 
1.193 0.000261273 -0.168364 
1.19451 0.00819777 -0.165547 
1.25062 0.00232854 0.0868507 
1.19626 0.00208508 0.0599525 
1.22543 0.000663546 -0.156165 
1.22673 0.00843033 -0.153406 
1.2077 0.00400386 0.18698 
1.19402 0.00430417 -0.108537 
1.25817 0.000980531 -0.0134019 
1.25825 0.00859374 -0.0105324 
1.19052 0.0056205 0.144511 
1.20305 0.00349621 -0.179849 
1.23303 0.00378678 0.146947 
1.19769 0.0019353 -0.0172611 
1.24469 0.002839 -0.106424 
1.19409 0.00519618 0.18725 
1.19235 0.00202758 -0.158289 
1.25406 0.00449094 0.0659591 
1.19491 0.00356193 0.0822906 
1.21964 0.00127474 -0.165601 
1.21364 0.00128216 0.180764 
1.19543 0.00737636 -0.0882372 
1.25687 0.00431249 -0.0356039 
1.19031 0.00419681 0.158065 
1.19932 0.00380756 -0.178968 
1.23922 0.00133544 0.130598 
1.19776 0.00240974 0.00632584 
1.23924 0.00171675 -0.124149 
1.19746 0.00395455 0.189816 
1.19212 0.00197288 -0.146318 
1.25652 0.00742925 0.0442335 
1.19325 0.00584128 0.103625 
1.21375 4.51759e-06 -0.173329 
1.21522 0.00783007 -0.170591 
1.21957 0.000443952 0.172813 
1.21807 0.00824425 0.175523 
1.19594 0.00153518 -0.0698249 
1.25456 0.00711276 -0.0572399 
1.19047 0.00447662 0.169829 
1.19601 0.00217213 -0.176202 
1.24469 0.000548811 0.112667 
1.24372 0.00822593 0.115461 
1.19736 0.00290979 0.0298958 
1.23425 0.00662125 -0.137503 
1.20123 0.00466921 0.190489 
1.19224 0.000244118 -0.132572 
1.19348 0.00818817 -0.129626 
1.25816 0.00322262 0.0191191 
1.19257 0.0012007 0.120733 
1.20941 0.00470321 -0.176611 
1.22537 0.00147802 0.163146 
1.19698 0.00287174 -0.0473902 
1.25063 0.00143116 -0.0808455 
1.19105 0.00660272 0.179682 
1.19472 0.00650156 -0.168714 
1.24934 0.00120982 0.0933147 
1.19649 0.00367373 0.0531335 
1.22763 0.00198629 -0.151972 
1.20532 0.00729159 0.189325 
1.19378 0.0049729 -0.114228 
1.2584 0.00679965 -0.00333409 
1.19078 0.00574708 0.139394 
1.20527 0.00755064 -0.178139 
1.23094 0.00436226 0.151775 
1.19762 0.00368181 -0.0242623 
1.24626 0.00224224 -0.100448 
1.19378 0.00272564 0.184827 
1.19239 0.00095928 -0.162091 
1.25308 0.00304843 0.0727623 
1.19521 0.00493594 0.0757358 
1.22193 0.00322646 -0.161975 
1.21127 0.0039338 0.183694 
1.19428 0.000483593 -0.0974109 
1.1952 0.00841973 -0.0943691 
1.2574 0.00262901 -0.0285226 
1.19046 0.00379767 0.153512 
1.19985 0.000611623 -0.180615 
1.20143 0.00851005 -0.177861 
1.23734 0.00132483 0.135975 
1.19779 0.00420033 -0.000737635 
1.24105 0.00163982 -0.11867 
1.197 0.000834646 0.188037 
1.19203 0.00149446 -0.150741 
1.25585 0.00576469 0.0512789 
1.19359 0.00692584 0.09742 
1.21608 0.00258818 -0.170273 
1.21724 0.00246482 0.176319 
1.1957 0.00287749 -0.0763102 
1.25541 0.00563832 -0.0503807 
1.1905 0.00349444 0.165889 
1.19797 0.0075353 -0.175718 
1.24305 9.29279e-06 0.118552 
1.24202 0.00769422 0.12134 
1.19749 0.00466564 0.0228716 
1.23622 0.00711585 -0.132557 
1.20064 0.000913704 0.189338 
1.19205 0.00030158 -0.137571 
1.19333 0.00824619 -0.134641 
1.25787 0.00143554 0.0263036 
1.19288 0.00192321 0.114942 
1.21019 6.53709e-05 -0.176857 
1.2117 0.00790925 -0.174121 
1.22311 0.00287203 0.167223 
1.19681 0.0044385 -0.0541579 
1.25182 0.000271648 -0.0743103 
1.25242 0.00791303 -0.0714657 
1.19095 0.00499601 0.17639 
1.19496 0.00459281 -0.171661 
1.24796 0.000219865 0.0996471 
1.2471 0.00788151 0.102457 
1.19671 0.00531663 0.0462489 
1.22978 0.00309979 -0.14759 
1.20464 0.00291794 0.188783 
1.19355 0.00550134 -0.119761 
1.25844 0.00499128 0.00387887 
1.19106 0.00603356 0.134101 
1.20597 0.00352061 -0.178978 
1.22879 0.00513996 0.156417 
1.19753 0.0053965 -0.0312217 
1.24774 0.00149088 -0.0943209 
1.19351 0.000470907 0.182181 
1.19183 0.00840866 0.18493 
1.19397 0.00762598 -0.162851 
1.252 0.00170176 0.0794635 
1.19551 0.0063892 0.0690861 
1.22417 0.00496622 -0.158158 
1.20888 0.00679865 0.186429 
1.19401 0.0014102 -0.103395 
1.25782 0.000898441 -0.0213907 
1.25797 0.00851312 -0.0185221 
1.19065 0.00357992 0.148765 
1.20201 0.00510233 -0.179311 
1.23539 0.00150267 0.141174 
1.1978 0.00598505 -0.0077918 
1.24279 0.00138333 -0.113021 
1.19489 0.00584895 0.188771 
1.19198 0.000825675 -0.154961 
1.25508 0.00416224 0.0582556 
1.19483 0.000177585 0.0880383 
1.19393 0.0081143 0.0910933 
1.21838 0.00495923 -0.167025 
1.21487 0.00469752 0.179633 
1.19546 0.00412891 -0.0826858 
1.25615 0.00408376 -0.0434367 
1.19058 0.00271112 0.16174 
1.19841 0.00476574 -0.177799 
1.24025 0.00732996 0.127055 
1.1976 0.00644164 0.0158239 
1.23814 0.00741346 -0.12743 
1.19841 0.00526772 0.190692 
1.19189 0.000188146 -0.142384 
1.1932 0.00813318 -0.13947 
1.25718 0.00729402 0.0363163 
1.19319 0.00277407 0.109004 
1.21252 0.00306954 -0.174183 
1.22081 0.00447616 0.171109 
1.19662 0.00593947 -0.0608436 
1.25348 0.00663483 -0.0648107 
1.1909 0.00359979 0.172879 
1.19525 0.00247047 -0.174386 
1.24559 0.0070375 0.108644 
1.19692 0.00700539 0.0393088 
1.23188 0.00400598 -0.14302 
1.2023 0.00662713 0.190738 
1.19335 0.00588153 -0.125127 
1.25838 0.0031792 0.0110945 
1.19136 0.00647227 0.128639 
1.20824 0.00715143 -0.176876 
1.22659 0.00612282 0.160871 
1.19742 0.00707083 -0.0381293 
1.24913 0.000594455 -0.0880501 
1.24985 0.00824812 -0.0852159 
1.19164 0.00637102 0.18208 
1.19412 0.00614414 -0.166237 
1.25082 0.000461999 0.0860525 
1.25007 0.00811022 0.0888761 
1.19579 0.00791348 0.0623507 
1.22638 0.0064946 -0.154152 
1.20814 0.00201832 0.186276 
1.19375 0.00221289 -0.109236 
1.25824 0.00674486 -0.011351 
1.19088 0.00353679 0.143829 
1.20263 0.00148789 -0.180549 
1.23337 0.00187433 0.146192 
1.19779 0.00775529 -0.014826 
1.24445 0.000954781 -0.107208 
1.24532 0.00863013 -0.104391 
1.19454 0.0031592 0.18657 
1.19341 0.00790415 -0.15612 
1.25421 0.00263301 0.0651522 
