0.756024 1.5708 0.0660604 
0.756127 1.57285 0.0654701 
0.756232 1.57491 0.06488 
0.756339 1.57696 0.0642899 
0.756448 1.57902 0.0637001 
0.823535 1.56589 -0.0774598 
0.822869 1.57743 -0.0805104 
0.922228 1.56342 0.0556549 
0.922703 1.57396 0.0533607 
0.717419 1.56765 0.00536498 
0.917723 1.56567 -0.052162 
0.917271 1.57626 -0.0544849 
0.828633 1.56477 0.0845214 
0.829348 1.57624 0.0814993 
0.752177 1.5705 -0.0590005 
0.961564 1.56504 0.00671196 
0.961629 1.57524 0.00475532 
0.743485 1.56315 0.0600177 
0.743982 1.57566 0.0563855 
0.84085 1.5724 -0.0786344 
0.907525 1.57113 0.0625973 
0.718291 1.56755 -0.00791716 
0.931459 1.5715 -0.044244 
0.810906 1.56212 0.0846041 
0.811598 1.57379 0.0814534 
0.765904 1.56623 -0.0650171 
0.765337 1.57846 -0.0684828 
0.958364 1.56252 0.018755 
0.958517 1.57274 0.0167693 
0.733783 1.5735 0.0471972 
0.859174 1.56325 -0.0738558 
0.858518 1.57441 -0.0766411 
0.891263 1.57173 0.0698765 
0.721558 1.56731 -0.0207925 
0.94365 1.56406 -0.0326997 
0.943356 1.57442 -0.0348059 
0.793949 1.56289 0.0819604 
0.794626 1.57476 0.0786885 
0.78066 1.57229 -0.0723596 
0.951862 1.5715 0.0282224 
0.726028 1.57227 0.0363699 
0.876218 1.57193 -0.0716346 
0.873724 1.56539 0.0773582 
0.87439 1.57639 0.0746745 
0.727274 1.5667 -0.0327771 
0.726985 1.57944 -0.0365247 
0.952957 1.56459 -0.0221338 
0.952761 1.57487 -0.0241618 
0.778019 1.56658 0.0767919 
0.778686 1.57863 0.073407 
0.79733 1.56402 -0.0741005 
0.796673 1.57586 -0.0773403 
0.942178 1.57223 0.0387602 
0.720764 1.57167 0.0242611 
0.893585 1.56528 -0.0639966 
0.893029 1.5761 -0.0665149 
0.855903 1.56329 0.0821287 
0.856588 1.57447 0.079308 
0.735462 1.56546 -0.0434371 
0.735069 1.57809 -0.0471241 
0.959147 1.56319 -0.0106525 
0.959043 1.57341 -0.0126281 
0.763425 1.57269 0.0692608 
0.814321 1.5648 -0.0766591 
0.813652 1.57645 -0.0797764 
0.929652 1.56498 0.0503031 
0.930095 1.57545 0.0480719 
0.717949 1.57143 0.0113156 
0.909664 1.56565 -0.0566135 
0.909173 1.57631 -0.0590023 
0.838161 1.5657 0.0838405 
0.838879 1.57706 0.0808884 
0.74604 1.5633 -0.0524368 
0.745552 1.57579 -0.0560464 
0.961719 1.5708 -0.000574041 
0.749943 1.56844 0.0630666 
0.831351 1.57351 -0.0794561 
0.915697 1.571 0.0581758 
0.717524 1.57133 -0.00198072 
0.924609 1.56263 -0.0473386 
0.924176 1.57315 -0.0496032 
0.820818 1.57255 0.0823825 
0.758219 1.57225 -0.0630835 
0.960567 1.56799 0.0115799 
0.960696 1.5782 0.00961473 
0.738578 1.56557 0.0549114 
0.739053 1.57814 0.0512437 
0.849531 1.56661 -0.0762387 
0.848883 1.57787 -0.0790977 
0.899942 1.56969 0.0665722 
0.719478 1.57118 -0.0151295 
0.937498 1.56711 -0.0387281 
0.937174 1.57752 -0.0408873 
0.803406 1.57174 0.0810603 
0.772751 1.56717 -0.0681285 
0.772168 1.57931 -0.071545 
0.955692 1.56596 0.0234046 
0.95591 1.5762 0.0213963 
0.729582 1.5638 0.0449645 
0.729955 1.5765 0.0412313 
0.867238 1.56662 -0.0728862 
0.866618 1.57769 -0.075611 
0.88333 1.5721 0.0727709 
0.723853 1.57078 -0.0276361 
0.948251 1.56887 -0.0287398 
0.948027 1.57918 -0.0308089 
0.786227 1.56214 0.0804403 
0.786885 1.5741 0.0771134 
0.788137 1.57216 -0.0744031 
0.947489 1.56553 0.0345112 
0.947801 1.57584 0.0324319 
0.723073 1.56283 0.0335197 
0.723337 1.57562 0.0297387 
0.884819 1.56224 -0.0666782 
0.884215 1.57314 -0.0692647 
0.865615 1.56776 0.0789895 
0.866313 1.57883 0.0762443 
0.730699 1.56988 -0.0390343 
0.95621 1.56838 -0.0176763 
0.956081 1.57863 -0.0196777 
0.770883 1.56698 0.0741679 
0.771532 1.57913 0.0707321 
0.805313 1.56268 -0.0750568 
0.804637 1.57443 -0.0782389 
0.936542 1.56731 0.0445669 
0.936953 1.57772 0.042395 
0.719047 1.56238 0.020981 
0.719195 1.57523 0.0171704 
0.901293 1.56466 -0.0605168 
0.900762 1.5754 -0.062973 
0.847798 1.56782 0.0823093 
0.848521 1.57908 0.0794293 
0.739996 1.56821 -0.0489307 
0.960796 1.5663 -0.00587175 
0.960758 1.5765 -0.00783406 
0.757035 1.57407 0.0655878 
0.821986 1.57346 -0.079431 
0.923494 1.57178 0.0532585 
0.717441 1.56221 0.00781767 
0.717471 1.57509 0.00399539 
0.916897 1.56338 -0.0522042 
0.916426 1.57398 -0.0545328 
0.830219 1.5724 0.0824898 
0.751602 1.56548 -0.0570484 
0.751094 1.57789 -0.0606174 
0.961635 1.56348 0.00627991 
0.961684 1.57368 0.00432382 
0.74448 1.57055 0.0584346 
0.839945 1.56875 -0.0777856 
0.908389 1.56872 0.0626318 
0.908962 1.57938 0.060226 
0.718214 1.56212 -0.00547613 
0.718124 1.57499 -0.00929225 
0.930707 1.56943 -0.0444124 
0.812437 1.56965 0.0826678 
0.764653 1.57362 -0.0667024 
0.958792 1.57113 0.0163643 
0.734173 1.56827 0.0493902 
0.85759 1.5711 -0.0760286 
0.892166 1.56905 0.0700798 
0.721172 1.57474 -0.0221939 
0.943031 1.56218 -0.0329666 
0.942721 1.57254 -0.0350773 
0.795414 1.57035 0.0801118 
0.779916 1.56765 -0.0707564 
0.952332 1.56977 0.0278734 
0.726306 1.56694 0.0386808 
0.875291 1.56896 -0.071243 
0.874656 1.56241 0.0777579 
0.875301 1.5734 0.0750802 
0.726668 1.57411 -0.0342239 
0.952497 1.56287 -0.0224825 
0.952285 1.57315 -0.0245138 
0.779404 1.57399 0.0750241 
0.795862 1.57146 -0.0759315 
0.942804 1.57035 0.0384923 
0.720933 1.56627 0.0266568 
0.721168 1.5791 0.0228601 
0.892687 1.56261 -0.0637976 
0.892111 1.57343 -0.0663219 
0.857499 1.57115 0.0799373 
0.734642 1.57286 -0.0449439 
0.958765 1.57179 -0.0130354 
0.764079 1.56785 0.0710553 
0.812792 1.57232 -0.0785778 
0.930409 1.56292 0.0501332 
0.930835 1.57338 0.0479073 
0.718015 1.566 0.0137588 
0.718132 1.57887 0.00994063 
0.908805 1.56324 -0.0565799 
0.908296 1.57391 -0.0589746 
0.839765 1.5734 0.0817547 
0.745019 1.57069 -0.0540114 
0.961662 1.56924 -0.0010061 
0.961688 1.57944 -0.00296127 
0.750512 1.56342 0.0650289 
0.751054 1.57583 0.0614473 
0.830459 1.56969 -0.0784828 
0.916528 1.56872 0.0581332 
0.917065 1.57931 0.0557945 
0.717492 1.56589 0.000471295 
0.717489 1.57877 -0.00335038 
0.923372 1.57098 -0.04971 
0.821681 1.56857 0.0834785 
0.757595 1.5673 -0.0612097 
0.960737 1.56641 0.0111561 
0.96085 1.57662 0.00919209 
0.739493 1.57297 0.0533638 
0.848627 1.56312 -0.0754979 
0.847956 1.57438 -0.0783626 
0.900831 1.56716 0.0666808 
0.901425 1.57789 0.0642127 
0.719345 1.56576 -0.0127076 
0.719224 1.57862 -0.0165149 
0.936806 1.56513 -0.0389447 
0.936465 1.57555 -0.0411088 
0.804228 1.56746 0.0823735 
0.804948 1.57921 0.0791758 
0.772056 1.56241 -0.0664265 
0.771445 1.57456 -0.0698478 
0.956071 1.5643 0.0230207 
0.956275 1.57454 0.0210153 
0.730285 1.57121 0.043484 
0.866321 1.56346 -0.0723763 
0.86568 1.57455 -0.075107 
0.884243 1.56928 0.0730643 
0.723615 1.56541 -0.0252825 
0.723379 1.5782 -0.0290576 
0.947695 1.56706 -0.0290496 
0.947455 1.57739 -0.0311228 
0.787648 1.56957 0.0786282 
0.787364 1.56762 -0.0728882 
0.948046 1.56373 0.0341949 
0.948343 1.57404 0.0321197 
0.723556 1.57026 0.0320943 
0.883292 1.57031 -0.0689694 
0.866544 1.56462 0.0794934 
0.867219 1.57569 0.076754 
0.73035 1.56459 -0.0367844 
0.730007 1.57729 -0.0405093 
0.955832 1.56672 -0.0180562 
0.955688 1.57697 -0.0200604 
0.771594 1.56224 0.0758659 
0.772215 1.57438 0.0724349 
0.803805 1.57015 -0.0769256 
0.937236 1.56535 0.0443416 
0.937631 1.57575 0.0421747 
0.719308 1.56982 0.0195934 
0.900412 1.56211 -0.0603987 
0.899861 1.57286 -0.0628609 
0.848715 1.56434 0.0830451 
0.849415 1.57559 0.0801709 
0.739538 1.56303 -0.0468136 
0.739095 1.57561 -0.0504707 
0.960629 1.56472 -0.00629399 
0.960575 1.57493 -0.00825755 
0.757644 1.56914 0.0674635 
0.821113 1.56947 -0.0783354 
0.924284 1.56961 0.0531472 
0.717484 1.56966 0.00644762 
0.915581 1.57169 -0.054571 
0.831101 1.56859 0.0834637 
0.750509 1.57286 -0.0586576 
0.961728 1.57211 0.00389159 
0.744996 1.56545 0.0604725 
0.745517 1.57794 0.0568512 
0.839049 1.56508 -0.0769202 
0.838382 1.57645 -0.0798567 
0.909253 1.56632 0.0626553 
0.909808 1.57698 0.0602553 
0.718038 1.56956 -0.0068497 
0.929953 1.56735 -0.0445728 
0.929579 1.57783 -0.0467952 
0.813287 1.56553 0.0838665 
0.814003 1.57716 0.0807335 
0.763985 1.56876 -0.0649092 
0.959057 1.56951 0.0159562 
0.734582 1.56304 0.0515734 
0.735005 1.57568 0.0478767 
0.856669 1.56777 -0.0753999 
0.856037 1.57896 -0.0782055 
0.893072 1.5664 0.0702699 
0.89369 1.5772 0.067739 
0.720982 1.56934 -0.0197998 
0.94208 1.57065 -0.0353422 
0.796215 1.56595 0.0815204 
0.796915 1.57779 0.0782651 
0.779186 1.56299 -0.0691397 
0.778559 1.57505 -0.0725097 
0.952793 1.56806 0.0275195 
0.953063 1.57833 0.0254869 
0.726921 1.57436 0.0372292 
0.87437 1.56596 -0.0708364 
0.873762 1.57696 -0.0735061 
0.876217 1.57043 0.0754708 
0.726371 1.56878 -0.0319155 
0.951801 1.57142 -0.024861 
0.780137 1.56935 0.0766275 
0.795063 1.56703 -0.0745082 
0.794429 1.5789 -0.0777645 
0.943424 1.56848 0.0382177 
0.94379 1.57883 0.036105 
0.721328 1.57371 0.0252523 
0.891197 1.57074 -0.066116 
0.858417 1.56785 0.0805501 
0.859128 1.579 0.07775 
0.734233 1.56762 -0.0427541 
0.958476 1.57018 -0.0134397 
0.76475 1.56301 0.072837 
0.765353 1.57524 0.0693573 
0.811943 1.56816 -0.0773636 
0.931572 1.57132 0.0477346 
0.71819 1.57344 0.0123823 
0.907419 1.57149 -0.0589362 
0.84066 1.56976 0.0826043 
0.744505 1.56557 -0.0519651 
0.74404 1.57808 -0.0555858 
0.961594 1.56768 -0.00143758 
0.961605 1.57787 -0.00339334 
0.751614 1.57082 0.0634018 
0.829578 1.56584 -0.0774931 
0.828912 1.57731 -0.0804996 
0.917359 1.56645 0.0580808 
0.917878 1.57703 0.0557477 
0.717448 1.57334 -0.000897923 
0.922566 1.56879 -0.0498079 
0.922159 1.57934 -0.0520922 
0.822555 1.56461 0.0845583 
0.823268 1.57615 0.0814919 
0.756988 1.56235 -0.0593236 
0.756434 1.57469 -0.0628536 
0.960895 1.56484 0.0107304 
0.960993 1.57504 0.0087676 
0.739952 1.56781 0.0554734 
0.847037 1.57087 -0.077611 
0.901721 1.56465 0.0667774 
0.902297 1.57538 0.0643152 
0.719082 1.5732 -0.0140906 
0.936109 1.56314 -0.039154 
0.935751 1.57356 -0.0413231 
0.805062 1.56321 0.0836716 
0.805756 1.57495 0.0804792 
0.770738 1.56979 -0.0681374 
0.956441 1.56264 0.0226329 
0.956629 1.57288 0.0206302 
0.730633 1.56594 0.045728 
0.731032 1.57862 0.0420025 
0.864748 1.57138 -0.0745873 
0.88516 1.56648 0.0733436 
0.885802 1.57737 0.0707499 
0.723132 1.57283 -0.0266998 
0.947132 1.56525 -0.0293536 
0.946876 1.57558 -0.0314309 
0.788424 1.56506 0.0801289 
0.789105 1.57699 0.0768179 
0.786604 1.56306 -0.0713594 
0.78596 1.57503 -0.0746762 
0.948877 1.57226 0.0318017 
0.723793 1.5649 0.0344436 
0.724083 1.57768 0.030668 
0.882372 1.56746 -0.0686602 
0.881794 1.57839 -0.071268 
0.868132 1.57256 0.077248 
0.729649 1.572 -0.0382535 
0.955444 1.56504 -0.018432 
0.955284 1.5753 -0.0204391 
0.772914 1.56965 0.0741244 
0.802986 1.56584 -0.0755972 
0.802333 1.57762 -0.0787965 
0.937926 1.5634 0.044109 
0.938304 1.5738 0.041947 
0.719439 1.56441 0.0220128 
0.719615 1.57726 0.0182051 
0.898963 1.5703 -0.0627369 
0.850318 1.57213 0.0808957 
0.738627 1.57042 -0.0483466 
0.96045 1.56313 -0.00671437 
0.960381 1.57334 -0.00867924 
0.758271 1.56421 0.0693268 
0.758855 1.57653 0.0658008 
0.820251 1.56546 -0.0772238 
0.819584 1.57704 -0.0802982 
0.925071 1.56746 0.0530269 
0.925556 1.57797 0.0507585 
0.717514 1.56422 0.00889905 
0.717571 1.5771 0.00507729 
0.914735 1.56938 -0.0545993 
0.831993 1.5648 0.084421 
0.832707 1.57623 0.0814234 
0.74994 1.56782 -0.056686 
0.96176 1.57055 0.00345878 
0.746023 1.57285 0.0588814 
0.837472 1.57276 -0.0789804 
0.910118 1.56395 0.0626679 
0.910655 1.5746 0.0602739 
0.717969 1.56413 -0.00440515 
0.717907 1.57701 -0.00822311 
0.929195 1.56526 -0.0447251 
0.928805 1.57575 -0.0469528 
0.814839 1.57306 0.0819218 
0.763334 1.56388 -0.0631033 
0.762762 1.57614 -0.0665875 
0.959311 1.56791 0.0155453 
0.959474 1.57813 0.0135691 
0.735405 1.57046 0.0500533 
0.855755 1.56442 -0.0747549 
0.855101 1.57561 -0.0775664 
0.893981 1.56376 0.0704471 
0.894579 1.57456 0.0679222 
0.720811 1.56394 -0.017401 
0.720632 1.57678 -0.0211973 
0.941434 1.56875 -0.0356005 
0.941149 1.57913 -0.0377271 
0.797703 1.57341 0.0796643 
0.777817 1.57038 -0.0708844 
0.953245 1.56634 0.0271607 
0.9535 1.57661 0.0251314 
0.727209 1.56904 0.0395273 
0.873454 1.56294 -0.070415 
0.872824 1.57395 -0.0730906 
0.877138 1.56749 0.0758463 
0.877809 1.57845 0.0731901 
0.726091 1.56344 -0.0295998 
0.7258 1.5762 -0.0333564 
0.951309 1.56968 -0.0252032 
0.780885 1.56474 0.0782172 
0.781547 1.57676 0.0748526 
0.794278 1.56259 -0.0730704 
0.793617 1.57447 -0.076332 
0.944038 1.56662 0.0379366 
0.944388 1.57697 0.0358282 
0.721506 1.56832 0.0276395 
0.890285 1.56803 -0.0658971 
0.889735 1.57888 -0.0684427 
0.859343 1.56458 0.0811465 
0.860031 1.57572 0.0783522 
0.733843 1.56237 -0.0405546 
0.733447 1.57502 -0.0442537 
0.958177 1.56856 -0.013841 
0.958083 1.57879 -0.0158257 
0.766013 1.57041 0.0711307 
0.811106 1.56399 -0.0761338 
0.810434 1.57567 -0.0792743 
0.932306 1.56928 0.0475538 
0.718265 1.56801 0.0148217 
0.906543 1.56905 -0.0588869 
0.841564 1.56615 0.0834371 
0.842282 1.57747 0.0805102 
0.743516 1.57296 -0.0535322 
0.961514 1.56611 -0.00186834 
0.961509 1.57631 -0.00382473 
0.752192 1.56581 0.0653442 
0.752757 1.5782 0.0617747 
0.828016 1.57345 -0.079499 
0.91819 1.5642 0.0580185 
0.918691 1.57478 0.0556911 
0.717424 1.5679 0.0015551 
0.921759 1.56659 -0.0498969 
0.921334 1.57714 -0.0521869 
0.824128 1.5722 0.082561 
0.755816 1.56972 -0.0609596 
