0.677727 1.5708 0.129958 
0.677924 1.57302 0.129275 
0.678123 1.57524 0.128593 
0.678325 1.57746 0.127911 
0.791034 1.56839 -0.158204 
1.03617 1.56818 0.0785933 
1.03691 1.57771 0.0771913 
0.62733 1.5747 0.0607989 
0.902492 1.56252 -0.142785 
0.901267 1.57315 -0.14536 
0.934465 1.57018 0.135549 
0.622414 1.5728 -0.0327115 
1.00788 1.57019 -0.0940959 
0.822587 1.57267 0.162984 
0.658589 1.56727 -0.110091 
1.08065 1.56356 -0.0266868 
1.08044 1.57277 -0.0276679 
0.717801 1.56902 0.148797 
0.742001 1.57201 -0.151517 
1.07067 1.56928 0.0468038 
1.07112 1.57856 0.0457262 
0.643006 1.56303 0.101803 
0.643899 1.57696 0.0974517 
0.849939 1.5659 -0.156482 
0.848646 1.57704 -0.15944 
0.984646 1.56806 0.111407 
0.985654 1.57797 0.109519 
0.619818 1.56763 0.0136852 
0.96001 1.56726 -0.119965 
0.958987 1.5774 -0.122063 
0.874388 1.56447 0.157752 
0.875685 1.57534 0.154945 
0.635283 1.56956 -0.0784368 
1.05514 1.56381 -0.0594701 
1.05462 1.57321 -0.0606823 
0.764537 1.56983 0.159822 
0.699002 1.56712 -0.135306 
1.08596 1.56594 0.0128306 
1.0861 1.5751 0.0118916 
0.672364 1.56519 0.128622 
0.673488 1.57862 0.12449 
0.798414 1.56457 -0.157657 
0.797093 1.57629 -0.16095 
1.02999 1.56236 0.0836327 
1.03073 1.57193 0.0821613 
0.62583 1.57325 0.0555607 
0.909554 1.56286 -0.140388 
0.908348 1.57342 -0.142908 
0.927215 1.56894 0.138811 
0.928426 1.57932 0.136416 
0.62345 1.57092 -0.0381091 
1.01454 1.5651 -0.089344 
1.01375 1.5748 -0.0909375 
0.814797 1.56731 0.16458 
0.816164 1.57881 0.161373 
0.662906 1.56601 -0.113327 
1.08257 1.56378 -0.0219774 
1.08239 1.57297 -0.0229419 
0.711636 1.56682 0.147337 
0.74877 1.569 -0.152106 
1.06698 1.57037 0.0512057 
0.64078 1.57518 0.0933951 
0.856745 1.5693 -0.156263 
0.977482 1.56379 0.115926 
0.978493 1.57376 0.113966 
0.619666 1.56487 0.00836872 
0.619723 1.57923 0.00380733 
0.967204 1.56404 -0.115952 
0.966188 1.57412 -0.117982 
0.867328 1.56632 0.159017 
0.868648 1.57726 0.156159 
0.637768 1.568 -0.0830083 
1.05966 1.56594 -0.0554252 
1.05919 1.5753 -0.0565993 
0.757469 1.56652 0.159668 
0.758808 1.57872 0.156101 
0.704733 1.56566 -0.137304 
0.703534 1.57862 -0.141203 
1.08504 1.56604 0.0176438 
1.08522 1.57521 0.0166959 
0.66754 1.56398 0.125788 
0.668632 1.57749 0.121623 
0.804541 1.57211 -0.160144 
1.02438 1.56635 0.0871252 
1.02518 1.57596 0.0856082 
0.624493 1.57171 0.0502541 
0.916639 1.56283 -0.137778 
0.915451 1.57333 -0.140241 
0.919985 1.56809 0.141882 
0.92121 1.57854 0.139427 
0.624635 1.56922 -0.0434966 
1.02028 1.56954 -0.0861085 
1.01955 1.5792 -0.0876559 
0.807125 1.56239 0.165887 
0.808461 1.57397 0.162633 
0.667435 1.56487 -0.116423 
0.666378 1.57841 -0.120584 
1.08411 1.56394 -0.0172262 
1.08397 1.57312 -0.0181777 
0.705632 1.56487 0.145679 
0.706873 1.57778 0.141777 
0.755649 1.56593 -0.15255 
0.754362 1.57818 -0.156115 
1.06244 1.56248 0.0566609 
1.06295 1.57181 0.0554959 
0.637936 1.57343 0.0891389 
0.863624 1.57214 -0.155647 
0.971274 1.56985 0.118315 
0.619693 1.57642 -0.00150541 
0.973357 1.57046 -0.113765 
0.86032 1.56867 0.159919 
0.640506 1.56638 -0.0873861 
1.0639 1.56766 -0.0512506 
1.06348 1.57699 -0.0523885 
0.750498 1.56326 0.159377 
0.751809 1.57555 0.155766 
0.710623 1.56396 -0.139114 
0.709399 1.57684 -0.142974 
1.08375 1.56613 0.0224384 
1.08398 1.57531 0.0214783 
0.662912 1.56267 0.122823 
0.663971 1.57626 0.118624 
0.812091 1.56759 -0.159094 
0.810788 1.57915 -0.1623 
1.01869 1.57057 0.0904984 
0.623312 1.57005 0.0449046 
0.923749 1.56242 -0.134966 
0.922578 1.57286 -0.13737 
0.912778 1.56762 0.144756 
0.914018 1.57813 0.142242 
0.625968 1.56768 -0.048853 
1.02667 1.56414 -0.081275 
1.02595 1.57376 -0.0827528 
0.80087 1.56952 0.163633 
0.67216 1.56385 -0.119386 
0.671072 1.57731 -0.123513 
1.08528 1.56408 -0.0124443 
1.0852 1.57326 -0.0133859 
0.69979 1.56314 0.14383 
0.701003 1.57614 0.139888 
0.762627 1.56281 -0.152861 
0.761314 1.57497 -0.156381 
1.05806 1.56429 0.0608677 
1.05862 1.57365 0.0596645 
0.635358 1.57175 0.0846848 
0.87184 1.56354 -0.151852 
0.87056 1.57446 -0.154657 
0.964013 1.56629 0.122543 
0.965092 1.57637 0.120464 
0.619859 1.57363 -0.0068228 
0.980481 1.56646 -0.109436 
0.979534 1.57643 -0.111348 
0.853379 1.57157 0.160432 
0.643507 1.56473 -0.0915657 
0.642648 1.57867 -0.0959106 
1.06782 1.569 -0.0469543 
1.06745 1.57831 -0.0480581 
0.744917 1.57244 0.155287 
0.715424 1.57482 -0.144548 
1.0821 1.56625 0.0272049 
1.08237 1.57544 0.0262293 
0.65952 1.57489 0.11549 
0.81975 1.56267 -0.157774 
0.818417 1.57414 -0.160931 
1.01206 1.5653 0.0953864 
1.01292 1.57501 0.0937508 
0.622286 1.56822 0.0395345 
0.929728 1.57198 -0.134303 
0.905591 1.56752 0.147422 
0.906847 1.57809 0.144851 
0.627453 1.56625 -0.0541538 
1.03219 1.56814 -0.0778431 
1.03153 1.57771 -0.0792764 
0.793382 1.56537 0.164403 
0.794735 1.57711 0.161061 
0.677064 1.5629 -0.122219 
0.675947 1.57629 -0.126311 
1.08612 1.56422 -0.0076405 
1.08607 1.57339 -0.00857534 
0.695294 1.5747 0.137818 
0.768355 1.57173 -0.156519 
1.05341 1.56651 0.0649475 
1.05402 1.57591 0.0637046 
0.633032 1.57014 0.0800415 
0.878796 1.56546 -0.150568 
0.877541 1.57632 -0.153324 
0.956728 1.56312 0.12663 
0.957811 1.57326 0.124482 
0.620218 1.57094 -0.012154 
0.987542 1.56219 -0.105016 
0.986601 1.5721 -0.106857 
0.845192 1.5639 0.163544 
0.846522 1.57506 0.160535 
0.646778 1.56309 -0.0955485 
0.645871 1.57697 -0.0998676 
1.0714 1.57 -0.0425474 
1.07107 1.57928 -0.0436196 
0.738145 1.56941 0.154651 
0.721609 1.57255 -0.145924 
1.08005 1.56643 0.0319323 
1.08036 1.57564 0.0309377 
0.655298 1.57339 0.112211 
0.826159 1.56867 -0.159266 
1.00616 1.56991 0.0985595 
0.621417 1.56618 0.0341616 
0.936902 1.57068 -0.131044 
0.898424 1.56776 0.149867 
0.899698 1.5784 0.14724 
0.6291 1.56488 -0.0593719 
0.628525 1.57907 -0.0638423 
1.03826 1.56232 -0.0729212 
1.03761 1.57185 -0.0742872 
0.787315 1.5733 0.161583 
0.680994 1.57529 -0.128975 
1.08661 1.56436 -0.00282232 
1.08661 1.57353 -0.00375344 
0.689743 1.57343 0.135578 
0.775479 1.56844 -0.156527 
1.04854 1.56914 0.0688964 
1.04919 1.57857 0.0676127 
0.630939 1.5686 0.0752235 
0.885788 1.56696 -0.148972 
0.884556 1.57775 -0.151677 
0.95052 1.57058 0.128346 
0.620763 1.56839 -0.0175055 
0.993589 1.56754 -0.102298 
0.992709 1.57741 -0.104092 
0.838402 1.56796 0.163268 
0.839763 1.57919 0.160214 
0.649365 1.57532 -0.103633 
1.07461 1.57072 -0.0380429 
0.731504 1.56651 0.153845 
0.732809 1.57906 0.150112 
0.727949 1.57007 -0.147105 
1.07761 1.56672 0.0366076 
1.07796 1.57595 0.0355907 
0.651323 1.57176 0.108774 
0.834016 1.56273 -0.157285 
0.832689 1.57404 -0.160349 
0.99929 1.56493 0.103352 
1.00021 1.57473 0.101596 
0.620713 1.56394 0.0287982 
0.620956 1.57828 0.0242475 
0.944094 1.56892 -0.127601 
0.943026 1.57919 -0.129839 
0.891277 1.56835 0.152071 
0.89257 1.57905 0.14939 
0.630921 1.56351 -0.0644801 
0.630288 1.57767 -0.0689341 
1.04349 1.56573 -0.0692795 
1.04289 1.57521 -0.070603 
0.779985 1.56967 0.161928 
0.686202 1.57427 -0.131498 
1.08678 1.56451 0.0020041 
1.08682 1.57367 0.00107372 
0.684352 1.57227 0.13318 
0.782683 1.56507 -0.156395 
0.78137 1.57698 -0.159788 
1.0428 1.56268 0.0740635 
1.04347 1.57216 0.0727139 
0.62906 1.56713 0.0702511 
0.892809 1.56808 -0.147093 
0.891598 1.5788 -0.149746 
0.943232 1.56834 0.132043 
0.944393 1.57858 0.129783 
0.621484 1.56603 -0.0228795 
1.00049 1.56281 -0.0976935 
0.999611 1.57262 -0.0994147 
0.831721 1.57267 0.162564 
0.653123 1.57374 -0.107219 
1.07744 1.57121 -0.0334552 
0.725006 1.56377 0.152856 
0.726283 1.57641 0.149081 
0.734438 1.5674 -0.148099 
1.07477 1.56719 0.0412169 
1.07517 1.57643 0.0401742 
0.647611 1.57004 0.105165 
0.840624 1.56752 -0.157991 
0.839332 1.57876 -0.161012 
0.993237 1.56995 0.106285 
0.620354 1.57584 0.018895 
0.951298 1.56672 -0.123978 
0.95024 1.57693 -0.126152 
0.884153 1.5693 0.154012 
0.632935 1.56212 -0.0694523 
0.632245 1.57624 -0.0738885 
1.04855 1.56876 -0.0655054 
1.048 1.57821 -0.0667871 
0.77274 1.56616 0.162116 
0.774088 1.57816 0.158646 
0.691568 1.57316 -0.133871 
1.08662 1.56464 0.00683327 
1.08671 1.5738 0.00590069 
0.679122 1.57116 0.130637 
0.788631 1.57338 -0.159455 
1.03752 1.56603 0.0777953 
1.03824 1.57554 0.0764019 
0.627376 1.56569 0.0651483 
0.899853 1.56883 -0.144957 
0.898663 1.57948 -0.147556 
0.935954 1.56653 0.135562 
0.937125 1.57684 0.133238 
0.622369 1.56389 -0.028273 
0.622072 1.5782 -0.0328081 
1.00641 1.5677 -0.0947092 
1.0056 1.57746 -0.0963834 
0.8238 1.56665 0.164587 
0.82516 1.57805 0.161439 
0.657132 1.57228 -0.110637 
1.08011 1.56233 -0.0278141 
1.07988 1.57154 -0.0287987 
0.719909 1.57396 0.147859 
0.741065 1.56458 -0.148917 
0.739786 1.57703 -0.152576 
1.07154 1.56788 0.0457454 
1.07198 1.57715 0.0446738 
0.644172 1.56825 0.101372 
0.847335 1.57166 -0.158272 
0.986169 1.56535 0.110926 
0.987154 1.57525 0.109048 
0.619933 1.57323 0.013561 
0.958504 1.56406 -0.120187 
0.957455 1.57421 -0.122295 
0.877058 1.57064 0.15566 
0.634415 1.57475 -0.0786824 
1.05342 1.57139 -0.0615966 
0.765578 1.56273 0.162163 
0.7669 1.57482 0.158648 
0.697091 1.57191 -0.136081 
1.08613 1.56476 0.0116597 
1.08626 1.57392 0.010722 
0.67406 1.57006 0.127958 
0.795977 1.5696 -0.158944 
1.0321 1.5697 0.0814015 
1.03287 1.57925 0.079964 
0.625872 1.56423 0.0599419 
0.626406 1.57847 0.0554417 
0.90692 1.56922 -0.142587 
0.928694 1.56515 0.138898 
0.929877 1.57552 0.136512 
0.623044 1.57626 -0.0382023 
1.01309 1.56265 -0.0899884 
1.01228 1.57237 -0.0915911 
0.817327 1.5726 0.163097 
0.661376 1.57096 -0.113902 
1.08212 1.56257 -0.0231202 
1.08193 1.57177 -0.0240876 
0.713693 1.57174 0.146438 
0.746514 1.57401 -0.153191 
1.06794 1.56888 0.0501788 
1.06842 1.57817 0.0490754 
0.641012 1.56643 0.0973849 
0.855437 1.5641 -0.155215 
0.854138 1.57518 -0.158135 
0.98001 1.57095 0.113546 
0.619704 1.57049 0.00824119 
0.964658 1.57107 -0.11828 
0.87 1.57241 0.156985 
0.636818 1.57319 -0.0832972 
1.05854 1.56423 -0.0563725 
1.05805 1.5736 -0.0575541 
0.759798 1.57154 0.158515 
0.702771 1.57048 -0.138115 
1.0853 1.56486 0.0164774 
1.08547 1.57403 0.0155314 
0.669176 1.5689 0.125147 
0.803417 1.56556 -0.158229 
0.802101 1.57722 -0.16149 
1.0258 1.56405 0.0863938 
1.02657 1.57365 0.0848859 
0.624533 1.56271 0.0546591 
0.625006 1.57698 0.0501464 
0.91401 1.56925 -0.139998 
0.921455 1.56417 0.142044 
0.92265 1.57461 0.139597 
0.624168 1.57451 -0.0435908 
1.01885 1.56716 -0.0867914 
1.0181 1.57683 -0.0883481 
0.809614 1.56759 0.164463 
0.810982 1.57915 0.161224 
0.665839 1.56976 -0.117024 
1.08375 1.56275 -0.018381 
1.0836 1.57193 -0.0193346 
0.707637 1.56975 0.14482 
0.753356 1.57092 -0.153658 
1.06399 1.57022 0.0545041 
0.638129 1.56464 0.0931972 
0.638963 1.57865 0.0888058 
0.862286 1.56711 -0.154721 
0.861015 1.57813 -0.157595 
0.972804 1.56693 0.117951 
0.973853 1.57694 0.115952 
0.61967 1.56769 0.00292793 
0.971834 1.56753 -0.114125 
0.970858 1.57757 -0.116118 
0.861682 1.56367 0.160855 
0.862992 1.57466 0.157957 
0.639469 1.57157 -0.0877203 
1.06285 1.56607 -0.0522367 
1.06241 1.57541 -0.0533817 
0.752791 1.5683 0.158246 
0.70861 1.56882 -0.139963 
1.08411 1.56495 0.021279 
1.08432 1.57413 0.0203215 
0.664483 1.56764 0.122206 
0.809613 1.57277 -0.160493 
1.02012 1.56821 0.0898044 
1.02095 1.57785 0.0882505 
0.623762 1.57536 0.044802 
0.921123 1.56891 -0.137204 
0.919988 1.57938 -0.139635 
0.914236 1.56359 0.144994 
0.915446 1.57408 0.142488 
0.625439 1.57293 -0.0489539 
1.02453 1.57144 -0.0834738 
0.802014 1.56298 0.165561 
0.803352 1.57463 0.162274 
0.670502 1.56869 -0.120011 
1.08502 1.56289 -0.0136078 
1.08491 1.57207 -0.0145509 
0.701742 1.56799 0.143007 
0.760299 1.56778 -0.153989 
1.05919 1.56259 0.0599058 
1.05973 1.57195 0.0587104 
0.635517 1.56291 0.0888094 
0.636297 1.57696 0.0843966 
0.869197 1.56959 -0.153848 
0.965552 1.56325 0.122241 
0.966605 1.57332 0.120171 
0.619834 1.56489 -0.00238849 
0.61979 1.57925 -0.00694833 
0.978969 1.56364 -0.109851 
0.977999 1.57362 -0.111774 
0.854712 1.56639 0.161493 
0.856048 1.57745 0.158548 
0.642381 1.56991 -0.0919451 
1.06686 1.56751 -0.0479766 
1.06647 1.57682 -0.0490871 
0.745888 1.56511 0.157834 
0.747206 1.57746 0.154194 
0.714609 1.56692 -0.141616 
1.08255 1.56506 0.0260557 
1.0828 1.57425 0.0250834 
0.659998 1.56627 0.11913 
0.817232 1.56793 -0.159231 
0.815933 1.57943 -0.162404 
1.01352 1.56289 0.0947211 
1.01436 1.57259 0.093095 
0.622671 1.57359 0.0394319 
0.928261 1.56817 -0.134213 
0.927141 1.57857 -0.136584 
0.907038 1.56336 0.147739 
0.908263 1.57392 0.145176 
0.626862 1.57146 -0.0542677 
1.03081 1.5659 -0.0785937 
1.03013 1.57548 -0.0800359 
0.795829 1.57044 0.163086 
0.675349 1.5677 -0.122867 
1.08594 1.56304 -0.00881018 
1.08588 1.5722 -0.00974599 
0.696008 1.56644 0.14101 
0.69723 1.5795 0.137042 
0.767334 1.56461 -0.154191 
0.766028 1.57672 -0.157681 
1.05461 1.5647 0.0640248 
1.05519 1.57409 0.0627899 
0.633887 1.57535 0.0797957 
