1.21234 0.00546856 -0.0813145 
1.24385 0.00291422 0.031949 
1.20994 0.00611773 0.0531256 
1.22843 0.00417719 -0.0920903 
1.22319 0.00680908 0.109817 
1.21093 0.00334551 -0.0564102 
1.24496 0.00760987 -0.00291821 
1.21059 0.00146645 0.0808776 
1.22124 0.00367639 -0.101285 
1.23133 0.00313133 0.0935431 
1.21066 0.00415125 -0.0231216 
1.24228 0.00369456 -0.0398297 
1.21231 0.00303158 0.102114 
1.21556 0.0023354 -0.0991121 
1.2382 0.00699956 0.070024 
1.21045 0.00274036 0.0127002 
1.23651 0.00332287 -0.0697771 
1.21626 0.00470183 0.112282 
1.21206 0.000365483 -0.0855107 
1.21283 0.00820963 -0.0825181 
1.24358 0.00111199 0.0351687 
1.21023 0.00196495 0.047852 
1.22925 0.00404 -0.0904672 
1.22233 0.00718702 0.110919 
1.21123 0.00677984 -0.0583241 
1.24502 0.00570427 0.000411098 
1.2102 0.00462855 0.0792224 
1.22206 0.00447159 -0.100559 
1.23054 0.00260839 0.0955111 
1.21055 0.000145604 -0.0285611 
1.21079 0.00800098 -0.0254798 
1.24268 0.00205337 -0.0367613 
1.21171 0.00540442 0.101253 
1.21626 0.0040897 -0.0993279 
1.23758 0.00572401 0.0727204 
1.21042 0.00669568 0.0102209 
1.23718 0.00227282 -0.0672825 
1.21549 0.00614253 0.112345 
1.21259 0.00301839 -0.0866232 
1.24291 0.0070317 0.0412738 
1.21004 0.00571114 0.0455924 
1.23005 0.00380482 -0.0887506 
1.22148 0.00766882 0.111922 
1.211 0.00229847 -0.0632125 
1.24504 0.00379198 0.00374685 
1.21055 9.34581e-06 0.0744774 
1.20982 0.00786462 0.0774927 
1.22288 0.00516138 -0.0997314 
1.22973 0.00217891 0.0973893 
1.21069 0.00396496 -0.0308852 
1.24305 0.000366221 -0.0336471 
1.24332 0.00805483 -0.0307204 
1.21206 2.80079e-05 0.0973376 
1.21113 0.00787431 0.100297 
1.21698 0.00573874 -0.0994403 
1.23694 0.00452023 0.0753463 
1.2105 0.0027984 0.00464772 
1.23782 0.00114495 -0.0647127 
1.21474 0.0076897 0.112304 
1.21313 0.00557821 -0.087643 
1.24255 0.00530203 0.0444204 
1.21029 0.00163841 0.040225 
1.23085 0.00347297 -0.0869417 
1.22164 0.000459379 0.109934 
1.22062 0.00825515 0.112823 
1.21135 0.00560245 -0.0649903 
1.24503 0.00187743 0.00708441 
1.2102 0.0033142 0.0726758 
1.22371 0.00574623 -0.0988025 
1.22892 0.00184448 0.0991759 
1.21086 0.00774937 -0.0331719 
1.24364 0.0063242 -0.0275648 
1.21151 0.00259004 0.0962866 
1.21771 0.007282 -0.099449 
1.23628 0.00339127 0.077899 
1.21051 0.00675761 0.00216575 
1.23895 0.00765247 -0.0591526 
1.21503 0.00151282 0.109244 
1.21287 0.000203409 -0.0915443 
1.21369 0.00804286 -0.0885683 
1.24216 0.00361423 0.0475244 
1.21013 0.00545721 0.0378888 
1.23164 0.0030459 -0.0850418 
1.2208 0.00114655 0.110733 
1.21109 0.000984995 -0.0697237 
1.24487 0.0076451 0.0133467 
1.20986 0.00668658 0.0708059 
1.22453 0.0062267 -0.0977731 
1.22809 0.00160656 0.10087 
1.21073 0.00364095 -0.0384915 
1.24393 0.00455595 -0.0243713 
1.21098 0.00524516 0.0951435 
1.21756 0.000904978 -0.102287 
1.21846 0.00871911 -0.0993539 
1.2356 0.00234001 0.0803759 
1.21055 0.00285683 -0.00340258 
1.23953 0.00637499 -0.0564407 
1.21431 0.00326787 0.108995 
1.21346 0.00257411 -0.092373 
1.24174 0.00197236 0.0505819 
1.21035 0.00144977 0.0324445 
1.23241 0.00252519 -0.0830526 
1.21997 0.00193937 0.111429 
1.21148 0.00414577 -0.0713531 
1.24477 0.00573968 0.016674 
1.21021 0.00226572 0.0658409 
1.22536 0.00660342 -0.0966438 
1.22726 0.0014665 0.102469 
1.21093 0.00734514 -0.0406914 
1.24418 0.00275428 -0.0211444 
1.21134 0.000140696 0.0909335 
1.21046 0.00799109 0.0939103 
1.21833 0.00223966 -0.102088 
1.2349 0.00136915 0.0827746 
1.21059 0.00680462 -0.0058706 
1.24008 0.00502899 -0.0536618 
1.21361 0.00512784 0.108644 
1.21407 0.00484612 -0.0931041 
1.24129 0.000380401 0.0535889 
1.24079 0.00807863 0.0565007 
1.21023 0.00532629 0.0300473 
1.23318 0.00191258 -0.0809756 
1.21915 0.00283827 0.112023 
1.21189 0.00722927 -0.0729043 
1.24464 0.00384542 0.0199893 
1.20992 0.00576124 0.0638434 
1.22619 0.00687711 -0.0954155 
1.22642 0.00142553 0.103974 
1.21077 0.00314958 -0.0459086 
1.2444 0.000923448 -0.0178882 
1.24453 0.00860587 -0.0149591 
1.21086 0.00297234 0.0896122 
1.21911 0.00346789 -0.101785 
1.23418 0.00048125 0.0850927 
1.2334 0.0082142 0.0879857 
1.21058 0.00288506 -0.0114156 
1.24061 0.00361783 -0.0508191 
1.21293 0.00709189 0.10819 
1.21469 0.0070179 -0.0937361 
1.24029 0.00654275 0.0594536 
1.2104 0.00136921 0.0245435 
1.23392 0.00120995 -0.0788125 
1.21833 0.00384359 0.112512 
1.21163 0.00238545 -0.0773882 
1.24447 0.00196671 0.0232881 
1.21024 0.00145654 0.0587447 
1.22701 0.00704856 -0.0940893 
1.22558 0.00148477 0.105382 
1.21101 0.0067589 -0.048007 
1.2447 0.0067493 -0.0116783 
1.21039 0.00588985 0.0882054 
1.2199 0.00458967 -0.101378 
1.23265 0.00741525 0.0902212 
1.21066 0.00680616 -0.0138531 
1.24111 0.00214501 -0.0479157 
1.21326 0.00131933 0.104701 
1.21447 0.00125746 -0.0972262 
1.23977 0.00506455 0.062349 
1.21032 0.0052884 0.0221014 
1.23465 0.000419334 -0.0765651 
1.2353 0.00814778 -0.0736523 
1.21752 0.00495557 0.112898 
1.21209 0.00530797 -0.0787745 
1.24427 0.00010794 0.026566 
1.24402 0.00779159 0.0294896 
1.20999 0.00506145 0.0566332 
1.22784 0.00711866 -0.092666 
1.22473 0.00164525 0.106692 
1.21081 0.00246179 -0.0531059 
1.24484 0.00487236 -0.00837706 
1.21076 0.0010367 0.0837218 
1.2207 0.0056051 -0.100867 
1.23188 0.00670394 0.0923722 
1.21061 0.00285255 -0.0193567 
1.24158 0.000614178 -0.0449551 
1.24194 0.00830965 -0.0420311 
1.21262 0.00348482 0.104046 
1.21514 0.00322838 -0.0976564 
1.23922 0.00364767 0.0651833 
1.21045 0.00136659 0.0165562 
1.236 0.00726795 -0.0713231 
1.21672 0.00617435 0.113179 
1.21181 0.000299068 -0.0830735 
1.21256 0.00814471 -0.0800748 
1.24377 0.00595821 0.032742 
1.21028 0.000859028 0.051416 
1.20976 0.00871641 0.0544702 
1.22865 0.0070884 -0.0911466 
1.22389 0.0019079 0.107903 
1.21109 0.00596194 -0.0550886 
1.24495 0.00297943 -0.00505983 
1.21034 0.00411526 0.0821514 
1.2215 0.00651439 -0.100254 
1.23109 0.00608231 0.0944367 
1.21072 0.00673173 -0.0217472 
1.24237 0.00672248 -0.0390173 
1.212 0.00575082 0.103292 
1.21582 0.00509559 -0.0979846 
1.23864 0.00229563 0.0679533 
1.2104 0.00531328 0.0140855 
1.23667 0.00630482 -0.0689137 
1.21594 0.00749994 0.113356 
1.21231 0.00305013 -0.084285 
1.24349 0.00415359 0.0359646 
1.21007 0.00455914 0.0492047 
1.22946 0.00695886 -0.0895324 
1.22304 0.00227357 0.109015 
1.21086 0.00154926 -0.0600541 
1.24502 0.0010749 -0.00173119 
1.20994 0.00727116 0.0805034 
1.22231 0.00731784 -0.099538 
1.23029 0.00555227 0.096413 
1.21063 0.0027289 -0.0271915 
1.24276 0.00508507 -0.0359534 
1.21235 0.000271089 0.0994875 
1.2114 0.00811577 0.10244 
1.21652 0.00685826 -0.09821 
1.23804 0.00101178 0.0706561 
1.23739 0.00872583 0.0735573 
1.21049 0.00141154 0.00851702 
1.23733 0.00526094 -0.0664263 
1.2162 0.00110831 0.110522 
1.21283 0.00571053 -0.0854061 
1.24317 0.002382 0.0391533 
1.21033 0.000444688 0.0438849 
1.20988 0.00830198 0.0469492 
1.23027 0.00673122 -0.0878245 
1.22219 0.00274303 0.110027 
1.21119 0.00492642 -0.0619077 
1.24502 0.00684277 0.00453299 
1.21032 0.00264483 0.0757707 
1.22224 0.000225902 -0.101635 
1.22313 0.00801583 -0.0987199 
1.22948 0.00511555 0.0982995 
1.21078 0.00655101 -0.0295191 
1.24313 0.00340136 -0.0328434 
1.21177 0.00273014 0.0985395 
1.21634 0.000695154 -0.101272 
1.21724 0.00851569 -0.0983321 
1.23675 0.00751643 0.0761898 
1.21048 0.00537051 0.0060345 
1.23797 0.00413902 -0.0638636 
1.21545 0.00264318 0.11049 
1.21257 0.000436798 -0.089417 
1.21337 0.008278 -0.0864347 
1.24282 0.000647655 0.0423037 
1.24243 0.00833841 0.0452209 
1.21015 0.00422548 0.0415886 
1.23106 0.00640681 -0.0860243 
1.22134 0.00331696 0.110937 
1.21093 0.000384711 -0.0667254 
1.21153 0.00823613 -0.0636922 
1.245 0.00492827 0.0078705 
1.20996 0.005944 0.0739757 
1.22308 0.000823122 -0.100715 
1.22395 0.00860884 -0.0978005 
1.22866 0.00477376 0.100095 
1.21065 0.0024839 -0.0348866 
1.24346 0.00167543 -0.0296912 
1.21122 0.00528455 0.0974972 
1.21708 0.00225065 -0.101291 
1.23608 0.0063816 0.0787494 
1.21052 0.00147358 0.000461092 
1.23858 0.00294196 -0.0612279 
1.21472 0.00428423 0.110355 
1.21313 0.00291225 -0.0903509 
1.24203 0.00664725 0.048329 
1.21037 0.000184389 0.0361829 
1.21 0.00804155 0.0392558 
1.23184 0.00598707 -0.084133 
1.2205 0.00399596 0.111746 
1.2113 0.00362563 -0.0684372 
1.24495 0.00301558 0.0112057 
1.21032 0.00145425 0.0690876 
1.22391 0.0013159 -0.0996948 
1.22783 0.00452837 0.101797 
1.21084 0.00623393 -0.0371357 
1.24397 0.00759673 -0.0235732 
1.21158 8.31812e-05 0.0933924 
1.21068 0.00793221 0.0963626 
1.21783 0.00370007 -0.101205 
1.23539 0.00532426 0.0812334 
1.21055 0.00542953 -0.00201658 
1.23917 0.00167278 -0.0585221 
1.214 0.00603092 0.110116 
1.21372 0.00529086 -0.0911888 
1.24161 0.00500171 0.0513909 
1.21024 0.0040311 0.033817 
1.23261 0.00547356 -0.0821521 
1.21967 0.00478057 0.112452 
1.21168 0.00679264 -0.0700739 
1.24487 0.00110912 0.0145339 
1.21 0.00488386 0.0671581 
1.22475 0.00170487 -0.0985746 
1.22699 0.00438075 0.103406 
1.21068 0.00208768 -0.0424095 
1.24422 0.00579754 -0.0203493 
1.21107 0.00281907 0.0921673 
1.2186 0.00504315 -0.101015 
1.23469 0.00434712 0.0836395 
1.21055 0.00152213 -0.00757646 
1.23973 0.000334695 -0.055749 
1.2402 0.00803884 -0.0528287 
1.2143 4.85167e-05 0.106847 
1.21329 0.00788259 0.109773 
1.21432 0.0075709 -0.0919291 
1.24115 0.00340576 0.0544027 
1.21042 4.85131e-05 0.0283425 
1.21012 0.0079055 0.0314224 
1.23337 0.004868 -0.0800833 
1.21884 0.00567121 0.113055 
1.21143 0.00203431 -0.0746518 
1.24458 0.00689454 0.0207769 
1.21033 0.000517648 0.0621285 
1.20971 0.00837452 0.0651664 
1.22558 0.00199073 -0.0973553 
1.22615 0.00433211 0.104919 
1.2109 0.00575085 -0.0445651 
1.24444 0.00396885 -0.0170957 
1.21058 0.00564362 0.0908542 
1.21937 0.00627976 -0.100722 
1.23396 0.00345274 0.0859652 
1.21061 0.00545977 -0.0100326 
1.24072 0.00663264 -0.0499919 
1.21362 0.00200071 0.106403 
1.2141 0.00191807 -0.0955353 
1.24067 0.00186329 0.0573608 
1.21032 0.00394616 0.0259229 
1.23411 0.00417228 -0.0779282 
