0.997641 0.784081 0.148308 
0.994087 0.793455 0.147816 
0.99861 0.779097 0.163542 
0.995122 0.788481 0.162975 
0.98424 0.779895 0.16292 
0.980638 0.789366 0.162255 
1.00507 0.785314 0.148452 
0.984647 0.781967 0.171208 
0.981106 0.791454 0.170488 
0.996208 0.780365 0.150281 
0.992636 0.789744 0.14978 
1.00054 0.781197 0.160576 
0.997063 0.790568 0.160035 
0.981232 0.784177 0.165229 
0.977641 0.793678 0.164513 
1.00432 0.785713 0.147147 
0.987331 0.780887 0.170699 
0.983802 0.790355 0.170004 
0.991359 0.785336 0.152276 
1.00204 0.783485 0.157519 
0.998568 0.792846 0.157 
0.98232 0.779407 0.167831 
0.978728 0.788897 0.167123 
1.00324 0.785268 0.146537 
0.990068 0.780691 0.169473 
0.986553 0.79014 0.168805 
0.990358 0.780392 0.155175 
0.986764 0.789814 0.154601 
1.00305 0.785743 0.15455 
0.980287 0.784708 0.169223 
1.00191 0.783916 0.146656 
0.998383 0.793261 0.146205 
0.992741 0.781304 0.167606 
0.989239 0.790734 0.166966 
0.986111 0.784524 0.157744 
0.982517 0.793983 0.157109 
1.00704 0.77844 0.152273 
1.00356 0.787755 0.151839 
0.982264 0.781254 0.170694 
0.978697 0.790753 0.169962 
1.00045 0.781646 0.147503 
0.996904 0.790998 0.147045 
0.995231 0.782606 0.16521 
0.991742 0.792019 0.164598 
0.985887 0.779093 0.160972 
0.982283 0.78855 0.160334 
1.00706 0.780004 0.149967 
1.00357 0.789318 0.149542 
0.984583 0.778638 0.171456 
0.981026 0.78812 0.170745 
0.99897 0.778499 0.149037 
0.995405 0.787857 0.14857 
0.997431 0.784437 0.162431 
0.993953 0.793835 0.161845 
0.982526 0.783186 0.163472 
0.97893 0.792674 0.16278 
1.00661 0.780938 0.148208 
1.00312 0.790253 0.147789 
0.98715 0.776919 0.171469 
0.983605 0.786383 0.170782 
0.994002 0.783929 0.150702 
0.990431 0.793327 0.15017 
1.00273 0.777255 0.159942 
0.999249 0.786606 0.159433 
0.983264 0.778102 0.166352 
0.979666 0.787582 0.165665 
1.00577 0.781102 0.147097 
1.00226 0.79042 0.146679 
0.986322 0.785552 0.170074 
0.992803 0.779347 0.153333 
0.989215 0.78875 0.152792 
1.00409 0.779562 0.156882 
1.00062 0.788904 0.156394 
0.980892 0.78296 0.168138 
0.977309 0.792466 0.167406 
1.00461 0.780398 0.146695 
1.00109 0.789721 0.146275 
0.989061 0.785589 0.168668 
0.988302 0.783687 0.155776 
0.98471 0.793128 0.155171 
1.00496 0.781775 0.153961 
1.00149 0.79111 0.15349 
0.982575 0.778975 0.17006 
0.978996 0.788468 0.169342 
1.00324 0.778778 0.147029 
0.999701 0.788108 0.146603 
0.995204 0.776997 0.167256 
0.991699 0.786404 0.166651 
0.987771 0.778335 0.158963 
0.984168 0.787775 0.158354 
1.00532 0.783679 0.151349 
1.00185 0.793011 0.15089 
0.981084 0.785238 0.170625 
0.998213 0.785583 0.147649 
0.997615 0.778476 0.164721 
0.994123 0.787868 0.164143 
0.984073 0.782341 0.161573 
0.980474 0.791816 0.160907 
1.0052 0.785078 0.149192 
0.98349 0.782867 0.171185 
0.979944 0.792362 0.170454 
0.996739 0.782201 0.149363 
0.993175 0.791578 0.148864 
0.999708 0.780433 0.161849 
0.996226 0.78981 0.161296 
0.98446 0.77704 0.164653 
0.980856 0.786509 0.163989 
1.00462 0.785804 0.147613 
0.986115 0.781401 0.170994 
0.982581 0.790878 0.170287 
0.995393 0.778067 0.151656 
0.991811 0.787449 0.151148 
1.0014 0.782667 0.158809 
0.997925 0.792032 0.15828 
0.981735 0.781537 0.166768 
0.978144 0.791033 0.166056 
1.00367 0.785729 0.146701 
0.988844 0.780835 0.170066 
0.985324 0.790293 0.169386 
0.990681 0.782712 0.153893 
0.987094 0.792134 0.153321 
1.00262 0.784965 0.155781 
0.983097 0.777088 0.16909 
0.979507 0.786572 0.168388 
1.00244 0.784767 0.146508 
0.998916 0.794109 0.146059 
0.991559 0.781116 0.16846 
0.988052 0.790555 0.167808 
0.989877 0.777544 0.156956 
0.986276 0.786967 0.156377 
1.00683 0.77779 0.153381 
1.00335 0.787107 0.152941 
0.981314 0.78279 0.170139 
0.977745 0.792297 0.169398 
1.00102 0.782885 0.147049 
0.99748 0.792234 0.146593 
0.994141 0.782142 0.166274 
0.990647 0.791563 0.165649 
0.985863 0.78157 0.15959 
0.982264 0.791029 0.158952 
1.00705 0.779569 0.15088 
1.00357 0.788884 0.150451 
0.983499 0.779808 0.17121 
0.979938 0.789298 0.170489 
0.999531 0.780103 0.148298 
0.995975 0.789458 0.147834 
0.996477 0.78377 0.163639 
0.992995 0.793174 0.163041 
0.9823 0.785609 0.162148 
1.00679 0.780791 0.148875 
1.0033 0.790105 0.148453 
0.985973 0.777704 0.171544 
0.982423 0.787176 0.170845 
0.994517 0.785851 0.149719 
0.998467 0.78582 0.160713 
0.982827 0.780381 0.165159 
0.979229 0.789866 0.164468 
1.00611 0.781297 0.147478 
1.00261 0.790614 0.14706 
0.985096 0.785962 0.170452 
0.993218 0.781528 0.152154 
0.989637 0.79093 0.151615 
1.00351 0.778744 0.158167 
1.00003 0.78809 0.15767 
0.98025 0.785022 0.167135 
1.00507 0.78097 0.14677 
1.00156 0.790292 0.14635 
0.987841 0.785637 0.169335 
0.988584 0.786051 0.154463 
1.00459 0.781023 0.155167 
1.00112 0.790361 0.154688 
0.981745 0.780747 0.169306 
0.978164 0.790247 0.168581 
1.00378 0.779742 0.14679 
1.00025 0.78907 0.146366 
0.994046 0.776719 0.168183 
0.990536 0.786135 0.167564 
0.987882 0.780796 0.157584 
0.984284 0.790238 0.156976 
1.00517 0.783084 0.152404 
1.0017 0.792417 0.15194 
0.983665 0.777192 0.170861 
0.98009 0.786676 0.170152 
1.00234 0.777594 0.147542 
0.998788 0.786928 0.147111 
0.996562 0.777943 0.165839 
0.993065 0.787342 0.165249 
0.983993 0.784812 0.160201 
1.00525 0.78472 0.150037 
1.00177 0.794051 0.149583 
0.982373 0.783932 0.171026 
0.978822 0.793435 0.170284 
0.997294 0.783901 0.14855 
0.993738 0.793276 0.148054 
0.998802 0.779719 0.163091 
0.995316 0.789103 0.162527 
0.984172 0.779429 0.163361 
0.98057 0.788901 0.162695 
1.00486 0.78575 0.1482 
0.984918 0.782079 0.171155 
0.981379 0.791564 0.170436 
0.99588 0.780071 0.150609 
0.992306 0.789452 0.150104 
1.00067 0.781861 0.160101 
0.997197 0.791231 0.159561 
0.981238 0.783762 0.165622 
0.977647 0.793263 0.164906 
1.00757 0.776727 0.147387 
1.00406 0.786028 0.146995 
0.987617 0.781134 0.170536 
0.984091 0.7906 0.169843 
0.991063 0.784953 0.15267 
1.0021 0.784158 0.157047 
0.998632 0.793519 0.156528 
0.982398 0.77907 0.168156 
0.978808 0.78856 0.167449 
1.00293 0.78545 0.146493 
0.990353 0.781064 0.169209 
0.986841 0.790511 0.168544 
0.990111 0.779945 0.155616 
0.986516 0.789368 0.155039 
1.00652 0.777073 0.154554 
1.00304 0.786393 0.154106 
0.980433 0.784472 0.169461 
0.976861 0.793986 0.168712 
1.00157 0.78396 0.146723 
0.998044 0.793307 0.146269 
0.993006 0.781788 0.167255 
0.989507 0.791217 0.166618 
0.985922 0.784044 0.158206 
0.982327 0.793504 0.157568 
1.00696 0.779034 0.151883 
1.00347 0.78835 0.151449 
0.982467 0.781137 0.17083 
0.978902 0.790635 0.1701 
1.0001 0.781555 0.147676 
0.996553 0.790909 0.147214 
0.99546 0.78318 0.164794 
0.991973 0.792592 0.164184 
0.985767 0.778609 0.161431 
0.982163 0.788067 0.160791 
1.0069 0.780514 0.149651 
1.00341 0.789828 0.149226 
0.98483 0.778653 0.171482 
0.981276 0.788134 0.170773 
0.998628 0.778283 0.149306 
0.995061 0.787643 0.148836 
0.997608 0.785074 0.161972 
0.982479 0.782732 0.163901 
0.978883 0.79222 0.163208 
1.00638 0.78134 0.147984 
1.00289 0.790657 0.147564 
0.987425 0.777071 0.171383 
0.983883 0.786533 0.170697 
0.993681 0.783608 0.151051 
0.990108 0.793008 0.150515 
1.00284 0.777926 0.159464 
0.999362 0.787276 0.158957 
0.983292 0.777707 0.166729 
0.979693 0.787187 0.166041 
1.00549 0.781379 0.146976 
1.00198 0.790699 0.146557 
0.986612 0.785835 0.169882 
0.992521 0.778942 0.153745 
0.988931 0.788346 0.1532 
1.00413 0.780232 0.156415 
1.00066 0.789574 0.155927 
0.980991 0.78265 0.16844 
0.977409 0.792155 0.167708 
1.00429 0.780539 0.146684 
1.00077 0.789865 0.146262 
0.989343 0.785995 0.168379 
0.98807 0.783227 0.156225 
0.984477 0.792669 0.155618 
1.00493 0.782411 0.15353 
1.00145 0.791747 0.15306 
0.982738 0.778773 0.17027 
0.979161 0.788264 0.169553 
1.0029 0.778781 0.147128 
0.999358 0.788113 0.146699 
0.995459 0.77751 0.166883 
0.991957 0.786916 0.16628 
0.987603 0.777849 0.159428 
0.983998 0.787291 0.158817 
1.00521 0.784252 0.150977 
1.00174 0.793584 0.150519 
0.981303 0.785158 0.170731 
0.997864 0.785455 0.147849 
0.997829 0.779072 0.164289 
0.994339 0.788463 0.163712 
0.983973 0.781863 0.162026 
0.980374 0.791338 0.161358 
1.00502 0.78556 0.148901 
0.983749 0.782921 0.17118 
0.980205 0.792414 0.17045 
0.996401 0.781953 0.149656 
0.992835 0.791333 0.149154 
0.999867 0.781083 0.161381 
0.996387 0.790459 0.16083 
0.98083 0.786068 0.164405 
1.00788 0.776872 0.14781 
1.00438 0.786173 0.147417 
0.986397 0.781591 0.170877 
0.982865 0.791065 0.170172 
0.995083 0.777718 0.152026 
0.991499 0.787102 0.151515 
1.00149 0.78334 0.158332 
0.998019 0.792705 0.157804 
0.981784 0.781164 0.167125 
0.978193 0.790659 0.166412 
1.00338 0.785968 0.146611 
0.989132 0.781156 0.169844 
0.985614 0.790611 0.169166 
0.990412 0.782288 0.154317 
0.986823 0.791712 0.153742 
1.00264 0.785628 0.155322 
0.983214 0.776807 0.169367 
0.979626 0.786291 0.168666 
1.00211 0.78487 0.146528 
0.991835 0.781555 0.168144 
0.988331 0.790992 0.167494 
0.989663 0.777073 0.157414 
0.986061 0.786498 0.156832 
1.00677 0.778411 0.152965 
1.00329 0.787729 0.152525 
0.981495 0.782621 0.17032 
0.977927 0.792127 0.16958 
1.00067 0.782851 0.147177 
0.997132 0.792202 0.146718 
0.994387 0.782681 0.165883 
0.990896 0.7921 0.16526 
0.985713 0.781084 0.160054 
0.982113 0.790543 0.159413 
1.00692 0.780118 0.15053 
1.00343 0.789434 0.150101 
0.983729 0.779766 0.171284 
0.98017 0.789255 0.170564 
0.999185 0.779938 0.148528 
0.995626 0.789296 0.14806 
0.996677 0.784384 0.163195 
0.993198 0.793787 0.162599 
0.982221 0.785139 0.162593 
1.00659 0.781241 0.14861 
1.0031 0.790557 0.148187 
0.986239 0.777797 0.171505 
0.982691 0.787268 0.170809 
0.994184 0.785573 0.150035 
1.00209 0.777124 0.160759 
0.998609 0.78648 0.160241 
0.982823 0.779957 0.165561 
0.979225 0.789442 0.164869 
1.00585 0.781629 0.147313 
1.00235 0.790948 0.146893 
0.988917 0.776737 0.170976 
0.985383 0.786189 0.170305 
0.992918 0.781155 0.152541 
0.989335 0.790559 0.151999 
1.00358 0.779418 0.157692 
1.00011 0.788764 0.157196 
0.980319 0.784672 0.16747 
1.00477 0.78117 0.146712 
1.00125 0.790494 0.14629 
0.988128 0.785993 0.169085 
0.988329 0.785611 0.154898 
1.00459 0.781678 0.154717 
1.00112 0.791016 0.154239 
0.981882 0.780497 0.169556 
0.978302 0.789995 0.168832 
1.00344 0.779804 0.146843 
0.999912 0.789134 0.146416 
0.994314 0.77719 0.167842 
0.990807 0.786604 0.167226 
0.987686 0.780318 0.158046 
0.984086 0.789761 0.157435 
1.00509 0.783687 0.152004 
1.00162 0.793021 0.15154 
0.98386 0.777059 0.171012 
0.980288 0.786542 0.170304 
1.00199 0.77752 0.147702 
0.998439 0.786856 0.147268 
0.996795 0.778507 0.165429 
0.993301 0.787904 0.164841 
0.983863 0.784328 0.160661 
0.980267 0.793805 0.159992 
1.0051 0.785243 0.149709 
0.982616 0.783928 0.171069 
0.979068 0.79343 0.170328 
0.996949 0.783702 0.148805 
0.993391 0.79308 0.148306 
0.998986 0.78035 0.162635 
0.995503 0.789733 0.162072 
0.984115 0.778969 0.163796 
0.980512 0.788441 0.163129 
1.00814 0.776869 0.148357 
1.00464 0.786169 0.147962 
0.985192 0.78221 0.171085 
0.981655 0.791694 0.170369 
0.995556 0.779762 0.150949 
0.991979 0.789146 0.150441 
1.0008 0.782528 0.159625 
0.99732 0.791898 0.159086 
0.981255 0.783357 0.166007 
0.977665 0.792858 0.16529 
1.00729 0.777021 0.147253 
1.00378 0.786324 0.146859 
0.987905 0.781399 0.170357 
0.984381 0.790864 0.169667 
0.990774 0.784559 0.153072 
0.987192 0.793982 0.152499 
1.00215 0.78483 0.156577 
0.982487 0.778747 0.168469 
0.978898 0.788236 0.167762 
1.00261 0.785612 0.146466 
0.990637 0.781455 0.168931 
0.987127 0.7909 0.168268 
0.989872 0.77949 0.156062 
0.986275 0.788915 0.155482 
1.0065 0.777716 0.154116 
1.00302 0.787036 0.153669 
0.980589 0.784253 0.169684 
0.977018 0.793766 0.168936 
1.00123 0.783984 0.146805 
0.997701 0.793333 0.146348 
0.993267 0.782287 0.166894 
0.989771 0.791715 0.166259 
0.985744 0.783561 0.158669 
0.982148 0.793021 0.158029 
1.00685 0.779617 0.151502 
1.00337 0.788933 0.151068 
0.982678 0.78104 0.17095 
0.979115 0.790537 0.170221 
0.999753 0.781445 0.147864 
0.996203 0.7908 0.147399 
0.995682 0.783765 0.164369 
0.992197 0.793176 0.163761 
0.985658 0.778128 0.161888 
0.982053 0.787586 0.161246 
1.00672 0.781009 0.149348 
1.00324 0.790325 0.148922 
0.985083 0.778689 0.171492 
0.98153 0.788168 0.170784 
0.998289 0.77805 0.149589 
0.994719 0.787412 0.149115 
0.997776 0.785718 0.161508 
0.982443 0.782285 0.164324 
0.978847 0.791773 0.16363 
1.00615 0.781725 0.147776 
1.00265 0.791043 0.147354 
0.987704 0.777242 0.17128 
0.984163 0.786703 0.170597 
0.993365 0.783272 0.15141 
0.98979 0.792675 0.150871 
1.00294 0.778598 0.158986 
0.999466 0.787948 0.15848 
0.98333 0.777322 0.167096 
0.979732 0.786802 0.166407 
1.0052 0.781636 0.146872 
1.00169 0.790959 0.14645 
0.990428 0.776696 0.170331 
0.986901 0.786137 0.169675 
0.992246 0.778526 0.154164 
0.988654 0.787933 0.153616 
1.00416 0.780899 0.155951 
1.00069 0.790241 0.155465 
0.9811 0.782355 0.168729 
0.977519 0.791859 0.167997 
1.00397 0.78066 0.14669 
1.00044 0.789988 0.146265 
0.993136 0.776995 0.168705 
0.989623 0.786418 0.168076 
0.987847 0.782762 0.156678 
0.984253 0.792205 0.156068 
1.00488 0.78304 0.153107 
1.00141 0.792377 0.152636 
0.98291 0.778588 0.170464 
0.979334 0.788079 0.169748 
1.00255 0.778765 0.147243 
0.999012 0.788099 0.146811 
0.995709 0.778037 0.1665 
0.99221 0.787442 0.165899 
0.987444 0.777363 0.159893 
0.983839 0.786806 0.159279 
1.00509 0.784812 0.150617 
0.981528 0.785098 0.170821 
0.997515 0.785309 0.148064 
0.998036 0.779678 0.163849 
0.994548 0.789067 0.163275 
0.983885 0.781389 0.162475 
0.980285 0.790864 0.161805 
1.00832 0.776726 0.149021 
1.00483 0.786026 0.148623 
0.984012 0.782995 0.171158 
0.98047 0.792487 0.17043 
0.996067 0.781689 0.149961 
0.992498 0.79107 0.149457 
1.00002 0.781739 0.16091 
0.996539 0.791114 0.160361 
0.980816 0.785636 0.164814 
1.00763 0.777221 0.147631 
1.00413 0.786523 0.147237 
0.986681 0.7818 0.170744 
0.983151 0.791273 0.170041 
0.994778 0.777356 0.152406 
0.991192 0.786742 0.151892 
1.00157 0.784014 0.157856 
0.998103 0.793379 0.157329 
0.981843 0.780802 0.167471 
0.978252 0.790298 0.166758 
1.0066 0.776881 0.146932 
1.00308 0.786188 0.146537 
0.989419 0.781495 0.169606 
0.985904 0.790949 0.168931 
0.99015 0.781856 0.154748 
0.986559 0.791281 0.15417 
1.00613 0.776965 0.155323 
1.00265 0.786288 0.154868 
0.979755 0.786025 0.168929 
1.00178 0.784952 0.146564 
0.992108 0.782011 0.167816 
0.988606 0.791446 0.167168 
0.985855 0.786023 0.15729 
1.0067 0.779023 0.152558 
1.00322 0.788342 0.152117 
0.981684 0.782471 0.170485 
0.978117 0.791975 0.169747 
1.00033 0.782796 0.147321 
0.996783 0.79215 0.146859 
0.994628 0.783233 0.165482 
0.991139 0.792651 0.164862 
0.985574 0.780598 0.160516 
0.981973 0.790058 0.159874 
1.00678 0.780653 0.150192 
1.00329 0.78997 0.149762 
0.983966 0.779745 0.171341 
0.980409 0.789232 0.170623 
0.998839 0.779755 0.148772 
0.995278 0.789115 0.148301 
0.99687 0.785007 0.162744 
0.982154 0.784674 0.163032 
