1.09696 0.00624085 -0.313523 
1.3018 0.00403964 0.00582613 
1.09464 0.00110767 0.3188 
1.09367 0.000734672 -0.388852 
1.25621 0.00399683 0.236713 
1.14519 0.000442013 0.140078 
1.14362 0.00864254 0.143152 
1.15483 0.00210894 -0.373015 
1.16613 0.00712995 0.371632 
1.15277 0.00606672 -0.0935758 
1.24246 0.00329786 -0.262195 
1.10004 0.0013097 0.399447 
1.10528 0.00594057 -0.286065 
1.30032 0.00462846 -0.0436312 
1.08686 0.00327401 0.343832 
1.08768 0.00172284 -0.382734 
1.27091 0.00726014 0.196814 
1.13544 0.000487019 0.183141 
1.13965 0.00265013 -0.382404 
1.18364 0.00620714 0.355267 
1.15729 0.0044896 -0.047003 
1.22384 0.00150497 -0.295812 
1.11058 0.00105558 0.400053 
1.11482 0.00511266 -0.254667 
1.2953 0.0073416 -0.0922743 
1.0829 0.00206547 0.364161 
1.08407 0.00108304 -0.372865 
1.28506 0.00047127 0.1494 
1.28391 0.00794112 0.151972 
1.12333 0.00404673 0.224781 
1.12523 0.00244787 -0.388883 
1.20257 0.00458854 0.333109 
1.15882 0.00386208 0.00205941 
1.20616 0.00520963 -0.322663 
1.12136 0.00622634 0.398555 
1.12515 0.003372 -0.219069 
1.28573 0.00346001 -0.141868 
1.08059 0.00666753 0.380806 
1.08615 0.00550526 -0.356617 
1.29414 0.00420864 0.102296 
1.11262 0.00223116 0.260808 
1.1144 0.00749641 -0.390623 
1.22264 0.000915138 0.304034 
1.22039 0.00867769 0.306275 
1.15698 0.00324311 0.0512545 
1.18736 0.00330764 -0.344914 
1.13579 0.00619328 0.392327 
1.13682 0.00706759 -0.17782 
1.27327 0.00395216 -0.186573 
1.08401 0.00627986 0.391121 
1.08992 0.00420664 -0.336657 
1.29972 0.007045 0.0535977 
1.10273 0.0014171 0.292605 
1.10385 0.00712154 -0.390316 
1.2393 0.00729924 0.27265 
1.15213 0.00166332 0.0981498 
1.16994 0.00215471 -0.36139 
1.15098 0.00695949 0.383128 
1.14617 0.00723383 -0.135144 
1.25898 0.00694056 -0.22632 
1.08987 0.00752941 0.397625 
1.09745 0.00630449 -0.311934 
1.30182 0.00028232 0.00144032 
1.30179 0.00768091 0.0041295 
1.09413 0.00117526 0.320408 
1.09364 0.00192081 -0.388326 
1.25642 0.00733954 0.235398 
1.14316 0.00810751 0.145621 
1.15457 0.00418025 -0.373161 
1.16908 0.00132181 0.36932 
1.15307 0.00548794 -0.0910091 
1.24221 0.00651816 -0.263332 
1.10011 0.00272352 0.399875 
1.10583 0.0059318 -0.284267 
1.29994 0.000955063 -0.0479864 
1.30028 0.00836057 -0.0453058 
1.0864 0.00358951 0.34528 
1.08777 0.00281899 -0.382018 
1.27255 0.00333026 0.192884 
1.13488 0.000129104 0.185563 
1.13287 0.00838828 0.188439 
1.13944 0.00471267 -0.382396 
1.18645 0.000876047 0.352719 
1.15745 0.00396688 -0.0442636 
1.2236 0.00468721 -0.296737 
1.11066 0.00279986 0.400377 
1.11545 0.0050861 -0.252603 
1.29453 0.0037891 -0.096537 
1.0825 0.00275101 0.365419 
1.08433 0.00204302 -0.371881 
1.28517 0.00431845 0.147859 
1.12267 0.00390727 0.227084 
1.12509 0.00443253 -0.388703 
1.20279 0.00761341 0.332411 
1.15881 0.00337944 0.00488994 
1.20356 0.000333625 -0.32553 
1.20591 0.00818991 -0.323324 
1.12148 0.0082341 0.398725 
1.12579 0.00322865 -0.216782 
1.2856 0.00728319 -0.14338 
1.08032 0.00765617 0.381792 
1.08653 0.0061595 -0.355364 
1.29496 0.000661121 0.0980274 
1.2942 0.00808909 0.100662 
1.11197 0.00220605 0.262881 
1.11136 0.000794632 -0.392201 
1.22286 0.00413389 0.303077 
1.1568 0.00271687 0.0540004 
1.1871 0.00589136 -0.345348 
1.13885 2.296e-05 0.390399 
1.13598 0.00827312 0.392322 
1.13736 0.00670514 -0.17542 
1.27308 0.00751152 -0.187972 
1.08392 0.00739995 0.391839 
1.09037 0.00449752 -0.335217 
1.30015 0.00336842 0.0492406 
1.10216 0.00141246 0.29441 
1.10078 1.96276e-05 -0.391773 
1.10377 0.0085056 -0.389889 
1.24154 0.00288308 0.269145 
1.15182 0.00108188 0.100731 
1.16966 0.00437469 -0.361662 
1.15401 0.000898867 0.380996 
1.14658 0.00669541 -0.132687 
1.25706 0.00266047 -0.230052 
1.09298 0.000188295 0.396343 
1.09794 0.00635955 -0.310334 
1.30181 0.00392436 -0.000256044 
1.09363 0.00125279 0.322006 
1.09362 0.00309951 -0.38779 
1.25839 0.00310559 0.231657 
1.1427 0.00758 0.148087 
1.15431 0.00624933 -0.373298 
1.16934 0.0035956 0.369024 
1.15335 0.00491095 -0.0884325 
1.24001 0.00206837 -0.266827 
1.10018 0.00415567 0.400297 
1.10639 0.00592247 -0.282454 
1.2999 0.0046976 -0.0496595 
1.08593 0.00392603 0.346718 
1.08787 0.00391056 -0.381287 
1.27271 0.00694356 0.191442 
1.13228 0.00804755 0.190846 
1.13924 0.00677569 -0.382376 
1.18668 0.00353323 0.35225 
1.1576 0.00344863 -0.0415144 
1.22117 0.00010154 -0.299923 
1.22335 0.00786487 -0.297643 
1.11075 0.00456471 0.400692 
1.11608 0.00505659 -0.250523 
1.2937 0.000237924 -0.100787 
1.29444 0.00766841 -0.0981437 
1.0821 0.00345956 0.366661 
1.0846 0.00298955 -0.370879 
1.28637 0.000711556 0.14373 
1.28526 0.00817582 0.146309 
1.12201 0.00377891 0.229376 
1.12496 0.00640674 -0.38851 
1.20543 0.00280315 0.329535 
1.15879 0.00289673 0.00772072 
1.20332 0.00329354 -0.326181 
1.12456 0.00190928 0.397013 
1.12642 0.0030742 -0.214484 
1.28438 0.00362671 -0.147481 
1.08319 4.29961e-05 0.380916 
1.08007 0.00865801 0.38276 
1.08693 0.00679133 -0.354096 
1.29502 0.00453623 0.0963918 
1.11133 0.00218404 0.264938 
1.11127 0.00248779 -0.391872 
1.22308 0.00735731 0.302102 
1.15661 0.00218648 0.0567374 
1.18432 0.000487008 -0.347899 
1.18684 0.00845037 -0.345767 
1.13905 0.00210433 0.390389 
1.13789 0.00632965 -0.173016 
1.27148 0.00352921 -0.191892 
1.08383 0.00852514 0.392543 
1.09083 0.00476924 -0.333767 
1.30017 0.00708903 0.0475543 
1.10159 0.00140961 0.296201 
1.1007 0.00138656 -0.391347 
1.24177 0.006138 0.267963 
1.15149 0.000499749 0.103304 
1.1503 0.00866553 0.106506 
1.16938 0.00657978 -0.361924 
1.15426 0.00299902 0.38083 
1.14698 0.00615082 -0.130225 
1.25682 0.00595933 -0.231325 
1.09301 0.00140929 0.39687 
1.09844 0.00640672 -0.308723 
1.30178 0.00016939 -0.00464151 
1.3018 0.00756805 -0.00195211 
1.09313 0.001341 0.323594 
1.0936 0.00427125 -0.387244 
1.25859 0.00647268 0.230327 
1.14223 0.00706056 0.15055 
1.15132 0.000157215 -0.375442 
1.15405 0.00831678 -0.373423 
1.16959 0.00588795 0.368717 
1.15363 0.00433612 -0.0858459 
1.23976 0.00528636 -0.267943 
1.10025 0.00560661 0.400711 
1.10696 0.00591277 -0.280625 
1.29946 0.00104343 -0.0540068 
1.29985 0.0084508 -0.0513289 
1.08547 0.00428407 0.348146 
1.08797 0.00499731 -0.380539 
1.27431 0.00305866 0.187488 
1.13168 0.00772082 0.19325 
1.13623 0.00058472 -0.384316 
1.18691 0.00621679 0.351765 
1.15774 0.00293471 -0.0387557 
1.22093 0.00327249 -0.300819 
1.11083 0.00634981 0.400997 
1.11671 0.00502367 -0.248426 
1.29362 0.00412126 -0.102391 
1.08171 0.00419082 0.367889 
1.08487 0.0039219 -0.369858 
1.28647 0.00457834 0.142177 
1.12134 0.00366121 0.231658 
1.12193 2.35103e-05 -0.390234 
1.12483 0.00836968 -0.388305 
1.20564 0.00586614 0.328807 
1.15876 0.00241358 0.010551 
1.20307 0.00623377 -0.326814 
1.12469 0.00393733 0.397166 
1.12705 0.00290824 -0.212177 
1.28425 0.00742721 -0.14898 
1.08295 0.00105548 0.381874 
1.08733 0.00740055 -0.352815 
1.29579 0.000980802 0.0921092 
1.29507 0.00840531 0.0947497 
1.11069 0.00216476 0.266978 
1.11117 0.00416069 -0.391534 
1.22552 0.0028371 0.29886 
1.15642 0.00165193 0.0594655 
1.18406 0.00301987 -0.348312 
1.13925 0.00418576 0.390366 
1.13841 0.00594133 -0.17061 
1.27128 0.00705352 -0.193278 
1.08686 0.00106221 0.391421 
1.09129 0.00502239 -0.332307 
1.30055 0.0033965 0.0431903 
1.10103 0.00140885 0.297977 
1.10063 0.00273744 -0.390913 
1.24398 0.00173963 0.264423 
1.14995 0.00808495 0.109065 
1.16647 0.000703195 -0.364246 
1.15451 0.00510448 0.380654 
1.14738 0.00560063 -0.127758 
1.25486 0.00165047 -0.235029 
1.09304 0.00264002 0.397388 
1.09894 0.00644667 -0.307101 
1.30177 0.00381543 -0.00633719 
1.09263 0.00144059 0.325172 
1.09358 0.00543649 -0.386687 
1.26051 0.00227424 0.226557 
1.14176 0.00654973 0.153009 
1.15106 0.00222191 -0.375564 
1.17252 0.000157627 0.366362 
1.16984 0.0081997 0.368399 
1.15391 0.00376382 -0.083249 
1.23752 0.000822588 -0.2714 
1.23951 0.0085041 -0.269043 
1.10031 0.00707681 0.401118 
1.10753 0.00590282 -0.27878 
1.29941 0.00480734 -0.0556745 
1.08501 0.00466407 0.349564 
1.08809 0.00607892 -0.379775 
1.27446 0.00670907 0.186033 
1.13108 0.00740818 0.195651 
1.13604 0.00264627 -0.384278 
1.18969 0.000984819 0.349166 
1.15788 0.00242499 -0.0359879 
1.22068 0.00643735 -0.301697 
1.11092 0.00815478 0.401293 
1.11735 0.00498687 -0.246313 
1.29274 0.000573492 -0.106625 
1.29352 0.00800787 -0.103987 
1.08133 0.00494439 0.369101 
1.08516 0.00483934 -0.368819 
1.28763 0.000994516 0.138027 
1.28657 0.00845345 0.140614 
1.12068 0.00355369 0.233928 
1.12181 0.00197349 -0.390026 
1.20825 0.0011075 0.325883 
1.15872 0.00192962 0.0133802 
1.20045 0.00128029 -0.329624 
1.12482 0.00597388 0.397307 
1.12768 0.00273041 -0.209861 
1.28299 0.00374054 -0.15306 
1.08272 0.00207981 0.382815 
1.08773 0.00798702 -0.351519 
1.29585 0.00484315 0.090465 
1.11005 0.00214786 0.269002 
1.11108 0.0058132 -0.391188 
1.22574 0.00606928 0.297857 
1.15622 0.0011132 0.0621842 
1.1838 0.00552847 -0.348711 
1.13945 0.00626711 0.390331 
1.13893 0.00554042 -0.1682 
1.26964 0.00302841 -0.197173 
1.0868 0.00219676 0.392104 
1.09175 0.00525754 -0.330838 
1.30057 0.00710019 0.0415007 
1.10047 0.0014105 0.29974 
1.10056 0.00407283 -0.390473 
1.24421 0.0050013 0.263221 
1.14959 0.00750462 0.111616 
1.16619 0.00287938 -0.364494 
1.15476 0.00721599 0.380468 
1.14777 0.00504539 -0.125286 
1.25462 0.00493206 -0.236286 
1.09307 0.00388106 0.397898 
1.09944 0.00648007 -0.305467 
1.30169 6.57364e-05 -0.0107214 
1.30175 0.00746468 -0.00803217 
1.09214 0.00155231 0.32674 
1.09357 0.00659565 -0.38612 
1.26071 0.00566834 0.225212 
1.14128 0.00604801 0.155466 
1.15081 0.004286 -0.375676 
1.17277 0.00249115 0.36604 
1.15418 0.00319439 -0.0806415 
1.23727 0.0040389 -0.272494 
