1.20149 0.00260752 -0.119433 
1.25114 0.00275649 0.0394704 
1.20113 0.00405208 0.079348 
1.22245 0.00535415 -0.137088 
1.22072 0.0019596 0.147685 
1.20209 0.0023837 -0.0692754 
1.25154 0.00509083 -0.0286579 
1.19994 0.00402326 0.129614 
1.20839 0.000804211 -0.147703 
1.20968 0.00866136 -0.144862 
1.23688 0.00213826 0.112828 
1.20318 0.000219093 -0.00472218 
1.2032 0.00811326 -0.00159447 
1.24136 0.00173816 -0.0910946 
1.20424 0.00553177 0.155851 
1.20269 0.007072 -0.126705 
1.24928 0.00360737 0.0563482 
1.20167 0.00491865 0.064339 
1.22649 0.00626848 -0.130408 
1.21654 0.00403635 0.153162 
1.20172 0.00267364 -0.0835495 
1.25248 0.00561188 -0.0113987 
1.20022 0.00163311 0.118217 
1.21219 0.00681915 -0.145829 
1.23222 0.00712104 0.12564 
1.2031 0.00215356 -0.0209794 
1.24489 0.00470879 -0.076277 
1.20225 0.00620966 0.152293 
1.20296 0.00246333 -0.13568 
1.24674 0.00498115 0.0726804 
1.20216 0.00627233 0.0487589 
1.23042 0.0059522 -0.122591 
1.21236 0.00738295 0.157442 
1.20137 0.00221687 -0.0969733 
1.2527 0.00595073 0.00604472 
1.2006 0.000238295 0.105738 
1.19956 0.00814398 0.108722 
1.21487 0.00370645 -0.145549 
1.22834 0.00552421 0.134559 
1.20294 0.00388517 -0.0369792 
1.2478 0.00682306 -0.0606248 
1.20191 0.000278741 0.144593 
1.20055 0.00817492 0.147453 
1.20471 0.00450484 -0.140488 
1.24355 0.00704741 0.0883093 
1.20291 8.20762e-05 0.0296451 
1.20259 0.00797792 0.0327607 
1.23418 0.00443857 -0.113663 
1.20971 0.00416576 0.157719 
1.20109 0.000886708 -0.109424 
1.25219 0.00628319 0.0234854 
1.20013 0.00762606 0.0953065 
1.21892 0.00715093 -0.141231 
1.22428 0.00511804 0.142364 
1.20269 0.00527601 -0.0525611 
1.24968 0.000582611 -0.0471621 
1.25006 0.00823691 -0.0442755 
1.20047 0.00348711 0.138486 
1.20673 0.00526629 -0.144019 
1.24064 0.0022643 0.100263 
1.20311 0.00200383 0.0133812 
1.2377 0.0017801 -0.103665 
1.20723 0.0022247 0.156739 
1.20203 0.00646534 -0.117845 
1.25097 0.00678553 0.0407366 
1.20074 0.00786091 0.0810389 
1.2218 0.00153779 -0.138552 
1.22012 0.00593731 0.149024 
1.2024 0.00618932 -0.067573 
1.2514 0.00147184 -0.0302792 
1.19933 0.00788614 0.131183 
1.209 0.00473598 -0.146267 
1.23643 0.00614631 0.114119 
1.2032 0.00400235 -0.00296633 
1.24171 0.00574917 -0.0898008 
1.20498 0.00157737 0.15448 
1.20209 0.00305112 -0.128072 
1.24904 0.00763446 0.0576157 
1.20199 0.000817957 0.0629778 
1.20134 0.00871813 0.0660525 
1.22588 0.00248073 -0.131893 
1.21725 0.00019124 0.151728 
1.2159 0.00800606 0.154515 
1.2021 0.00649003 -0.0818717 
1.25242 0.00199916 -0.0130256 
1.19966 0.00547994 0.119822 
1.2115 0.00291964 -0.147245 
1.23281 0.00338701 0.124129 
1.20319 0.00593892 -0.0192285 
1.24453 0.00104693 -0.077859 
1.24517 0.00872493 -0.0749887 
1.20298 0.00223032 0.150932 
1.20355 0.00635201 -0.134156 
1.24707 0.00133729 0.0710879 
1.20241 0.00216618 0.0473944 
1.22985 0.00219229 -0.124095 
1.21311 0.00350829 0.156032 
1.20181 0.00604589 -0.095324 
1.25273 0.00234007 0.00441653 
1.2001 0.00407047 0.107377 
1.21545 0.00765972 -0.144154 
1.22897 0.0017635 0.133068 
1.2031 0.00767484 -0.0352385 
1.24752 0.00317957 -0.0622242 
1.20126 0.00417169 0.146103 
1.20403 0.00052698 -0.141865 
1.2053 0.00840774 -0.138991 
1.24396 0.00338502 0.0867359 
1.20276 0.00386827 0.0313933 
1.23364 0.000705338 -0.115186 
1.23461 0.00843502 -0.112346 
1.21045 0.000265117 0.156319 
1.20903 0.0081152 0.159112 
1.20159 0.00473002 -0.107807 
1.2523 0.00267039 0.0218604 
1.20061 0.00354123 0.0939565 
1.21826 0.00330676 -0.142679 
1.22495 0.00132947 0.140893 
1.20243 0.00117587 -0.0539292 
1.24986 0.00460785 -0.0458884 
1.19984 0.00736571 0.140023 
1.20604 0.00131329 -0.145407 
1.24024 0.00627862 0.101546 
1.20303 0.00578742 0.015136 
1.2381 0.00578449 -0.102362 
1.20656 0.0061614 0.158159 
1.20146 0.00242503 -0.119208 
1.25116 0.00316636 0.0391191 
1.20114 0.0037668 0.0796847 
1.22236 0.00551069 -0.137197 
1.22082 0.00212006 0.147575 
1.20207 0.00209675 -0.0689392 
1.25151 0.00549963 -0.0290089 
1.19997 0.00384324 0.129839 
1.20831 0.000808487 -0.147666 
1.20961 0.00866605 -0.144825 
1.23696 0.00243899 0.112585 
1.2032 0.00778559 -0.00121033 
1.24129 0.00206609 -0.0913651 
1.20431 0.00550061 0.155927 
1.20265 0.00692395 -0.126515 
1.24932 0.00400472 0.05601 
1.20167 0.00461675 0.0646943 
1.2264 0.00646182 -0.130552 
1.21663 0.00415957 0.153087 
1.2017 0.00240704 -0.0832359 
1.25246 0.00602863 -0.0117579 
1.20024 0.00142156 0.118475 
1.2121 0.00686231 -0.145829 
1.23231 0.0073888 0.125428 
1.2031 0.00182982 -0.0206002 
1.24483 0.00506371 -0.0765735 
1.20231 0.00613952 0.152407 
1.20291 0.00235164 -0.135528 
1.24679 0.00536096 0.0723603 
1.20217 0.00595783 0.0491284 
1.23033 0.00618158 -0.122768 
1.21245 0.00746832 0.157404 
1.20135 0.00197453 -0.096686 
1.2527 0.00637034 0.0056826 
1.19958 0.0079041 0.10901 
1.21478 0.00378755 -0.145586 
1.22843 0.00575745 0.13438 
1.20293 0.00356952 -0.0366098 
1.24775 0.00720074 -0.0609438 
1.20196 0.000170621 0.144746 
1.2006 0.00806651 0.147606 
1.20464 0.00443121 -0.140373 
1.24361 0.00740492 0.0880114 
1.20259 0.00765491 0.0331399 
1.23409 0.00470277 -0.113873 
1.20979 0.0042131 0.157718 
1.20106 0.000672338 -0.109166 
1.20207 0.00857194 -0.106184 
1.25221 0.00670057 0.0231259 
1.20015 0.00736168 0.0956201 
1.21883 0.00726987 -0.141304 
1.22438 0.00531549 0.142219 
1.20269 0.00497256 -0.0522059 
1.24964 0.000978149 -0.0474996 
1.25002 0.00863263 -0.0446128 
1.20052 0.00334214 0.138676 
1.20666 0.00523142 -0.143943 
1.24071 0.00259555 0.0999918 
1.20311 0.00167641 0.0137655 
1.23762 0.00207724 -0.103906 
1.20731 0.00223341 0.156776 
1.20199 0.00628249 -0.11762 
1.251 0.00719556 0.0403849 
1.20075 0.0075759 0.0813752 
1.22171 0.00169361 -0.13866 
1.22021 0.00609814 0.148914 
1.20239 0.00590216 -0.0672363 
1.25138 0.0018805 -0.0306301 
1.19936 0.00770655 0.131408 
1.20893 0.00473993 -0.14623 
1.2365 0.0064474 0.113876 
1.2032 0.00367467 -0.00258211 
1.24164 0.00607691 -0.0900707 
1.20505 0.00154703 0.154555 
1.20204 0.00290245 -0.127882 
1.24957 0.000375814 0.054402 
1.24908 0.00803203 0.0572772 
1.20199 0.000516329 0.063333 
1.20134 0.00841645 0.0664074 
1.22579 0.00267336 -0.132036 
1.21734 0.0003153 0.151653 
1.21599 0.00812965 0.154439 
1.20208 0.00622317 -0.0815575 
1.25241 0.00241588 -0.0133848 
1.19969 0.00526879 0.12008 
1.21142 0.00296206 -0.147245 
1.2329 0.00365554 0.123918 
1.20319 0.00561512 -0.0188491 
1.24447 0.00140142 -0.0781553 
1.20304 0.00216098 0.151046 
1.2035 0.00623994 -0.134003 
1.24712 0.00171759 0.0707675 
1.20241 0.00185189 0.0477639 
1.22976 0.00242098 -0.124272 
1.2132 0.00359451 0.155993 
1.20179 0.00580326 -0.095036 
1.25272 0.00275976 0.00405439 
1.20012 0.00383109 0.107664 
1.21537 0.00774054 -0.14419 
1.22906 0.00199754 0.132889 
1.20309 0.00735908 -0.0348687 
1.24747 0.00355691 -0.0625431 
1.20132 0.00406404 0.146255 
1.20397 0.000452648 -0.14175 
1.20524 0.00833374 -0.138875 
1.24402 0.00374311 0.0864378 
1.20276 0.00354539 0.0317726 
1.23356 0.000968897 -0.115395 
1.23452 0.00869899 -0.112555 
1.21053 0.000313311 0.156318 
1.20911 0.00816296 0.15911 
1.20156 0.00451532 -0.107548 
1.25232 0.00308794 0.0215008 
1.20062 0.00327728 0.0942701 
1.21817 0.00342497 -0.142752 
1.22504 0.00152775 0.140748 
1.20243 0.000872208 -0.0535739 
1.24982 0.00500332 -0.0462256 
1.19988 0.00722119 0.140212 
1.20597 0.00127769 -0.14533 
1.24031 0.00661019 0.101274 
1.20303 0.00546007 0.0155202 
1.23802 0.00608142 -0.102602 
1.20664 0.00617053 0.158195 
1.20142 0.00224161 -0.118983 
1.25119 0.00357667 0.0387673 
1.20115 0.00348214 0.0800209 
1.22226 0.00566625 -0.137305 
1.22091 0.00228174 0.147464 
1.20206 0.00180929 -0.0686023 
1.25149 0.00590828 -0.0293596 
1.20001 0.00366429 0.130064 
1.20823 0.000811699 -0.147628 
1.20953 0.00866967 -0.144786 
1.23704 0.0027408 0.112342 
1.20319 0.00745791 -0.000826017 
1.24122 0.00239331 -0.0916347 
1.20438 0.00547072 0.156002 
1.2026 0.0067749 -0.126324 
1.24936 0.00440267 0.0556714 
1.20168 0.00431534 0.0650492 
1.22631 0.0066542 -0.130694 
1.21672 0.00428401 0.153012 
1.20169 0.00213982 -0.0829214 
1.25245 0.00644538 -0.012117 
1.20027 0.00121098 0.118732 
1.21202 0.00690443 -0.145829 
1.23239 0.0076577 0.125216 
1.2031 0.00150595 -0.0202208 
1.24476 0.00541805 -0.0768693 
1.20238 0.00607064 0.15252 
1.20286 0.00223891 -0.135374 
1.24684 0.00574152 0.0720395 
1.20217 0.00564371 0.0494977 
1.23024 0.00641003 -0.122944 
1.21254 0.00755494 0.157365 
1.20133 0.00173147 -0.0963977 
1.2527 0.0067901 0.00532046 
1.1996 0.00766509 0.109296 
1.21469 0.00386762 -0.145623 
1.22852 0.00599186 0.134201 
1.20292 0.00325361 -0.0362399 
1.2477 0.00757797 -0.0612622 
1.20202 6.37192e-05 0.144898 
1.20065 0.00795931 0.147757 
1.20458 0.00435651 -0.140258 
1.24442 8.25712e-05 0.0848607 
1.24367 0.0077633 0.0877128 
1.20259 0.00733214 0.033519 
1.23401 0.0049661 -0.114082 
1.20987 0.00426171 0.157716 
1.20103 0.000457139 -0.108908 
1.20204 0.0083569 -0.105925 
1.25222 0.00711824 0.0227661 
1.20016 0.00709805 0.0959332 
1.21874 0.00738781 -0.141376 
1.22447 0.00551414 0.142073 
1.20268 0.00466873 -0.0518502 
1.2496 0.00137338 -0.0478366 
1.20056 0.00319833 0.138865 
1.20659 0.00519547 -0.143865 
1.24078 0.00292777 0.0997193 
1.20311 0.00134913 0.0141497 
1.23754 0.00237358 -0.104146 
1.20739 0.00224338 0.156812 
1.20195 0.00609872 -0.117394 
1.25102 0.00760604 0.040033 
1.20076 0.00729151 0.0817109 
1.22162 0.00184845 -0.138768 
1.2203 0.0062602 0.148802 
1.20238 0.0056145 -0.0668989 
1.25135 0.00228901 -0.0309807 
1.1994 0.00752803 0.131631 
1.20885 0.00474281 -0.146191 
1.23658 0.00674956 0.113632 
1.2032 0.00334699 -0.00219772 
1.24157 0.00640394 -0.0903397 
