1.10102 0.00422265 -0.308092 
1.29992 0.00242082 0.00805151 
1.09817 0.00709112 0.311581 
1.10146 0.00516076 -0.38079 
1.25342 0.00341887 0.237883 
1.14803 0.00738338 0.130382 
1.16226 0.00258912 -0.362239 
1.16567 0.00312384 0.36685 
1.15246 0.00433218 -0.106761 
1.24933 0.00432842 -0.242642 
1.10119 0.00183475 0.390883 
1.1067 0.00841848 -0.292146 
1.29961 0.00187074 -0.0195588 
1.09528 0.00335643 0.324888 
1.09665 0.00278905 -0.378736 
1.2614 0.007126 0.21726 
1.14324 0.00638519 0.154403 
1.15307 0.00107988 -0.368851 
1.17473 0.00329581 0.359121 
1.15567 0.00302845 -0.0818019 
1.2405 0.00711007 -0.261738 
1.10627 0.00156083 0.392289 
1.11017 0.00430105 -0.277175 
1.2982 0.00267385 -0.0471253 
1.09236 0.0012988 0.337837 
1.09257 0.000704442 -0.375579 
1.27009 0.00572201 0.193339 
1.13743 0.00673917 0.178764 
1.14416 0.000402984 -0.374512 
1.14692 0.00860692 -0.372497 
1.18338 0.00641843 0.350646 
1.1582 0.00251356 -0.0551216 
1.22931 0.00327026 -0.282059 
1.11117 0.00401474 0.393443 
1.11449 0.000922974 -0.260295 
1.29572 0.00586111 -0.0745417 
1.08928 0.00191179 0.350495 
1.09261 0.00780447 -0.368869 
1.27887 0.000154237 0.165954 
1.27759 0.00765199 0.168507 
1.13261 0.00075497 0.200778 
1.13572 0.000874011 -0.378983 
1.19406 0.00543647 0.339012 
1.15984 0.00302916 -0.026511 
1.21767 0.000324625 -0.300837 
1.21987 0.00810696 -0.298556 
1.11884 0.00124728 0.392292 
1.12205 0.00651209 -0.238654 
1.29145 0.00380114 -0.104255 
1.08625 0.00556621 0.362444 
1.0909 0.0063927 -0.362155 
1.28501 0.00504239 0.140191 
1.12488 0.00492483 0.22558 
1.12776 0.00169621 -0.382161 
1.20659 0.000218484 0.323706 
1.2042 0.00806694 0.325893 
1.16032 0.00425574 0.00339615 
1.20794 0.00480394 -0.315597 
1.12649 0.0010985 0.390333 
1.12752 0.00356215 -0.217723 
1.28572 0.00240006 -0.133306 
1.08686 0.00312522 0.371124 
1.09025 0.00373317 -0.353629 
1.2909 0.00377336 0.111018 
1.11918 0.00198412 0.246659 
1.1201 0.00131352 -0.384203 
1.2163 0.00503913 0.30881 
1.15951 0.00546632 0.0333131 
1.19785 0.00708846 -0.328644 
1.13444 0.0020944 0.387205 
1.13489 0.00769392 -0.193068 
1.27967 0.00703576 -0.158904 
1.08855 0.00189134 0.377981 
1.09315 0.00713767 -0.341789 
1.29534 0.00172968 0.0812213 
1.11134 0.00757518 0.268355 
1.11535 0.00667788 -0.383549 
1.228 0.00235953 0.289915 
1.15755 0.00594172 0.0619583 
1.18725 0.00575366 -0.340266 
1.14288 0.00269603 0.382766 
1.13948 0.00167148 -0.171285 
1.27107 0.00114572 -0.186144 
1.27245 0.0086734 -0.183604 
1.0915 0.000592117 0.382907 
1.0961 0.00752866 -0.329266 
1.29793 0.00486741 0.0537501 
1.10689 0.00418919 0.285337 
1.10747 0.000443408 -0.384441 
1.23727 0.0064218 0.271823 
1.15474 0.00538065 0.0887093 
1.17605 0.000542396 -0.350839 
1.17861 0.00855399 -0.348718 
1.15179 0.0021483 0.377128 
1.14496 0.00199213 -0.147121 
1.26405 0.00697503 -0.207421 
1.0925 0.00719175 0.388077 
1.09892 0.00530436 -0.316464 
1.29948 0.00561581 0.0261604 
1.10332 8.93609e-05 0.300422 
1.10049 0.00854985 0.302675 
1.10532 0.0083948 -0.38126 
1.24815 0.00175069 0.250237 
1.15126 0.00404334 0.113784 
1.16697 0.0004183 -0.35856 
1.16959 0.00848326 -0.35647 
1.16098 0.000810717 0.370535 
1.14946 0.000985244 -0.12328 
1.25456 0.00281889 -0.230378 
1.09731 0.00496467 0.390295 
1.10172 0.00146685 -0.303298 
1.29994 0.0050499 -0.00145393 
1.09745 0.00436517 0.316436 
1.10029 0.00635032 -0.379631 
1.25654 0.00470838 0.230112 
1.1471 0.00263087 0.137959 
1.16041 0.00706177 -0.363572 
1.16749 0.00797974 0.365251 
1.15427 0.00768375 -0.095832 
1.24602 0.0053755 -0.250037 
1.1024 0.00353905 0.391908 
1.10757 0.00561401 -0.286938 
1.29928 0.00484075 -0.0290559 
1.09459 0.00113086 0.329575 
1.09572 0.00400173 -0.377222 
1.26582 0.00162846 0.206708 
1.14207 0.00204064 0.162104 
1.15133 0.00580224 -0.369873 
1.17906 0.00108612 0.3552 
1.15709 0.0066126 -0.0702561 
1.23506 0.000816313 -0.271104 
1.23705 0.008511 -0.268742 
1.10744 0.00419367 0.39322 
1.11135 0.00174882 -0.271307 
1.29754 0.00649379 -0.0565868 
1.08859 0.00854469 0.344469 
1.09203 0.00217293 -0.373501 
1.27395 0.00148204 0.182413 
1.13595 0.0030744 0.186724 
1.14261 0.00562206 -0.375121 
1.18751 0.00563881 0.346367 
1.15917 0.00648796 -0.0427964 
1.22574 0.0051192 -0.288536 
1.11225 0.00785043 0.394244 
1.11851 0.00703529 -0.251075 
1.29412 0.00319389 -0.086568 
1.08851 0.00177463 0.35491 
1.08954 0.000852684 -0.368005 
1.28089 0.00467461 0.15721 
1.12869 0.00611768 0.211651 
1.1344 0.00641047 -0.37911 
1.19797 0.00614591 0.334209 
1.16024 0.00733915 -0.0135571 
1.214 0.00224477 -0.306671 
1.1199 0.00618469 0.392848 
1.1238 0.0043082 -0.231188 
1.28924 0.00161575 -0.116052 
1.08563 0.00649441 0.366419 
1.09128 0.00768835 -0.358599 
1.28766 0.00282921 0.128535 
1.12301 0.00256567 0.233444 
1.12661 0.00700325 -0.381832 
1.21032 0.00198576 0.318241 
1.16024 0.000537632 0.0131669 
1.16006 0.00865584 0.0165221 
1.20415 0.00610593 -0.320758 
1.12766 0.00664133 0.390488 
1.12932 0.00102413 -0.209808 
1.28396 0.00737439 -0.142179 
1.08661 0.00468254 0.37444 
1.09091 0.00419686 -0.349504 
1.29294 0.00150621 0.0990835 
1.1149 0.00816026 0.256434 
1.119 0.00577053 -0.383545 
1.21994 0.00710806 0.302667 
1.15915 0.0015332 0.0427373 
1.19389 0.00711957 -0.333216 
1.13581 0.00760793 0.386874 
1.13646 0.00448488 -0.185079 
1.27628 0.00349759 -0.170019 
1.08878 0.00354459 0.380542 
1.09388 0.00646026 -0.337339 
1.29623 0.0061404 0.0717833 
1.1099 0.00521285 0.274771 
1.11127 0.00152766 -0.384643 
1.23155 0.00413758 0.283168 
1.15699 0.00161119 0.0707091 
1.18306 0.00426355 -0.344396 
1.14447 0.00776475 0.38197 
1.14253 0.00593764 -0.160546 
1.2685 0.00380407 -0.194354 
1.09219 0.00201292 0.384795 
1.0968 0.00576466 -0.324695 
1.29885 0.000888373 0.0415708 
1.29851 0.00830109 0.0442557 
1.10581 0.00151962 0.290979 
1.10625 0.0025749 -0.383521 
1.2427 5.42473e-05 0.262257 
1.24073 0.0077175 0.264616 
1.15405 0.000685923 0.0967862 
1.17424 0.00579329 -0.35255 
1.15356 0.00678003 0.375957 
1.1475 0.00564412 -0.136514 
1.25956 0.000987015 -0.21781 
1.26117 0.00856611 -0.215328 
1.09352 0.00840801 0.389473 
1.09958 0.00278987 -0.311798 
1.29986 0.000961427 0.0139598 
1.29973 0.00836964 0.0166545 
1.09968 0.00573923 0.307744 
1.10112 0.00131259 -0.382149 
1.25141 0.00287574 0.242659 
1.14909 0.0073821 0.124586 
1.1651 0.00499304 -0.360048 
1.16282 0.00540066 0.369085 
1.15157 0.00434621 -0.11259 
1.25137 0.00387878 -0.237974 
1.0985 0.00632997 0.391413 
1.10523 0.00710648 -0.296096 
1.29976 0.000326655 -0.0136542 
1.29984 0.00773483 -0.0109577 
1.09676 0.00177603 0.321209 
1.09919 0.00750599 -0.378358 
1.25956 0.00622366 0.222225 
1.14452 0.00618822 0.148617 
1.1559 0.0034546 -0.366856 
1.17196 0.00507454 0.36152 
1.15493 0.00294594 -0.0879368 
1.24265 0.00651784 -0.257294 
1.10361 0.0055475 0.392891 
1.10855 0.00288461 -0.281506 
1.29856 0.000683183 -0.0412354 
1.29885 0.00809584 -0.0385451 
1.0909 0.00774447 0.336308 
1.09491 0.00530467 -0.375513 
1.26848 0.00412927 0.198503 
1.13898 0.00615453 0.172867 
1.14691 0.00252821 -0.372772 
1.18073 0.00737879 0.353246 
1.15764 0.00220478 -0.06171 
1.23154 0.00239298 -0.277915 
1.10857 0.00727156 0.394108 
1.11523 0.00771172 -0.262661 
1.29629 0.00327375 -0.0686993 
1.08782 0.0076834 0.349009 
1.09166 0.00372973 -0.371156 
1.27623 0.00526804 0.173878 
1.1323 0.00796192 0.197605 
1.13837 0.00277463 -0.377547 
1.19156 0.00545322 0.341905 
1.15953 0.00248677 -0.03353 
1.22215 0.00707357 -0.294783 
1.1163 0.00374493 0.393099 
1.12014 0.00483672 -0.244056 
1.29225 0.000790183 -0.0985164 
1.29298 0.00822802 -0.0958631 
1.08778 0.00207745 0.359193 
1.08966 0.00240486 -0.364912 
1.28391 0.00207972 0.145763 
1.12686 0.00345432 0.219702 
1.13032 0.00365112 -0.38103 
1.20181 0.00733011 0.329168 
1.16032 0.00360223 -0.00382832 
1.21029 0.00402066 -0.312245 
1.12394 0.00307867 0.391372 
1.1256 0.00202723 -0.223508 
1.28771 0.00687028 -0.125111 
1.08513 0.00772884 0.370161 
1.08879 0.000163277 -0.356786 
1.09179 0.00872144 -0.354792 
1.29005 0.000699335 0.116756 
1.28914 0.00814925 0.119377 
1.12117 0.000319367 0.241122 
1.11872 0.00866171 0.243706 
1.12262 0.00371498 -0.383316 
1.214 0.00395943 0.312513 
1.15982 0.00488949 0.0262153 
1.20031 0.00698414 -0.325679 
1.1318 0.00394481 0.388547 
1.13315 0.00653905 -0.199024 
1.28095 0.00455076 -0.153527 
1.08653 0.00633587 0.377464 
1.09163 0.00424285 -0.345224 
1.29405 0.00644891 0.0897214 
1.11325 0.00594309 0.263368 
1.11498 0.00140275 -0.384737 
1.22576 0.00136538 0.294012 
1.15813 0.00558478 0.0552488 
1.18984 0.00657273 -0.337601 
1.14012 0.00473318 0.38442 
1.13795 0.000987684 -0.177163 
1.27397 0.00696875 -0.178433 
1.08919 0.00512962 0.382824 
1.09462 0.00534394 -0.332828 
1.29752 0.00275459 0.0596441 
1.1086 0.00273123 0.280879 
1.11009 0.00432833 -0.38377 
1.23507 0.00572526 0.27623 
1.1555 0.00526383 0.0824571 
1.17878 0.00223072 -0.348393 
1.14895 0.00445035 0.379052 
1.1437 0.00172566 -0.152881 
1.2658 0.00600625 -0.202445 
1.09303 0.00333392 0.386471 
1.09748 0.00366562 -0.320096 
1.29927 0.00400679 0.0320674 
1.10206 0.00721084 0.298662 
1.10502 0.00437 -0.382566 
1.24607 0.00124062 0.25489 
1.15218 0.00405819 0.107872 
1.16979 0.00267206 -0.356275 
1.15812 0.00319825 0.372669 
1.14842 0.000958158 -0.129015 
1.25652 0.00229433 -0.225592 
1.0977 0.00110836 0.388893 
1.10026 0.000107905 -0.307063 
1.10306 0.00858011 -0.304815 
1.29994 0.00361057 0.00445306 
1.09893 0.00296191 0.312673 
1.09993 0.00255669 -0.381048 
1.25459 0.00407658 0.23496 
