1.20494 0.00731544 -0.108546 
1.24914 0.00623009 0.0392357 
1.20361 0.00266114 0.0715879 
1.22429 0.00451719 -0.125954 
1.22166 0.000389114 0.137733 
1.22043 0.00818233 0.140547 
1.20459 0.00679079 -0.0656632 
1.25007 0.00379096 -0.0214231 
1.20318 0.00112376 0.115822 
1.21237 0.00279562 -0.136159 
1.2346 0.00571862 0.111037 
1.20505 0.00568387 -0.0101514 
1.24274 0.00516906 -0.0753643 
1.20604 0.0053221 0.142757 
1.20629 0.0077832 -0.121263 
1.24634 0.00185381 0.062487 
1.20428 0.00278917 0.0475749 
1.22998 0.00290438 -0.115502 
1.21579 0.00255027 0.144443 
1.20423 0.00501115 -0.0874055 
1.25078 0.00608192 0.00579579 
1.20267 0.004882 0.0995399 
1.21672 0.000638909 -0.135444 
1.2179 0.00845379 -0.132594 
1.22921 0.000863569 0.124383 
1.2281 0.00861897 0.127205 
1.20497 0.0068364 -0.0353203 
1.24671 0.00251759 -0.0537631 
1.20426 0.00250279 0.13327 
1.20822 0.00516977 -0.130816 
1.24151 0.00675113 0.0869922 
1.20478 0.00388824 0.0224266 
1.23618 0.00599631 -0.099364 
1.21144 0.000134699 0.1452 
1.21011 0.00798062 0.148026 
1.20396 0.00104361 -0.106713 
1.24992 0.000693957 0.0301195 
1.24963 0.00834904 0.0330155 
1.2034 0.00296305 0.077863 
1.22252 0.00306138 -0.128778 
1.22226 0.00678704 0.137715 
1.2047 0.00706024 -0.0593734 
1.24964 0.00589463 -0.0276391 
1.20308 0.00278526 0.120608 
1.21193 0.00717044 -0.134209 
1.23613 0.00618112 0.106459 
1.20503 0.00538156 -0.00317784 
1.24153 0.0062769 -0.0805911 
1.20757 0.00100978 0.142722 
1.20508 0.00230554 -0.12022 
1.24719 0.00366232 0.056591 
1.20411 0.00272941 0.054269 
1.22828 0.00229997 -0.119119 
1.2176 0.000287057 0.142435 
1.21631 0.00810101 0.145249 
1.20434 0.00578383 -0.0816874 
1.25076 0.000666596 -0.00345601 
1.25077 0.00831728 -0.000552747 
1.20247 0.00585892 0.105057 
1.21617 0.00588537 -0.13437 
1.2309 0.000548178 0.120541 
1.22983 0.00829521 0.123368 
1.20502 0.00668605 -0.0285344 
1.2458 0.00417537 -0.0595297 
1.20433 0.0051856 0.136983 
1.20679 0.000557155 -0.130621 
1.20796 0.00842459 -0.127722 
1.24342 0.000374886 0.0787285 
1.24272 0.00806108 0.0815948 
1.20466 0.00362153 0.0293639 
1.23466 0.00620396 -0.103736 
1.21186 0.00481668 0.146879 
1.20403 0.00246001 -0.101705 
1.25028 0.00286558 0.0238433 
1.20319 0.00338928 0.0839962 
1.22074 0.00136791 -0.131381 
1.22408 0.00562673 0.134663 
1.20479 0.00721904 -0.052955 
1.24883 0.000270487 -0.0366833 
1.24912 0.00792968 -0.0337845 
1.20301 0.00465268 0.125173 
1.21033 0.00345891 -0.13489 
1.2376 0.00684089 0.101692 
1.20498 0.00506533 0.00381412 
1.24024 0.00720959 -0.0856489 
1.20784 0.00480555 0.145296 
1.20503 0.00448268 -0.116016 
1.24794 0.00557349 0.0505888 
1.20392 0.00275268 0.0608659 
1.22655 0.00146643 -0.122524 
1.21815 0.00607074 0.143018 
1.20444 0.00640537 -0.0757994 
1.25061 0.00288523 -0.00978895 
1.20228 0.0070093 0.110382 
1.21445 0.00307199 -0.135913 
1.23255 0.000452537 0.116493 
1.23151 0.00819146 0.119324 
1.20504 0.00647883 -0.0216793 
1.24481 0.00570068 -0.0651644 
1.2057 0.000224293 0.13758 
1.20441 0.00810103 0.14045 
1.2066 0.0035748 -0.127295 
1.24451 0.00184057 0.073179 
1.20453 0.00339552 0.0362534 
1.23308 0.00619869 -0.107909 
1.21362 0.00190082 0.145495 
1.20411 0.0036889 -0.0964919 
1.25053 0.00507358 0.0175274 
1.20297 0.00395076 0.0899762 
1.22012 0.00723849 -0.130917 
1.22587 0.00469901 0.131394 
1.20487 0.00727855 -0.0464198 
1.24818 0.00222 -0.0427435 
1.20296 0.00673327 0.12951 
1.20997 0.00735499 -0.132455 
1.23901 0.00768964 0.0967439 
1.20492 0.00474689 0.0108103 
1.23811 0.000248193 -0.0933978 
1.23889 0.00795738 -0.0905297 
1.20946 0.000985209 0.144784 
1.20499 0.00644381 -0.11158 
1.24861 0.00757356 0.0444939 
1.20372 0.0028703 0.0673531 
1.2248 0.000400911 -0.125714 
1.22587 0.00817498 -0.122867 
1.21998 0.00428083 0.14056 
1.20455 0.00688649 -0.0697522 
1.25036 0.00507322 -0.0160909 
1.2032 0.000451022 0.112553 
1.20211 0.00834267 0.115508 
1.21274 1.23649e-05 -0.137222 
1.21394 0.00784788 -0.134365 
1.23415 0.00057165 0.112242 
1.23315 0.00830273 0.115077 
1.20505 0.00622637 -0.0147683 
1.24374 0.0070811 -0.0706559 
1.20586 0.00337653 0.140815 
1.20643 0.00635929 -0.123721 
1.24551 0.00344428 0.0674909 
1.20437 0.00322178 0.0430813 
1.23147 0.00597509 -0.111878 
1.21409 0.00705701 0.146695 
1.2042 0.00473954 -0.0910822 
1.2507 0.00730375 0.0111866 
1.20276 0.00465822 0.0957921 
1.21836 0.00507369 -0.133075 
1.22763 0.00400111 0.127909 
1.20494 0.00725018 -0.0397803 
1.24743 0.00407276 -0.0487053 
1.20418 0.00114817 0.130716 
1.20847 0.0031539 -0.13266 
1.24115 0.00102101 0.0887648 
1.24035 0.00871814 0.0916214 
1.20484 0.00443792 0.0177963 
1.23666 0.000795302 -0.098092 
1.23748 0.00851142 -0.0952263 
1.20981 0.00526304 0.14687 
1.20397 0.000311351 -0.109887 
1.20498 0.00819561 -0.106919 
1.24952 0.00199149 0.0354271 
1.20351 0.00309353 0.0737182 
1.22413 0.00688394 -0.125843 
1.2218 0.00272938 0.137878 
1.20465 0.00723815 -0.0635568 
1.25001 0.00721641 -0.0223468 
1.2031 0.00197615 0.117487 
1.21229 0.00454958 -0.135444 
1.23569 0.000899691 0.107794 
1.23473 0.00862322 0.110633 
1.20505 0.00594032 -0.00781529 
1.24194 0.000613725 -0.0788727 
1.24259 0.00830478 -0.0759939 
1.20604 0.00676687 0.143797 
1.20518 0.00103732 -0.122831 
1.24643 0.00517328 0.0616756 
1.20421 0.00311181 0.0498341 
1.22981 0.00552857 -0.11564 
1.2159 0.00462375 0.144848 
1.2043 0.00562169 -0.0854857 
1.25081 0.00189133 0.00193341 
1.20256 0.00552218 0.101433 
1.2166 0.00266639 -0.135005 
1.22936 0.00352981 0.124212 
1.205 0.00714545 -0.0330494 
1.2466 0.00581522 -0.0545558 
1.20422 0.00367404 0.134596 
1.20819 0.00657122 -0.129738 
1.24238 0.002225 0.0834737 
1.20473 0.00415008 0.0247582 
1.23515 0.00114046 -0.102596 
1.21151 0.00193434 0.145882 
1.20403 0.00186115 -0.105024 
1.24995 0.0041294 0.0291871 
1.2033 0.00343353 0.0799492 
1.22237 0.00535657 -0.1286 
1.22361 0.00141433 0.134973 
1.20475 0.00747146 -0.0572247 
1.24933 0.00164379 -0.0314431 
1.20301 0.00370183 0.122203 
1.21065 0.00100297 -0.136284 
1.23719 0.00142993 0.103153 
1.20501 0.00563237 -0.000834319 
1.24068 0.00166361 -0.0840458 
1.20759 0.00253039 0.143688 
1.20511 0.00336578 -0.118788 
1.24726 0.00701433 0.0557453 
1.20402 0.00307707 0.0564985 
1.22811 0.00485527 -0.119192 
1.21771 0.00243387 0.14277 
1.2044 0.00634554 -0.0797123 
1.25074 0.00412299 -0.00441205 
1.20236 0.00655282 0.10689 
1.21485 1.51056e-05 -0.136704 
1.21604 0.00783962 -0.133853 
1.23105 0.00328133 0.120306 
1.20504 0.00697591 -0.02624 
1.24568 0.00743418 -0.0602824 
1.20429 0.00642986 0.138231 
1.20678 0.00188387 -0.12947 
1.24353 0.00358728 0.0780263 
1.20461 0.003895 0.0316817 
1.23359 0.00127673 -0.106903 
1.21193 0.00669111 0.147482 
1.2041 0.00321743 -0.0999492 
1.25029 0.00631354 0.0228972 
1.20308 0.00390132 0.0860347 
1.2206 0.00359101 -0.131134 
1.22539 0.000333461 0.131849 
1.22421 0.00810789 0.134667 
1.20484 0.0075977 -0.0507676 
1.24875 0.00365263 -0.037563 
1.20294 0.00563579 0.126696 
1.21027 0.00506246 -0.134021 
1.23861 0.00215472 0.0983265 
1.20496 0.00531421 0.0061605 
1.23935 0.00253494 -0.0890472 
1.20786 0.00640195 0.146182 
1.20506 0.00547413 -0.11451 
1.24843 0.00129163 0.0468255 
1.20383 0.00312893 0.0630618 
1.22639 0.00395195 -0.122531 
1.21953 0.000485588 0.140464 
1.21826 0.00828966 0.143277 
1.20451 0.0069216 -0.0737723 
1.25057 0.00633383 -0.0107368 
1.20218 0.00775998 0.112153 
1.21434 0.00495188 -0.135325 
1.2327 0.00325121 0.116195 
1.20506 0.00675317 -0.0193655 
1.24412 0.00123595 -0.0687593 
1.20569 0.00154267 0.138755 
1.2066 0.0048277 -0.126065 
1.2446 0.00509612 0.0724327 
1.20446 0.00368427 0.038553 
1.23197 0.00119811 -0.11101 
1.2137 0.00385002 0.146026 
1.20418 0.00438905 -0.0946722 
1.25068 0.000878414 0.0136712 
1.25054 0.00852973 0.0165721 
1.20287 0.00450777 0.0919634 
1.21882 0.00158556 -0.133444 
1.22601 0.00724985 0.13133 
1.20491 0.00762824 -0.0441978 
1.24808 0.00557427 -0.0435938 
1.2029 0.00778504 0.130958 
1.20872 0.00102641 -0.134388 
1.23998 0.00306545 0.0933203 
1.20489 0.00499752 0.0131549 
1.23795 0.00321826 -0.0938691 
1.20951 0.00265762 0.145596 
1.20503 0.00736847 -0.110002 
1.24904 0.0033187 0.0407031 
1.20362 0.00327872 0.0695112 
1.22464 0.00281591 -0.125653 
1.2201 0.00657192 0.14075 
1.20461 0.00736067 -0.0676766 
1.25016 0.000856446 -0.0199284 
1.2503 0.00850971 -0.0170258 
1.20312 0.00126106 0.114264 
1.21265 0.00181749 -0.136561 
1.23429 0.0034342 0.111882 
1.20506 0.00648886 -0.0124396 
1.243 0.00256483 -0.0742024 
1.20586 0.00476982 0.14191 
1.20643 0.00753934 -0.122412 
1.2456 0.00673917 0.0667039 
1.2043 0.00352946 0.0453583 
1.23032 0.000899466 -0.114912 
1.23129 0.00864629 -0.112059 
1.21549 0.00125511 0.144334 
1.20427 0.00538545 -0.0892019 
1.25079 0.00311299 0.00732527 
1.20266 0.00526354 0.0977247 
1.21822 0.00715185 -0.132682 
1.22778 0.00662075 0.12778 
1.20498 0.00757453 -0.0375278 
1.24732 0.007395 -0.0495222 
1.20414 0.00227032 0.132096 
1.20843 0.00460675 -0.131637 
1.24127 0.00415259 0.0881427 
1.2048 0.00469399 0.0201348 
1.2365 0.00370503 -0.0985048 
1.20986 0.00701092 0.1476 
1.20403 0.00117166 -0.108244 
1.24956 0.005416 0.0345063 
1.20341 0.00353765 0.0758348 
1.22286 0.00144486 -0.128558 
1.22193 0.00509204 0.137999 
1.20471 0.00767377 -0.0614364 
1.24975 0.00298145 -0.0261666 
1.20302 0.00284862 0.119129 
1.2122 0.00628009 -0.134703 
1.23584 0.0038242 0.107374 
1.20504 0.00619465 -0.0054762 
1.2418 0.00373313 -0.0794888 
1.20737 0.00036795 0.141962 
1.20605 0.00823559 0.144812 
1.20521 0.00214576 -0.121451 
1.24703 0.000834562 0.0579705 
1.2465 0.00850352 0.0608518 
1.20413 0.00344203 0.0520843 
1.22862 0.000376453 -0.118606 
1.22963 0.00813158 -0.115756 
1.216 0.00672034 0.145229 
1.20437 0.00621653 -0.0835478 
1.25079 0.00535078 0.000974501 
1.20245 0.00617906 0.103308 
1.21648 0.00467097 -0.134541 
1.22951 0.0062172 0.124018 
