1.04118 0.785135 0.000938896 
1.03751 0.794029 0.00196469 
1.08439 0.780784 0.183307 
1.08166 0.789663 0.183099 
0.810376 0.780249 0.256463 
0.806257 0.791094 0.253976 
1.12272 0.778485 -0.0500342 
1.11999 0.78691 -0.0482156 
0.963806 0.782434 0.293939 
0.960853 0.792238 0.292431 
0.876826 0.780666 0.155863 
0.87236 0.790746 0.154335 
1.1609 0.782709 -0.0111522 
1.15849 0.790977 -0.00965209 
0.859239 0.780586 0.328848 
0.855917 0.791238 0.326499 
0.986425 0.783121 0.0513041 
0.982275 0.792362 0.0514789 
1.13168 0.780165 0.111021 
1.12908 0.788696 0.111502 
0.803048 0.78549 0.295357 
1.08785 0.777762 -0.0358847 
1.08471 0.786374 -0.0342641 
1.02606 0.785081 0.244489 
0.834349 0.782219 0.208705 
0.830018 0.792741 0.206571 
1.146 0.783806 -0.0410721 
1.1435 0.792126 -0.0393325 
0.908432 0.780927 0.320964 
0.905325 0.791178 0.318983 
0.928987 0.779324 0.104839 
0.924561 0.788967 0.1041 
1.15779 0.781122 0.0406058 
1.15532 0.789448 0.0416874 
0.821203 0.787316 0.319481 
1.04092 0.780033 0.00246538 
1.03723 0.788924 0.0034979 
1.08651 0.782088 0.180072 
1.08379 0.790952 0.179891 
0.80786 0.784879 0.257521 
1.11927 0.784744 -0.0485629 
1.11651 0.793193 -0.0467844 
0.966867 0.781775 0.292219 
0.963918 0.791553 0.29074 
0.873105 0.783997 0.157833 
0.868647 0.794113 0.156248 
1.16053 0.782908 -0.0130678 
1.15812 0.791177 -0.0115527 
0.862404 0.777028 0.329638 
0.859081 0.787649 0.32732 
0.986439 0.777051 0.0536282 
0.982278 0.786287 0.0538114 
1.1329 0.781783 0.107722 
1.13031 0.790306 0.108226 
0.805322 0.779952 0.298195 
0.801488 0.790965 0.295544 
1.08417 0.782691 -0.0336859 
1.08099 0.791328 -0.0321174 
1.02876 0.785742 0.241728 
0.831159 0.78618 0.2103 
1.14531 0.78276 -0.0421118 
1.1428 0.791082 -0.04036 
0.911637 0.778682 0.320565 
0.90853 0.788904 0.318614 
0.924926 0.782358 0.107073 
0.920495 0.792034 0.106269 
1.15807 0.782367 0.0378099 
1.1556 0.790691 0.0389099 
0.82409 0.782743 0.321274 
0.820545 0.79367 0.318689 
1.03698 0.783763 0.00506957 
1.03326 0.792681 0.00603658 
1.0886 0.78341 0.176829 
1.08589 0.79226 0.176674 
0.809494 0.778695 0.261033 
0.805395 0.789558 0.258529 
1.11857 0.782515 -0.0488764 
1.11579 0.790966 -0.0470878 
0.969916 0.781191 0.290437 
0.966971 0.790944 0.288987 
0.873874 0.777257 0.16134 
0.869408 0.787363 0.15977 
1.16014 0.783047 -0.014938 
1.15772 0.791315 -0.0134082 
0.862251 0.78412 0.328083 
0.982302 0.780182 0.0561694 
0.978119 0.789448 0.0562816 
1.13409 0.783402 0.104438 
1.1315 0.791917 0.104964 
0.803792 0.785454 0.298351 
1.08364 0.778935 -0.0330633 
1.08045 0.787571 -0.0314874 
1.03428 0.777196 0.23973 
1.03143 0.786446 0.238935 
0.832323 0.77964 0.214021 
0.828004 0.790187 0.211858 
1.14461 0.781663 -0.0431188 
1.1421 0.789986 -0.041355 
0.911734 0.78671 0.318174 
0.920875 0.785406 0.109275 
1.15831 0.783575 0.0350531 
1.15585 0.791896 0.0361712 
0.827 0.77823 0.323005 
0.823451 0.789128 0.320449 
1.03674 0.778546 0.00667927 
1.03301 0.787462 0.00765302 
1.09066 0.78475 0.173579 
1.08795 0.793586 0.173451 
0.807054 0.783389 0.262028 
1.11786 0.780223 -0.0491554 
1.11508 0.788674 -0.0473569 
0.972952 0.78068 0.288594 
0.970011 0.790409 0.287173 
0.870193 0.780624 0.163299 
0.865737 0.790766 0.161674 
1.15972 0.783124 -0.0167633 
1.15731 0.791393 -0.0152188 
0.865427 0.780652 0.328787 
0.862139 0.791254 0.326483 
0.978154 0.783309 0.0586735 
0.973951 0.792606 0.0587146 
1.13522 0.785019 0.101168 
1.13265 0.793526 0.101717 
0.806131 0.779996 0.3011 
0.802323 0.791011 0.298447 
1.07993 0.78374 -0.0308131 
1.0767 0.792403 -0.0292907 
1.03692 0.777962 0.236877 
1.03408 0.787192 0.236111 
0.829184 0.783656 0.215585 
1.14391 0.780514 -0.0440936 
1.14139 0.78884 -0.0423178 
0.914934 0.784597 0.317663 
0.921279 0.778769 0.112301 
0.916835 0.788471 0.111443 
1.15851 0.784743 0.0323359 
1.15606 0.793062 0.0334721 
0.826379 0.784645 0.322149 
1.03278 0.782189 0.00930689 
1.02902 0.791132 0.0102144 
1.0954 0.777312 0.170385 
1.09268 0.786109 0.170323 
0.808745 0.777255 0.265492 
0.804666 0.788133 0.262974 
1.11717 0.777866 -0.0493993 
1.11438 0.786318 -0.0475909 
0.975974 0.780242 0.286692 
0.973037 0.789946 0.285301 
0.866538 0.784027 0.165226 
1.15929 0.78314 -0.0185439 
1.15687 0.79141 -0.016985 
0.868609 0.777245 0.329433 
0.865319 0.787817 0.327159 
0.97821 0.777144 0.06109 
0.973997 0.786435 0.06114 
1.13889 0.778156 0.0973036 
1.13632 0.786633 0.097915 
0.804692 0.785581 0.301165 
1.07943 0.779836 -0.0300944 
1.07619 0.788498 -0.0285648 
1.03955 0.778767 0.233996 
1.03672 0.787978 0.233258 
0.830387 0.777147 0.219302 
0.82608 0.787718 0.217111 
1.1432 0.779315 -0.0450365 
1.14068 0.787642 -0.0432488 
0.918131 0.782567 0.317083 
0.915063 0.792741 0.315177 
0.917254 0.781817 0.114502 
0.912805 0.791553 0.11358 
1.16112 0.777576 0.0284639 
1.15868 0.785872 0.0296594 
0.829328 0.780224 0.323787 
0.825811 0.791109 0.32124 
1.03257 0.776864 0.0109977 
1.0288 0.785804 0.011912 
1.09737 0.778702 0.167097 
1.09466 0.787485 0.16706 
0.806383 0.782015 0.266423 
0.80233 0.792928 0.263869 
1.11369 0.783897 -0.0477893 
1.11086 0.792373 -0.0460228 
0.978982 0.779875 0.284732 
0.976049 0.789556 0.283369 
0.867363 0.7773 0.168784 
0.862909 0.787469 0.167119 
1.15883 0.783095 -0.0202804 
1.15642 0.791366 -0.0187071 
0.868504 0.784441 0.327776 
0.974064 0.780237 0.0635897 
0.969831 0.789558 0.0635688 
1.13994 0.779773 0.0940465 
1.13737 0.788242 0.0946796 
0.807095 0.780206 0.303823 
0.803314 0.791221 0.30117 
1.0757 0.784519 -0.0277946 
1.07241 0.793206 -0.0263201 
1.04215 0.779609 0.231088 
1.03932 0.788802 0.230378 
0.8273 0.781219 0.220832 
0.823013 0.791828 0.218598 
1.14249 0.778064 -0.045948 
1.13996 0.786393 -0.0441486 
0.921325 0.780619 0.316431 
0.918258 0.790764 0.314555 
0.91324 0.784884 0.116671 
1.16125 0.778665 0.025811 
1.15881 0.786958 0.0270241 
0.828777 0.786717 0.322847 
1.0286 0.780426 0.0136459 
1.02479 0.789393 0.0144932 
1.09931 0.780109 0.163804 
1.09661 0.788878 0.163793 
0.804074 0.786827 0.267302 
1.113 0.781408 -0.0479514 
1.11017 0.789886 -0.0461753 
0.981975 0.779579 0.282715 
0.979047 0.789235 0.281381 
0.863751 0.780743 0.170698 
0.859307 0.790949 0.16898 
1.15836 0.782988 -0.0219731 
1.15594 0.79126 -0.0203857 
0.871694 0.781128 0.328333 
0.868439 0.79168 0.326072 
0.969911 0.783329 0.0660516 
0.96566 0.792682 0.0659598 
1.14093 0.781383 0.0908086 
1.13837 0.789845 0.0914633 
0.805746 0.785875 0.303795 
1.07522 0.780468 -0.0269803 
1.07192 0.789154 -0.0254986 
1.04473 0.780488 0.228153 
1.04191 0.789662 0.227472 
0.82425 0.785337 0.222323 
1.14178 0.776762 -0.0468284 
1.13924 0.785093 -0.0450173 
1.13668 0.793445 -0.043252 
0.924514 0.778754 0.315709 
0.921449 0.788871 0.313862 
0.913699 0.778209 0.119783 
0.909239 0.787971 0.118808 
1.16134 0.77971 0.0232001 
1.1589 0.788002 0.0244307 
0.831761 0.782386 0.324393 
0.828276 0.793257 0.321856 
1.0246 0.783962 0.0162698 
1.02075 0.792958 0.0170493 
1.10121 0.781532 0.160507 
1.09852 0.790288 0.160522 
0.805851 0.780762 0.270697 
0.801818 0.791689 0.268129 
1.11233 0.778853 -0.0480765 
1.10949 0.787332 -0.0462909 
0.984953 0.779351 0.280642 
0.98203 0.788984 0.279337 
0.860164 0.784226 0.172579 
1.15787 0.782821 -0.0236226 
1.15545 0.791094 -0.0220211 
0.874888 0.777878 0.32883 
0.871632 0.788399 0.3266 
0.970012 0.777075 0.068558 
0.965751 0.786422 0.0684756 
1.14189 0.782984 0.0875911 
1.13933 0.79144 0.0882672 
0.808211 0.780584 0.306361 
0.804458 0.791598 0.303707 
1.07145 0.78503 -0.0246331 
1.06812 0.793742 -0.0232079 
1.04728 0.781402 0.225194 
1.04447 0.790557 0.22454 
0.82551 0.778871 0.226034 
0.821237 0.789503 0.223774 
1.13851 0.783742 -0.0458552 
1.13595 0.792096 -0.0440785 
0.927698 0.776972 0.314916 
0.924635 0.787061 0.313099 
0.909713 0.781282 0.121952 
0.905252 0.791077 0.120914 
1.16139 0.78071 0.020632 
1.15896 0.789 0.0218799 
0.834764 0.778116 0.325879 
0.831276 0.788956 0.323372 
1.02442 0.778484 0.0180816 
1.02057 0.787476 0.0188681 
1.10308 0.782972 0.157207 
1.10039 0.791715 0.157247 
0.803623 0.785643 0.271506 
1.10881 0.784709 -0.0463689 
1.10593 0.793212 -0.0446267 
0.987916 0.779191 0.278514 
0.984998 0.788801 0.277238 
0.861045 0.777517 0.176181 
0.856606 0.787748 0.174426 
1.15736 0.782594 -0.0252295 
1.15493 0.790868 -0.0236141 
0.874828 0.785183 0.327067 
0.965865 0.780138 0.0710147 
0.961587 0.789515 0.0708618 
1.1428 0.784575 0.0843954 
1.14025 0.793024 0.0850926 
0.806952 0.786337 0.306239 
1.071 0.780833 -0.0237237 
1.06766 0.789544 -0.0222915 
1.04981 0.782348 0.222211 
1.04701 0.791485 0.221586 
0.822516 0.783045 0.227487 
0.818264 0.793715 0.225185 
1.13779 0.78234 -0.0466627 
1.13521 0.790696 -0.0448745 
0.927816 0.785334 0.312264 
0.905741 0.784376 0.124089 
1.16141 0.781663 0.0181072 
1.15898 0.789952 0.0193722 
0.834293 0.784716 0.324828 
1.02041 0.781947 0.0207214 
1.01652 0.790968 0.0214396 
1.1049 0.784427 0.153904 
1.10223 0.793158 0.15397 
0.80546 0.779636 0.274843 
0.801449 0.790576 0.272263 
1.10815 0.782017 -0.0464086 
1.10526 0.790522 -0.0446572 
0.990863 0.779098 0.276333 
0.98795 0.788684 0.275086 
0.857502 0.781043 0.178047 
0.853075 0.791311 0.176239 
1.15683 0.782306 -0.0267943 
1.1544 0.790581 -0.0251651 
0.878028 0.782032 0.327472 
0.874807 0.792534 0.325256 
0.961714 0.783202 0.0734336 
0.957419 0.792611 0.0732102 
1.1462 0.777732 0.0804635 
1.14366 0.786153 0.0812227 
0.809479 0.781132 0.30871 
0.805754 0.792144 0.306057 
1.06721 0.785275 -0.0213315 
1.06383 0.794012 -0.019957 
1.05232 0.783326 0.219206 
1.04952 0.792444 0.218609 
0.81956 0.787267 0.228899 
1.13706 0.780887 -0.0474398 
1.13447 0.789244 -0.0456402 
0.930991 0.78369 0.311359 
0.927965 0.79376 0.309559 
0.906255 0.777672 0.127283 
0.901784 0.787493 0.126195 
1.1614 0.782569 0.0156263 
1.15897 0.790856 0.0169082 
0.837327 0.780535 0.326225 
0.833871 0.79136 0.323728 
1.01637 0.78539 0.0233339 
1.10937 0.777204 0.150469 
1.10669 0.785898 0.1506 
0.803315 0.784588 0.27558 
1.10749 0.779256 -0.0464095 
1.10459 0.787761 -0.0446489 
0.993794 0.77907 0.2741 
0.990886 0.788633 0.272883 
0.853988 0.78461 0.179878 
1.15629 0.781959 -0.0283177 
1.15386 0.790235 -0.0266748 
0.881231 0.778948 0.327816 
0.878009 0.789419 0.32563 
0.961863 0.776867 0.0760284 
0.957559 0.786269 0.0758149 
1.14702 0.779303 0.0772943 
1.14448 0.787718 0.0780743 
0.808309 0.786969 0.308494 
1.06678 0.780935 -0.0203279 
1.06339 0.789671 -0.0189467 
1.0548 0.784333 0.216181 
1.05201 0.793434 0.215611 
0.820882 0.780844 0.232596 
0.816645 0.791536 0.23027 
1.13633 0.779381 -0.0481866 
1.13374 0.78774 -0.0463758 
0.93416 0.78213 0.310384 
0.931136 0.792172 0.308613 
0.902314 0.780778 0.12942 
0.897844 0.790634 0.128269 
1.16135 0.783425 0.0131896 
1.15892 0.791712 0.0144884 
0.836917 0.787209 0.325096 
1.01623 0.77977 0.0252615 
1.0123 0.788815 0.0259179 
1.11111 0.778702 0.14714 
1.10844 0.787385 0.147296 
0.805215 0.778642 0.278854 
0.801226 0.789593 0.276263 
1.10394 0.78493 -0.0446011 
1.101 0.79346 -0.0428858 
0.996708 0.779106 0.271817 
0.993805 0.788646 0.270628 
0.854923 0.777925 0.183518 
0.850501 0.788219 0.181675 
1.15573 0.781552 -0.0298002 
1.1533 0.78983 -0.0281438 
0.881213 0.786372 0.325941 
0.957722 0.779906 0.0784422 
0.953403 0.78934 0.0781587 
1.14779 0.780857 0.0741507 
1.14526 0.789266 0.0749513 
0.810896 0.781851 0.310869 
0.807199 0.792859 0.308218 
1.06297 0.78526 -0.0178932 
1.05954 0.794023 -0.016571 
1.05725 0.785369 0.213136 
0.817986 0.785123 0.233966 
1.1356 0.777822 -0.0489032 
1.133 0.786183 -0.0470811 
0.937322 0.780653 0.309339 
0.934301 0.790668 0.307597 
0.898389 0.783908 0.131525 
0.89392 0.793799 0.130313 
1.16127 0.784231 0.0107978 
1.15885 0.792516 0.0121131 
0.839979 0.783117 0.326405 
0.836556 0.793927 0.323919 
1.01217 0.783148 0.0278853 
1.00822 0.792222 0.0284723 
1.1128 0.780215 0.143811 
1.11014 0.788885 0.143991 
0.803155 0.783668 0.279515 
1.1033 0.782028 -0.0445133 
1.10035 0.790559 -0.042789 
0.999606 0.779204 0.269484 
0.996708 0.788722 0.268324 
0.851453 0.781539 0.185332 
0.847045 0.79187 0.183439 
1.15516 0.781087 -0.0312425 
1.15272 0.789367 -0.0295727 
0.884419 0.783392 0.326189 
0.881232 0.793844 0.324018 
0.95358 0.782949 0.0808186 
0.949248 0.792415 0.0804654 
1.14852 0.782393 0.071034 
1.14599 0.790798 0.0718549 
0.813513 0.776792 0.313181 
0.809812 0.787772 0.310559 
1.06257 0.78078 -0.0167967 
1.05913 0.789541 -0.0154678 
1.06247 0.777393 0.210547 
1.05968 0.786432 0.210073 
0.819353 0.778735 0.237643 
0.815131 0.789449 0.235293 
1.13226 0.784573 -0.0477563 
1.12964 0.792957 -0.0459704 
0.940477 0.779258 0.308223 
0.937458 0.789246 0.306511 
0.898958 0.777182 0.134797 
0.894481 0.787064 0.133598 
1.16358 0.776721 0.0070777 
1.16116 0.784985 0.00845104 
1.15874 0.793269 0.00978278 
0.843054 0.779085 0.327656 
0.839629 0.789864 0.3252 
1.01206 0.777441 0.0298848 
1.0081 0.78651 0.0304791 
1.11446 0.78174 0.140483 
1.11181 0.7904 0.140688 
0.805118 0.777786 0.282722 
0.801152 0.788748 0.280121 
1.10267 0.779055 -0.0443847 
1.09971 0.787586 -0.0426517 
1.00249 0.779363 0.267104 
0.999594 0.788859 0.265972 
0.848012 0.785196 0.187111 
1.15457 0.780565 -0.0326453 
1.15213 0.788845 -0.0309622 
0.887627 0.780483 0.326374 
0.88444 0.790904 0.324232 
0.949438 0.785998 0.0831581 
1.1492 0.78391 0.0679452 
1.14669 0.792309 0.0687863 
0.812456 0.782743 0.312836 
0.808788 0.793745 0.310189 
1.05874 0.784991 -0.014322 
1.05526 0.793779 -0.0130533 
1.06487 0.778499 0.207439 
1.06208 0.787521 0.206992 
0.816518 0.783071 0.238967 
0.812319 0.793822 0.236577 
1.13153 0.782909 -0.0484012 
1.12889 0.791295 -0.0466044 
0.943625 0.777946 0.307039 
0.940608 0.787907 0.305356 
0.895066 0.78033 0.1369 
0.890591 0.790247 0.135641 
1.16344 0.777422 0.00476008 
1.16102 0.785686 0.00614971 
1.1586 0.79397 0.00749771 
0.842715 0.78586 0.326423 
1.008 0.780759 0.0325171 
1.004 0.789857 0.0330417 
1.11608 0.783279 0.137158 
1.11343 0.791927 0.137387 
0.803144 0.782888 0.283304 
0.799207 0.793881 0.280672 
1.09908 0.784541 -0.0424731 
1.09608 0.793097 -0.040787 
1.00535 0.779581 0.264677 
1.00246 0.789055 0.263574 
0.849001 0.778539 0.190782 
0.8446 0.788896 0.188855 
1.15398 0.779985 -0.0340093 
1.15153 0.788267 -0.032313 
0.890836 0.777644 0.326494 
0.887649 0.788035 0.324382 
0.949652 0.779561 0.0858732 
0.945297 0.789052 0.085461 
1.15236 0.777033 0.0639834 
1.14984 0.785406 0.0648857 
1.14733 0.7938 0.0657468 
0.815131 0.777772 0.315052 
0.811459 0.788746 0.312433 
1.05837 0.780374 -0.013134 
1.05488 0.78916 -0.0118586 
1.06723 0.77963 0.204315 
1.06446 0.788635 0.203896 
0.817932 0.776721 0.242619 
0.813727 0.787455 0.240248 
1.13079 0.78119 -0.0490157 
1.12815 0.789578 -0.047208 
0.946763 0.776716 0.305785 
0.94375 0.78665 0.304132 
0.891192 0.783506 0.138972 
0.886721 0.793458 0.137653 
1.16327 0.778069 0.00248829 
1.16085 0.786332 0.00389406 
0.845813 0.781916 0.327588 
0.842421 0.792678 0.325144 
1.00391 0.784064 0.0351179 
0.999888 0.793191 0.0355721 
1.11765 0.784829 0.133836 
1.11501 0.793467 0.134089 
0.805171 0.777073 0.28644 
0.801228 0.788044 0.283831 
1.09846 0.781424 -0.0422529 
1.09546 0.78998 -0.0405582 
1.00819 0.779858 0.262204 
1.00531 0.78931 0.261131 
0.845606 0.782245 0.192541 
0.84122 0.79264 0.190565 
1.15336 0.779348 -0.035335 
1.15092 0.787632 -0.0336257 
0.890859 0.785238 0.324467 
0.945526 0.782591 0.0882088 
0.94116 0.792114 0.0877277 
1.15295 0.77851 0.0609343 
1.15044 0.786878 0.0618564 
0.814158 0.783807 0.314613 
1.05451 0.784475 -0.0106221 
1.05098 0.793287 -0.00940808 
1.06957 0.780784 0.201177 
1.0668 0.789773 0.200785 
0.815161 0.781115 0.243895 
0.810979 0.791887 0.241484 
