1.02156 0.783948 0.0854032 
1.01792 0.793081 0.0855348 
1.02527 0.777933 0.18437 
1.02209 0.787181 0.183847 
0.916574 0.782664 0.190334 
0.91265 0.792612 0.188984 
1.07255 0.784399 0.0756242 
1.06937 0.79324 0.0761212 
0.941676 0.786493 0.237265 
0.985476 0.778801 0.115106 
0.981617 0.788174 0.114776 
1.05749 0.781493 0.141695 
1.05439 0.790496 0.141626 
0.904982 0.78473 0.219875 
1.05477 0.783246 0.06992 
1.0514 0.792175 0.0703791 
0.980675 0.781875 0.220436 
0.977389 0.791464 0.219407 
0.94683 0.781299 0.15139 
0.942867 0.790971 0.150506 
1.07465 0.783731 0.102405 
1.07156 0.79259 0.102703 
0.914217 0.783542 0.237269 
0.910603 0.793611 0.235677 
1.0244 0.783412 0.0836866 
1.02078 0.792525 0.0838526 
1.02137 0.780928 0.18715 
1.01819 0.790208 0.186577 
0.917737 0.783541 0.187674 
0.913808 0.793477 0.186344 
1.07487 0.780119 0.076553 
1.0717 0.788943 0.0770698 
0.940363 0.783257 0.238314 
0.936923 0.793148 0.23691 
0.988085 0.779544 0.112559 
0.984239 0.788899 0.112264 
1.05461 0.783944 0.144859 
1.05151 0.792971 0.144743 
0.905158 0.784638 0.218046 
1.05752 0.780736 0.0695168 
1.05416 0.789646 0.0700038 
0.979408 0.776948 0.222845 
0.976101 0.786542 0.22181 
0.948901 0.782495 0.148516 
0.944942 0.792151 0.147662 
1.07602 0.777878 0.104737 
1.07294 0.786725 0.105045 
0.913461 0.782016 0.236769 
0.909829 0.792086 0.235177 
1.02724 0.782753 0.0820472 
1.02363 0.791847 0.0822473 
1.01741 0.784016 0.189848 
1.01423 0.793328 0.189223 
0.918969 0.784463 0.184979 
1.07397 0.784532 0.0781073 
1.07081 0.793368 0.0785902 
0.939074 0.780141 0.239259 
0.935614 0.790037 0.237851 
0.990721 0.78022 0.110059 
0.986889 0.789558 0.109799 
1.05476 0.777384 0.148127 
1.05164 0.786407 0.148012 
0.905409 0.784637 0.216134 
1.06024 0.778093 0.069204 
1.05691 0.786985 0.0697182 
0.974805 0.781737 0.224125 
0.971499 0.79137 0.223036 
0.951024 0.783682 0.145655 
0.94707 0.793321 0.144831 
1.07423 0.780784 0.107467 
1.07114 0.789648 0.107735 
0.912766 0.780604 0.236161 
0.909118 0.790675 0.234572 
1.03008 0.781968 0.0804867 
1.02649 0.791044 0.0807206 
1.01659 0.777887 0.193085 
1.01339 0.787201 0.192456 
0.920268 0.785427 0.182254 
1.07618 0.780009 0.0792342 
1.07303 0.788828 0.0797356 
0.937813 0.777146 0.240099 
0.934333 0.787047 0.238687 
0.993382 0.780825 0.107607 
0.989564 0.790144 0.107383 
1.05171 0.77984 0.151312 
1.04859 0.788888 0.15115 
0.905735 0.784725 0.214143 
1.05962 0.784191 0.0695223 
1.0563 0.793095 0.0700064 
0.973501 0.777052 0.226349 
0.970175 0.78669 0.225255 
0.953199 0.784854 0.142809 
1.07235 0.783624 0.110246 
1.06927 0.792506 0.110474 
0.912135 0.779306 0.235447 
0.908471 0.789377 0.23386 
1.03292 0.781055 0.079007 
1.02935 0.790112 0.0792743 
1.01252 0.781143 0.195652 
1.00932 0.79049 0.194971 
0.921636 0.78643 0.179501 
1.07519 0.784178 0.0809702 
1.07205 0.79301 0.0814372 
0.933082 0.784177 0.239419 
0.929607 0.794122 0.237954 
0.996067 0.781354 0.105206 
0.992264 0.790655 0.105017 
1.04858 0.78232 0.154476 
1.04546 0.791393 0.154267 
0.906136 0.784898 0.212077 
1.06231 0.781267 0.0694163 
1.059 0.790152 0.0699266 
0.968846 0.782131 0.227381 
0.965521 0.79181 0.226234 
0.955423 0.786009 0.139981 
1.07348 0.777532 0.112833 
1.07039 0.786403 0.113069 
0.91157 0.778119 0.234627 
0.90789 0.788191 0.233043 
1.03576 0.780011 0.0776098 
1.03221 0.789049 0.0779101 
1.00839 0.784508 0.198119 
1.00519 0.79389 0.197387 
0.92703 0.777623 0.177908 
0.923069 0.787467 0.176725 
1.0773 0.779419 0.0822945 
1.07416 0.788235 0.0827787 
0.931863 0.781425 0.240045 
0.928369 0.791375 0.238577 
0.998773 0.781802 0.102858 
0.994985 0.791084 0.102705 
1.04536 0.784829 0.157615 
1.04224 0.793929 0.157358 
0.906611 0.785154 0.209938 
1.06496 0.778214 0.0694003 
1.06167 0.787081 0.069936 
0.967515 0.777695 0.229413 
0.96417 0.787379 0.22826 
0.961638 0.777591 0.13784 
0.957694 0.787141 0.137174 
1.07143 0.780239 0.115738 
1.06835 0.789128 0.115932 
0.911073 0.777045 0.233701 
0.907376 0.787115 0.232121 
1.03859 0.778835 0.0762967 
1.03507 0.787855 0.0766295 
1.00743 0.778605 0.201219 
1.00421 0.787989 0.200482 
0.928532 0.778704 0.175088 
0.924569 0.788534 0.173928 
1.07621 0.783353 0.0842095 
1.07308 0.792182 0.0846584 
0.93068 0.778792 0.240565 
0.927166 0.788746 0.239094 
1.0015 0.782165 0.100565 
0.997728 0.791429 0.100448 
1.0452 0.778279 0.160979 
1.04207 0.787375 0.160721 
0.90716 0.78549 0.20773 
1.06431 0.783882 0.0700347 
1.06103 0.79276 0.0705396 
0.962819 0.783071 0.230189 
0.959476 0.792796 0.228984 
0.963948 0.778714 0.135024 
0.960012 0.788248 0.13439 
1.0693 0.782897 0.118679 
1.06622 0.791805 0.118831 
0.906931 0.78615 0.231096 
1.04142 0.777525 0.0750689 
1.03792 0.786526 0.0754339 
1.00319 0.782171 0.203525 
0.999973 0.79159 0.202736 
0.930098 0.779813 0.172251 
0.926134 0.789628 0.171116 
1.07819 0.778365 0.0857301 
1.07507 0.787179 0.0861949 
0.926002 0.786234 0.239506 
1.00424 0.782438 0.0983307 
1.00049 0.791684 0.0982487 
1.04183 0.780839 0.164097 
1.03869 0.789963 0.163791 
0.907783 0.785901 0.205457 
1.06691 0.780558 0.0702228 
1.06365 0.789417 0.070752 
0.961471 0.778888 0.232021 
0.958107 0.788619 0.230809 
0.966301 0.779807 0.132233 
0.962374 0.789324 0.131632 
1.06708 0.785512 0.121653 
0.906557 0.785295 0.229968 
1.04076 0.785062 0.0743244 
1.03727 0.794075 0.0746611 
0.998914 0.785863 0.205717 
0.931728 0.780944 0.1694 
0.927763 0.790746 0.16829 
1.077 0.782072 0.0878207 
1.07388 0.7909 0.0882494 
0.924879 0.78384 0.239811 
0.921352 0.793841 0.238286 
1.00701 0.782618 0.0961565 
1.00327 0.791845 0.09611 
1.03838 0.783448 0.167173 
1.03524 0.7926 0.166818 
0.908479 0.786385 0.203123 
1.06947 0.777108 0.0705004 
1.06623 0.78595 0.0710532 
0.956743 0.784565 0.232536 
0.968696 0.780866 0.129471 
0.964778 0.790365 0.128903 
1.06786 0.779173 0.124539 
1.06478 0.788092 0.124654 
0.906255 0.784547 0.22874 
1.04359 0.783461 0.0733022 
1.04012 0.792456 0.0736703 
0.997828 0.780229 0.208637 
0.994586 0.789687 0.207791 
0.933421 0.782095 0.166538 
0.929456 0.791883 0.165454 
1.07885 0.776864 0.089536 
1.07574 0.785677 0.0899792 
0.923799 0.781562 0.24001 
0.920253 0.791566 0.238482 
1.00978 0.782699 0.094045 
1.00606 0.791908 0.0940339 
1.038 0.77696 0.170558 
1.03485 0.78611 0.170201 
0.913146 0.776952 0.202147 
0.909247 0.786937 0.20073 
1.06877 0.78236 0.0714433 
1.06553 0.791214 0.0719644 
0.955387 0.780637 0.234163 
0.952005 0.790414 0.232893 
0.97113 0.781887 0.126739 
0.967222 0.791368 0.126205 
1.06547 0.781702 0.127606 
1.06238 0.790642 0.127678 
0.906025 0.783905 0.227413 
0.902292 0.79401 0.2258 
1.04642 0.781724 0.0723682 
1.04296 0.7907 0.0727671 
0.993456 0.784153 0.21064 
0.990215 0.793647 0.209741 
0.935176 0.783262 0.16367 
0.931211 0.793035 0.162611 
1.07753 0.780355 0.0917977 
1.07443 0.789182 0.092204 
0.922765 0.7794 0.240102 
0.919201 0.789408 0.238573 
1.01257 0.782678 0.0919986 
1.00887 0.791868 0.0920228 
1.03441 0.779653 0.173582 
1.03126 0.788832 0.173175 
0.913994 0.77758 0.199684 
0.910087 0.787555 0.198283 
1.07127 0.778649 0.0719225 
1.06805 0.787485 0.0724661 
0.954041 0.776833 0.235688 
0.950639 0.786616 0.234413 
0.973602 0.782864 0.12404 
0.969705 0.792328 0.12354 
1.06298 0.784208 0.130692 
1.0599 0.793169 0.13072 
0.905868 0.783369 0.225989 
0.902121 0.79347 0.224383 
1.04923 0.77985 0.0715231 
1.04579 0.788807 0.0719524 
0.992305 0.778719 0.21342 
0.989043 0.788218 0.212515 
0.936991 0.784441 0.160797 
1.07615 0.783751 0.0941243 
1.07305 0.792592 0.0944932 
0.92178 0.777354 0.240086 
0.918197 0.787365 0.238556 
1.01537 0.782551 0.0900195 
1.01169 0.791722 0.0900788 
1.03074 0.782411 0.176547 
1.02759 0.791621 0.176091 
0.914913 0.77827 0.197169 
0.910999 0.788235 0.195786 
1.07051 0.783636 0.0730564 
1.0673 0.792484 0.0735677 
0.949286 0.782941 0.235831 
0.945887 0.792767 0.234503 
0.97611 0.783794 0.121377 
0.972224 0.793241 0.120911 
1.06351 0.777743 0.13376 
1.06041 0.786696 0.133792 
0.905785 0.782935 0.22447 
0.902025 0.793032 0.222871 
1.05202 0.777839 0.0707677 
1.04861 0.786777 0.0712266 
0.987852 0.782893 0.215216 
0.98459 0.792429 0.214259 
0.938866 0.785628 0.157924 
1.07779 0.778226 0.0961321 
1.0747 0.787054 0.0965136 
0.917245 0.785437 0.238433 
1.01818 0.782312 0.0881101 
1.01452 0.791465 0.0882044 
1.02701 0.785241 0.179449 
0.915902 0.779019 0.194607 
0.911983 0.788973 0.193242 
1.07294 0.779669 0.0737358 
1.06974 0.788499 0.0742683 
0.947948 0.779391 0.237146 
0.944528 0.789221 0.235813 
0.978652 0.784673 0.118752 
0.974778 0.794101 0.118321 
1.06085 0.780199 0.136913 
1.05775 0.789175 0.136899 
0.905776 0.782601 0.222858 
0.902003 0.792695 0.221268 
1.0514 0.784611 0.0705904 
1.048 0.793561 0.0710202 
0.986643 0.777676 0.21784 
0.983362 0.787216 0.216877 
0.944771 0.777133 0.155966 
0.940799 0.786819 0.155053 
1.07627 0.781426 0.0986202 
1.07318 0.790269 0.0989634 
0.916348 0.783624 0.238202 
0.912754 0.79368 0.23662 
1.021 0.78196 0.0862725 
1.01735 0.791094 0.0864016 
1.02638 0.778908 0.18279 
1.02321 0.788148 0.18228 
0.916962 0.779822 0.192001 
0.913036 0.789766 0.190655 
1.07213 0.784397 0.0750576 
1.06894 0.793239 0.0755572 
0.943188 0.785799 0.23702 
0.981227 0.785496 0.116167 
1.0581 0.782651 0.140069 
1.055 0.79165 0.14001 
0.905842 0.782366 0.221157 
0.902057 0.792455 0.219576 
1.05418 0.78231 0.0700441 
1.0508 0.791241 0.0705028 
0.982118 0.782114 0.219415 
0.978837 0.791693 0.218399 
0.946758 0.77834 0.153072 
0.94279 0.78801 0.152188 
1.07467 0.784542 0.101167 
1.07158 0.793401 0.101471 
0.915506 0.781925 0.237863 
0.911895 0.791984 0.236282 
1.02383 0.78149 0.084509 
1.0202 0.790605 0.0846726 
1.02251 0.781867 0.185597 
1.01934 0.791139 0.185037 
0.918091 0.780677 0.189355 
0.91416 0.790609 0.188029 
1.07446 0.78018 0.075936 
1.07129 0.789005 0.0764556 
0.941868 0.782499 0.238124 
0.938432 0.792378 0.236734 
0.987685 0.776902 0.113921 
0.983831 0.786258 0.113624 
1.05526 0.785104 0.143223 
0.905983 0.782227 0.219368 
0.902185 0.792311 0.217797 
1.05693 0.779873 0.069588 
1.05357 0.788785 0.0700748 
0.980861 0.777126 0.221869 
0.97756 0.786709 0.220847 
0.9488 0.779543 0.150186 
0.944836 0.789197 0.149331 
1.07608 0.778732 0.103454 
1.073 0.787579 0.103769 
0.914723 0.780341 0.237417 
0.911095 0.790401 0.235837 
1.02666 0.780898 0.0828216 
1.02305 0.789995 0.0830194 
1.01859 0.784915 0.188324 
0.919289 0.78158 0.186672 
0.915353 0.7915 0.185366 
1.07358 0.784656 0.0774429 
1.07042 0.793493 0.077929 
0.940571 0.77932 0.239123 
0.937116 0.789205 0.237729 
0.990304 0.777618 0.111389 
0.986463 0.786956 0.111127 
1.05545 0.778549 0.146473 
1.05234 0.787567 0.14637 
0.906199 0.782181 0.217496 
0.902389 0.792259 0.215935 
1.05967 0.777302 0.0692224 
1.05632 0.786196 0.0697366 
0.976272 0.781843 0.223209 
0.972972 0.791465 0.222135 
0.950895 0.780739 0.14731 
0.946936 0.790377 0.146486 
1.07433 0.781679 0.106148 
1.07124 0.790542 0.106423 
0.914001 0.778871 0.236864 
0.910355 0.788932 0.235286 
1.0295 0.780182 0.0812123 
1.0259 0.78926 0.081444 
1.01779 0.778753 0.19158 
1.0146 0.788059 0.190965 
0.920555 0.782526 0.183957 
0.916615 0.792434 0.182672 
1.07582 0.780194 0.0785195 
1.07267 0.789015 0.0790244 
0.935825 0.786152 0.23862 
0.992949 0.778264 0.108903 
0.989123 0.787584 0.108676 
1.05244 0.781002 0.149654 
1.04933 0.790044 0.149504 
0.90649 0.782226 0.215542 
0.902668 0.792297 0.213992 
1.05905 0.783475 0.0694883 
1.05571 0.79238 0.0699725 
0.974977 0.777095 0.225482 
0.971656 0.786723 0.224402 
0.953042 0.781923 0.144448 
0.949089 0.791544 0.143655 
1.07249 0.784557 0.108891 
1.06941 0.793437 0.109127 
0.913342 0.777515 0.236203 
0.909679 0.787576 0.234627 
1.03233 0.77934 0.079683 
1.02876 0.788399 0.0799482 
1.01375 0.781964 0.194181 
1.01055 0.791303 0.193514 
0.921888 0.783513 0.181212 
0.917944 0.793407 0.179949 
1.07486 0.784425 0.0802089 
1.07171 0.793258 0.0806795 
0.934563 0.78322 0.239406 
0.931092 0.793152 0.237955 
0.995618 0.778836 0.106467 
0.991807 0.788138 0.106276 
1.04935 0.783476 0.152817 
1.04624 0.792543 0.15262 
0.906855 0.782358 0.213511 
0.903023 0.792422 0.211973 
1.06174 0.780622 0.06933 
1.05843 0.789509 0.0698407 
0.970334 0.7821 0.226577 
0.967014 0.791768 0.225444 
0.95524 0.783091 0.141603 
0.951292 0.792696 0.140841 
1.07366 0.778501 0.111438 
1.07058 0.787371 0.111681 
0.909068 0.786332 0.233863 
1.03517 0.778368 0.0782355 
1.03161 0.787408 0.0785338 
1.00965 0.785282 0.196686 
0.923289 0.784536 0.178442 
1.07699 0.779726 0.081483 
1.07385 0.788543 0.0819711 
0.933332 0.780406 0.240087 
0.929842 0.790344 0.238632 
0.998309 0.779331 0.104083 
0.994514 0.788614 0.103927 
1.0493 0.776912 0.156154 
1.04618 0.785976 0.155957 
0.907295 0.782574 0.211406 
0.903452 0.792631 0.20988 
1.06441 0.777639 0.0692618 
1.06111 0.786508 0.0697982 
0.969009 0.7776 0.228659 
0.965669 0.787273 0.22752 
0.957486 0.784239 0.138777 
0.953545 0.793828 0.138047 
1.07166 0.78124 0.114311 
1.06858 0.790128 0.114513 
0.908524 0.7852 0.232994 
1.038 0.777264 0.0768713 
1.03447 0.786285 0.0772023 
1.00871 0.779337 0.199812 
1.00549 0.788712 0.199089 
0.924755 0.785591 0.17565 
1.07593 0.783719 0.0833521 
1.0728 0.792549 0.0838052 
0.932135 0.777711 0.240662 
0.928625 0.787653 0.239204 
1.00102 0.779742 0.101753 
0.997242 0.789007 0.101633 
1.04605 0.779419 0.159313 
1.04292 0.78851 0.159067 
0.907808 0.782871 0.209229 
0.903956 0.79292 0.207717 
1.06376 0.783378 0.0698451 
1.06048 0.792258 0.0703508 
0.964322 0.782901 0.2295 
0.960984 0.792614 0.228309 
0.959778 0.785364 0.135974 
1.06957 0.783928 0.117223 
1.06649 0.792834 0.117384 
0.908048 0.78418 0.232021 
1.03731 0.78503 0.0759552 
1.0338 0.794064 0.076258 
1.0045 0.782851 0.20216 
1.00128 0.79226 0.201386 
0.930255 0.776863 0.173973 
0.926288 0.786676 0.17284 
1.07795 0.778789 0.0848229 
1.07482 0.787603 0.0852922 
0.927446 0.785081 0.239671 
1.00375 0.780067 0.0994801 
0.99999 0.789313 0.0993954 
1.04272 0.781965 0.162437 
1.03959 0.791083 0.162144 
0.908396 0.783246 0.206986 
0.904534 0.793287 0.205487 
1.06638 0.780122 0.0699815 
1.06311 0.788984 0.0705119 
0.962977 0.778653 0.231383 
0.959618 0.788372 0.230186 
0.966049 0.776944 0.133797 
0.962116 0.78646 0.133194 
1.07049 0.777672 0.120002 
1.0674 0.786569 0.120169 
0.907641 0.783269 0.230944 
0.90394 0.793369 0.229331 
1.04016 0.783639 0.0747937 
1.03666 0.792655 0.0751287 
1.00348 0.777075 0.205178 
1.00024 0.786487 0.204397 
0.931852 0.777986 0.171122 
0.927884 0.787785 0.170014 
1.07678 0.782553 0.0868685 
1.07366 0.791381 0.0873019 
0.926306 0.782626 0.240031 
0.922782 0.792615 0.238519 
1.0065 0.780299 0.0972662 
1.00276 0.789528 0.097217 
1.03931 0.784556 0.165523 
1.03618 0.793702 0.16518 
0.909056 0.783695 0.204679 
0.905185 0.793727 0.203195 
1.06896 0.776741 0.0702076 
1.0657 0.785585 0.0707618 
0.958257 0.784253 0.231965 
0.9549 0.794014 0.230715 
0.968421 0.778025 0.131012 
0.964496 0.787524 0.130442 
1.06822 0.780255 0.123021 
1.06514 0.789171 0.123145 
0.907305 0.782466 0.229766 
0.903589 0.792564 0.228158 
1.04299 0.782113 0.0737191 
1.03951 0.79111 0.0740858 
0.999174 0.780805 0.207351 
0.995938 0.790253 0.206518 
0.933513 0.779131 0.16826 
0.929545 0.788916 0.167177 
1.07867 0.7774 0.0885345 
1.07556 0.786213 0.0889827 
0.925208 0.780287 0.240285 
0.921666 0.79028 0.238771 
1.00927 0.780436 0.0951138 
1.00554 0.789646 0.0951 
