1.04953 0.780016 -0.0462374 
1.04594 0.78879 -0.044628 
1.12608 0.779591 0.170598 
1.12358 0.7882 0.170654 
0.750698 0.777492 0.300375 
0.746571 0.788937 0.297285 
1.128 0.782214 -0.117891 
1.12558 0.790544 -0.115435 
1.00509 0.785618 0.297954 
0.797761 0.783589 0.201931 
1.18147 0.781519 -0.112901 
1.17954 0.789592 -0.110561 
0.884473 0.783788 0.368308 
0.892188 0.784222 0.0998789 
0.887437 0.794034 0.0987784 
1.20368 0.780145 -0.0326269 
1.20166 0.788165 -0.0309274 
0.793174 0.778219 0.374415 
0.789824 0.789519 0.371451 
1.00817 0.783802 -0.00494558 
1.00408 0.792829 -0.00404468 
1.16136 0.778907 0.11338 
1.15898 0.787265 0.11394 
0.747355 0.778454 0.330444 
0.743452 0.790039 0.32725 
1.10382 0.777509 -0.102042 
1.10105 0.785965 -0.0997123 
1.05338 0.784072 0.255053 
1.05076 0.793215 0.254255 
0.772572 0.783107 0.240595 
1.16457 0.777692 -0.12438 
1.16255 0.785838 -0.12191 
1.1605 0.793999 -0.119475 
0.928354 0.782365 0.351025 
0.925554 0.792499 0.349042 
0.852739 0.781844 0.138486 
0.847976 0.79199 0.136789 
1.20251 0.777238 -0.0750698 
1.2006 0.785232 -0.0730401 
1.19868 0.79324 -0.0710439 
0.824675 0.777307 0.378761 
0.821499 0.788332 0.37601 
0.964461 0.784178 0.0361435 
0.960002 0.793479 0.036265 
1.18488 0.783313 0.0556176 
1.18263 0.7915 0.0566298 
0.756597 0.778374 0.353357 
0.752916 0.78995 0.350177 
1.07109 0.782784 -0.0699787 
1.06781 0.791432 -0.0680474 
1.09859 0.784164 0.205021 
1.09605 0.792974 0.204733 
0.757406 0.777592 0.27865 
0.753147 0.788901 0.275667 
1.14378 0.777741 -0.124299 
1.14156 0.785987 -0.121794 
0.976481 0.77854 0.322428 
0.973745 0.788274 0.320874 
0.817817 0.781952 0.177444 
0.813137 0.792452 0.175257 
1.19077 0.78228 -0.101142 
1.18888 0.790316 -0.0989098 
0.859227 0.78372 0.374135 
0.922655 0.778663 0.0759511 
0.917975 0.788244 0.0753545 
1.19882 0.783517 0.000356211 
1.1967 0.791589 0.00179523 
0.775057 0.783384 0.366878 
1.0349 0.781881 -0.0312933 
1.03111 0.790743 -0.029928 
1.13991 0.779208 0.150175 
1.13745 0.787718 0.150418 
0.745718 0.785079 0.309969 
1.11969 0.780436 -0.113667 
1.11715 0.788808 -0.111238 
1.02494 0.777368 0.284167 
1.02226 0.786721 0.28308 
0.786604 0.786286 0.215405 
1.17495 0.783323 -0.117265 
1.17299 0.791426 -0.114884 
0.900815 0.779855 0.364105 
0.897938 0.790219 0.361904 
0.877526 0.782899 0.113849 
0.872757 0.792828 0.112522 
1.20463 0.778327 -0.0497672 
1.20266 0.786329 -0.0479333 
0.801567 0.785815 0.374795 
0.992287 0.784596 0.0100965 
0.988046 0.793721 0.0107142 
1.17103 0.781237 0.0923064 
1.16869 0.789526 0.0930325 
0.749148 0.778628 0.339718 
0.745328 0.790229 0.336515 
1.09272 0.779238 -0.0918516 
1.08978 0.787758 -0.0896372 
1.07116 0.781032 0.237766 
1.06856 0.79004 0.237164 
0.767327 0.777983 0.255511 
0.762943 0.789126 0.252667 
1.15571 0.784012 -0.12361 
1.15361 0.792205 -0.121145 
0.944217 0.785826 0.341028 
0.839372 0.781869 0.1526 
0.834631 0.792144 0.150711 
1.19925 0.778196 -0.0863658 
1.19736 0.786199 -0.0842491 
0.837451 0.777147 0.378474 
0.834334 0.788059 0.375813 
0.948908 0.78286 0.0507497 
0.944352 0.792263 0.0505985 
1.19287 0.776767 0.0340853 
1.19067 0.78489 0.0352879 
1.18847 0.793032 0.0364535 
0.762086 0.780845 0.358896 
0.758493 0.792394 0.355736 
1.06021 0.778215 -0.0573491 
1.05677 0.786924 -0.0555688 
1.11425 0.782677 0.185615 
1.11173 0.791373 0.185519 
0.750765 0.784081 0.289476 
1.13539 0.778632 -0.121613 
1.13307 0.786922 -0.119121 
0.991759 0.78621 0.308294 
0.806187 0.782711 0.191466 
0.801554 0.793343 0.189124 
1.18662 0.777745 -0.109498 
1.18473 0.785793 -0.107185 
1.18281 0.793857 -0.104905 
0.872752 0.786139 0.370694 
0.90316 0.78594 0.0893411 
1.2017 0.783034 -0.0185404 
1.19964 0.791076 -0.0169559 
0.786197 0.776723 0.372469 
0.782788 0.788079 0.369465 
1.01978 0.783229 -0.0162613 
1.01581 0.792184 -0.0151566 
1.15238 0.77988 0.129355 
1.14996 0.788302 0.129776 
0.74568 0.782515 0.321635 
0.74173 0.794096 0.318438 
1.11136 0.777141 -0.10821 
1.10871 0.785555 -0.105819 
1.10601 0.79399 -0.103477 
1.04141 0.780598 0.267945 
1.03877 0.789828 0.267023 
0.780273 0.779498 0.231043 
0.775781 0.790454 0.228368 
1.16819 0.784178 -0.120611 
1.16618 0.792312 -0.118193 
0.916967 0.778905 0.357719 
0.914127 0.789131 0.355649 
0.863124 0.782268 0.127857 
0.858353 0.79232 0.126312 
1.20261 0.783085 -0.0636188 
1.20067 0.791089 -0.061691 
0.813649 0.783771 0.376736 
0.976282 0.784815 0.0250249 
0.971908 0.794041 0.0253562 
1.17912 0.783788 0.0714127 
1.17683 0.792018 0.072298 
0.752288 0.780006 0.347519 
0.748554 0.791608 0.344316 
1.08166 0.778598 -0.0805379 
1.07854 0.787181 -0.078454 
1.08817 0.778948 0.219492 
1.0856 0.78783 0.219084 
0.758718 0.784335 0.267155 
1.14908 0.780138 -0.124573 
1.14691 0.78836 -0.12208 
0.962684 0.781154 0.331036 
0.959938 0.791002 0.329353 
0.826752 0.782008 0.166748 
0.822044 0.792412 0.164683 
1.19557 0.776794 -0.0964433 
1.1937 0.784807 -0.0942417 
1.1918 0.792835 -0.0920734 
0.8506 0.777655 0.377097 
0.847541 0.788453 0.374528 
0.933744 0.780772 0.0651714 
0.929112 0.790277 0.0647603 
1.19753 0.77752 0.0140311 
1.19538 0.785604 0.0153848 
1.19323 0.793707 0.016702 
0.768642 0.783798 0.363358 
1.04585 0.780792 -0.0425112 
1.04221 0.789589 -0.0409627 
1.12895 0.78167 0.165626 
1.12647 0.79026 0.165719 
0.749265 0.779578 0.302749 
0.745164 0.791051 0.299636 
1.1271 0.777927 -0.118135 
1.12468 0.786259 -0.115663 
1.00935 0.785859 0.294374 
0.794855 0.784421 0.205233 
1.18032 0.780178 -0.114621 
1.1784 0.788255 -0.112262 
0.889203 0.780131 0.36799 
0.886294 0.790595 0.3657 
0.88842 0.784099 0.103299 
0.883663 0.79394 0.102139 
1.20349 0.781903 -0.0365176 
1.20148 0.789922 -0.0347935 
0.794288 0.783038 0.373823 
1.00416 0.784287 -0.00119822 
1.00003 0.793338 -0.000368956 
1.16328 0.781621 0.108328 
1.16091 0.789966 0.108921 
0.746611 0.781541 0.332001 
0.74274 0.793147 0.328789 
1.10032 0.780469 -0.0990006 
1.09749 0.788947 -0.0967124 
1.05715 0.785591 0.250692 
0.769979 0.78483 0.243555 
1.16132 0.78368 -0.122976 
1.15927 0.791845 -0.120526 
0.932937 0.780701 0.349174 
0.930139 0.790794 0.347233 
0.849235 0.782116 0.141921 
0.844476 0.792295 0.140173 
1.20172 0.77783 -0.0779552 
1.19982 0.785825 -0.0759043 
1.1979 0.793836 -0.0738869 
0.826138 0.782936 0.377377 
0.823 0.793956 0.374622 
0.960456 0.784195 0.0397745 
0.955971 0.793522 0.0398248 
1.18806 0.777772 0.0497594 
1.18583 0.785933 0.0508371 
1.18359 0.794113 0.0518776 
0.756829 0.78212 0.353965 
0.753182 0.793706 0.350774 
1.06748 0.784217 -0.0663906 
1.06414 0.792887 -0.0645141 
1.10442 0.777314 0.200438 
1.10187 0.786077 0.200224 
0.755543 0.779489 0.281296 
0.751308 0.790829 0.278286 
1.14053 0.782432 -0.122388 
1.13826 0.790698 -0.119906 
0.980916 0.778078 0.319383 
0.978184 0.787776 0.317871 
0.814776 0.782369 0.180864 
0.810108 0.792903 0.178636 
1.18974 0.781416 -0.103248 
1.18784 0.789455 -0.100997 
0.864001 0.779067 0.37459 
0.861001 0.789748 0.372114 
0.918866 0.778313 0.0794566 
0.914173 0.787921 0.0787969 
1.20117 0.777524 -0.00549407 
1.19908 0.785575 -0.00399207 
1.19697 0.793643 -0.00252616 
0.775973 0.787558 0.36678 
1.0311 0.782494 -0.0275476 
1.02727 0.79138 -0.0262474 
1.14248 0.781502 0.14514 
1.14004 0.789995 0.145417 
0.744525 0.787478 0.31209 
1.1163 0.784145 -0.111173 
1.11371 0.792538 -0.108777 
1.02903 0.778135 0.280247 
1.02636 0.787457 0.2792 
0.783765 0.787481 0.218588 
1.17374 0.781764 -0.118744 
1.17178 0.789871 -0.116345 
0.905493 0.776965 0.363227 
0.902615 0.787285 0.361069 
0.873801 0.78296 0.117269 
0.86903 0.79292 0.115885 
1.20418 0.77979 -0.0533082 
1.20222 0.787792 -0.0514512 
0.806082 0.779827 0.376774 
0.802822 0.791018 0.373891 
0.988212 0.784969 0.0138159 
0.983936 0.79412 0.0143603 
1.17255 0.784051 0.0873248 
1.17023 0.79233 0.0880809 
0.748745 0.782059 0.340906 
0.744957 0.793677 0.337686 
1.08916 0.781652 -0.0885458 
1.08617 0.790193 -0.0863781 
1.07475 0.782815 0.23319 
1.07216 0.791798 0.232627 
0.764968 0.779836 0.258359 
0.760607 0.791015 0.255483 
1.15454 0.781361 -0.124486 
1.15242 0.789558 -0.122006 
0.948754 0.784668 0.3387 
0.836053 0.78218 0.156042 
0.83132 0.792487 0.154106 
1.19834 0.778192 -0.0889245 
1.19646 0.786197 -0.0867872 
0.839045 0.782886 0.376862 
0.835966 0.793791 0.374198 
0.944999 0.782665 0.0543247 
0.940423 0.792094 0.0541055 
1.19354 0.779168 0.0294171 
1.19135 0.787286 0.0306475 
0.762632 0.784689 0.359234 
1.0566 0.779208 -0.0536485 
1.0531 0.787939 -0.0519259 
1.11731 0.784653 0.180717 
1.11481 0.793328 0.180658 
0.749173 0.786057 0.291971 
1.13212 0.782928 -0.119532 
1.12975 0.791237 -0.117067 
0.996107 0.78611 0.304952 
0.803235 0.783322 0.194833 
0.798615 0.793989 0.192452 
1.18363 0.784625 -0.109064 
1.18171 0.792691 -0.106765 
0.87751 0.781979 0.37075 
0.874573 0.792546 0.368367 
0.89938 0.785699 0.0927651 
1.20375 0.776914 -0.0242953 
1.20171 0.784937 -0.0226496 
1.19966 0.792978 -0.0210394 
0.787222 0.781241 0.372102 
0.783849 0.792596 0.369091 
1.01585 0.783765 -0.0125089 
1.01184 0.792744 -0.0114733 
1.15459 0.782431 0.124295 
1.15219 0.790839 0.124749 
0.744727 0.785303 0.323452 
1.10791 0.780456 -0.105399 
1.10521 0.788892 -0.103045 
1.04533 0.781835 0.263755 
1.0427 0.791037 0.262873 
0.777536 0.781013 0.234117 
0.773063 0.792006 0.231406 
1.16695 0.782323 -0.121848 
1.16495 0.790461 -0.119414 
0.921589 0.776765 0.356267 
0.918749 0.786949 0.354238 
0.859501 0.782477 0.131284 
0.854733 0.792561 0.129685 
1.20196 0.7841 -0.0667648 
1.20002 0.792106 -0.064815 
0.818233 0.77818 0.37834 
0.815029 0.789263 0.375543 
0.972222 0.785004 0.0286969 
1.18257 0.778337 0.0655902 
1.1803 0.78654 0.0665416 
0.752257 0.78366 0.348357 
1.07808 0.780427 -0.0770256 
1.07491 0.789032 -0.0749929 
1.09158 0.780845 0.214758 
1.08902 0.789703 0.214388 
0.756656 0.786246 0.269871 
1.14798 0.776958 -0.125296 
1.14581 0.785183 -0.122786 
1.1436 0.793425 -0.120316 
0.967169 0.780413 0.328273 
0.964427 0.790224 0.326632 
0.823609 0.782356 0.170186 
0.81891 0.792793 0.168077 
1.19271 0.784266 -0.0965161 
1.19081 0.792297 -0.0943276 
0.852299 0.783519 0.375265 
0.929917 0.780444 0.0687003 
0.925268 0.789975 0.0682243 
1.19796 0.77971 0.0095206 
1.19583 0.78779 0.0109017 
0.76943 0.787791 0.363448 
1.04215 0.781518 -0.0387802 
1.03846 0.790337 -0.0372936 
1.13176 0.783792 0.160646 
1.12929 0.792363 0.160775 
0.747891 0.781731 0.305067 
0.743816 0.793231 0.301931 
1.12378 0.781883 -0.115833 
1.12131 0.790234 -0.113391 
1.01626 0.776801 0.291891 
1.01357 0.78622 0.290718 
0.791962 0.785341 0.208508 
1.17916 0.778786 -0.116286 
1.17724 0.786867 -0.113909 
0.89101 0.787089 0.365281 
0.884657 0.784024 0.106716 
0.879896 0.793895 0.105498 
1.20324 0.783603 -0.0403201 
1.20123 0.791621 -0.0385718 
0.798768 0.776708 0.376074 
0.795445 0.787958 0.373151 
1.00012 0.784751 0.0025428 
0.995957 0.793828 0.00329977 
1.1651 0.784373 0.103297 
1.16275 0.792706 0.103921 
0.745955 0.78473 0.333462 
1.09678 0.783309 -0.0959008 
1.0939 0.791808 -0.0936557 
1.06351 0.778124 0.246967 
1.06089 0.787187 0.246282 
0.767442 0.78661 0.246478 
1.1601 0.781408 -0.123995 
1.15804 0.789578 -0.121529 
0.937508 0.779188 0.347188 
0.934712 0.789242 0.345287 
0.845774 0.782404 0.145358 
0.841021 0.792616 0.143559 
1.2009 0.778276 -0.0807535 
1.199 0.786274 -0.0786816 
0.830799 0.777624 0.378641 
0.827654 0.788596 0.375932 
0.956473 0.784158 0.0433896 
0.951963 0.793512 0.0433696 
1.18893 0.780345 0.0449916 
1.18671 0.7885 0.0460974 
0.757153 0.785895 0.3545 
1.06719 0.776869 -0.0646736 
1.06385 0.785535 -0.062786 
1.10764 0.779256 0.195585 
1.1051 0.787997 0.195409 
0.753751 0.781399 0.283907 
0.749539 0.79277 0.280871 
1.13952 0.778762 -0.122947 
1.13724 0.787031 -0.12045 
0.985332 0.77771 0.316252 
0.982604 0.787373 0.314781 
0.811761 0.782825 0.184273 
0.807105 0.793393 0.182005 
1.18869 0.780465 -0.105302 
1.1868 0.788507 -0.103031 
0.865771 0.785177 0.372501 
0.915082 0.777974 0.0829542 
0.910377 0.787609 0.0822321 
1.20136 0.779547 -0.0098089 
1.19928 0.787595 -0.00828036 
0.780366 0.7804 0.369666 
0.776936 0.79181 0.366615 
1.02727 0.783084 -0.0238002 
1.0234 0.791994 -0.0225662 
1.14497 0.783857 0.140103 
1.14254 0.792334 0.140415 
0.747398 0.778437 0.317297 
0.743394 0.789975 0.314137 
1.11546 0.779382 -0.11103 
1.11286 0.787776 -0.108621 
1.03308 0.779025 0.276256 
1.03042 0.788317 0.27525 
0.785474 0.777884 0.224344 
0.780948 0.788771 0.221736 
1.17253 0.780143 -0.120166 
1.17057 0.788254 -0.11775 
0.907278 0.784556 0.36008 
0.870093 0.783065 0.120689 
0.865322 0.793056 0.119248 
1.20368 0.781158 -0.0567513 
1.20172 0.789161 -0.0548714 
0.807348 0.785116 0.375799 
0.984132 0.785305 0.0175235 
1.17631 0.778614 0.0815518 
1.17399 0.786863 0.082375 
0.748441 0.785564 0.341998 
1.08558 0.783928 -0.0851955 
1.08253 0.792492 -0.083076 
1.0783 0.784633 0.22858 
1.07572 0.793591 0.228055 
0.762681 0.781714 0.261173 
0.758342 0.792928 0.258265 
1.15337 0.778581 -0.125325 
1.15126 0.786781 -0.122829 
0.953279 0.783625 0.336257 
0.950529 0.793553 0.334487 
0.83278 0.782498 0.159484 
0.828055 0.792839 0.157502 
1.19741 0.778046 -0.0914119 
1.19553 0.786054 -0.0892542 
1.19362 0.794077 -0.0871298 
0.843773 0.77779 0.377813 
0.840686 0.788648 0.375195 
0.941112 0.78243 0.0578857 
0.936516 0.791885 0.0575992 
1.19416 0.781514 0.0247928 
1.19198 0.789626 0.0260509 
0.766825 0.777058 0.362629 
0.763254 0.788566 0.359507 
1.05296 0.780122 -0.0499396 
1.04941 0.788875 -0.0482758 
1.12283 0.77802 0.175791 
1.12033 0.786652 0.175806 
0.747643 0.788072 0.294422 
1.13118 0.778837 -0.119896 
1.12881 0.787148 -0.117415 
1.00043 0.78612 0.301532 
0.800299 0.784003 0.19818 
1.18252 0.783398 -0.11089 
1.1806 0.791468 -0.108572 
0.882262 0.777991 0.370673 
0.87932 0.788512 0.368335 
0.895601 0.785495 0.0961852 
1.20369 0.778778 -0.0283536 
1.20165 0.7868 -0.0266826 
0.788288 0.785858 0.371659 
1.01189 0.784287 -0.00875868 
1.00784 0.793291 -0.00779328 
1.15671 0.785039 0.119245 
1.15432 0.793433 0.119732 
0.743848 0.788202 0.325179 
1.10443 0.783671 -0.102525 
1.10166 0.792128 -0.10021 
1.0492 0.783176 0.259506 
1.04658 0.79235 0.258664 
0.77484 0.782607 0.237152 
0.770387 0.793637 0.234406 
1.16572 0.780377 -0.123032 
1.16371 0.78852 -0.120581 
0.923358 0.784949 0.352679 
0.855913 0.782714 0.134711 
0.851148 0.79283 0.13306 
1.20317 0.776994 -0.0718203 
1.20125 0.784986 -0.0698151 
1.19932 0.792994 -0.0678436 
0.819627 0.783728 0.377083 
0.968175 0.785141 0.0323536 
1.18366 0.781059 0.0607289 
1.1814 0.789254 0.0617089 
0.752326 0.787356 0.349111 
1.07449 0.782122 -0.0734856 
1.07127 0.790749 -0.0715054 
1.09495 0.782751 0.210001 
1.09239 0.791586 0.20967 
0.758949 0.776882 0.275516 
0.754668 0.788165 0.272555 
1.14473 0.781879 -0.12346 
1.14252 0.790124 -0.120974 
0.971639 0.779767 0.325414 
0.968901 0.789541 0.323814 
0.820502 0.782723 0.173618 
0.815813 0.793194 0.171467 
1.19171 0.783613 -0.0987326 
1.18981 0.791646 -0.096524 
0.857066 0.778685 0.375897 
0.854039 0.789427 0.373372 
0.926104 0.780104 0.0722187 
0.921439 0.789661 0.0716784 
1.19834 0.781856 0.0050609 
1.19622 0.789933 0.00646918 
0.773759 0.780376 0.366566 
0.770275 0.791839 0.363475 
1.03841 0.782202 -0.0350452 
1.03467 0.791043 -0.0336217 
1.13697 0.777431 0.155455 
1.1345 0.785962 0.155657 
0.746575 0.783959 0.307323 
1.12291 0.777414 -0.115938 
1.12042 0.785768 -0.113481 
1.02043 0.777319 0.288119 
1.01775 0.786706 0.286987 
0.789083 0.786353 0.211754 
1.17799 0.777343 -0.117895 
1.17606 0.785428 -0.115501 
1.1741 0.793528 -0.11314 
0.895714 0.783785 0.364713 
0.880902 0.783996 0.110132 
0.876137 0.793897 0.108855 
