0.748567 1.5708 0.0721459 
0.748679 1.57287 0.0715463 
0.748793 1.57494 0.0709468 
0.748908 1.57701 0.0703475 
0.749027 1.57908 0.0697483 
0.820696 1.57279 -0.0870383 
0.932167 1.56228 0.0591538 
0.932667 1.57273 0.0569332 
0.70747 1.56441 0.00990105 
0.707538 1.57743 0.00600389 
0.919611 1.56969 -0.0610675 
0.835919 1.57187 0.0901021 
0.738697 1.56561 -0.0593024 
0.738168 1.57819 -0.0629663 
0.973765 1.57132 -0.00138619 
0.744209 1.57357 0.0686195 
0.827441 1.56381 -0.0847467 
0.826697 1.5753 -0.0877739 
0.92729 1.56704 0.0613706 
0.927843 1.57753 0.0591117 
0.707329 1.57287 0.0026116 
0.925198 1.56457 -0.0569437 
0.924696 1.57508 -0.0592118 
0.829036 1.56219 0.0929182 
0.829798 1.57365 0.0898919 
0.742568 1.57287 -0.0644022 
0.973855 1.5626 0.0043203 
0.973882 1.57269 0.00246287 
0.739665 1.56816 0.0672887 
0.833495 1.5659 -0.0851646 
0.832766 1.57732 -0.0881482 
0.922291 1.57219 0.0633648 
0.707422 1.56831 -0.00078497 
0.93012 1.56959 -0.054896 
0.822967 1.5644 0.0923889 
0.823744 1.57593 0.0893193 
0.747237 1.56745 -0.0656393 
0.973497 1.56398 0.00816801 
0.973569 1.57408 0.00630709 
0.735402 1.56286 0.0657571 
0.735948 1.57547 0.0620649 
0.839609 1.56747 -0.0852174 
0.838892 1.57883 -0.0881565 
0.91659 1.56717 0.0674675 
0.917195 1.57775 0.0651195 
0.707818 1.56376 -0.00416953 
0.707754 1.57677 -0.00806368 
0.935364 1.56381 -0.0504499 
0.934912 1.57423 -0.0526328 
0.816972 1.5671 0.0915022 
0.817764 1.57868 0.0883902 
0.751537 1.57432 -0.0702435 
0.972713 1.56542 0.0119951 
0.972828 1.57551 0.0101272 
0.731917 1.57031 0.0603067 
0.845772 1.56853 -0.0849035 
0.910758 1.56249 0.0714028 
0.911358 1.57313 0.0690041 
0.708381 1.5722 -0.0114147 
0.939949 1.56812 -0.0480215 
0.939551 1.5785 -0.0501681 
0.811058 1.57025 0.0902662 
0.756645 1.5686 -0.0710445 
0.971508 1.56694 0.0157826 
0.971668 1.57705 0.0139043 
0.728188 1.56523 0.0583568 
0.728692 1.57794 0.0546123 
0.851975 1.56906 -0.0842244 
0.90541 1.56886 0.0727021 
0.709314 1.56763 -0.0147188 
0.944357 1.57207 -0.0454037 
0.804483 1.56211 0.091892 
0.805236 1.57385 0.08869 
0.761979 1.56276 -0.0716443 
0.761324 1.57503 -0.0751403 
0.969896 1.56859 0.0195123 
0.970101 1.57871 0.0176202 
0.725209 1.57299 0.0524519 
0.858207 1.56906 -0.0831854 
0.899366 1.56497 0.0761928 
0.900023 1.57571 0.0737029 
0.710554 1.56305 -0.0179599 
0.710361 1.57603 -0.021833 
0.948915 1.56537 -0.0405391 
0.948561 1.57568 -0.0426083 
0.798741 1.56606 0.0900255 
0.799512 1.57786 0.0867834 
0.766817 1.56897 -0.0754991 
0.967892 1.57041 0.0231666 
0.72204 1.56809 0.0501159 
0.864454 1.56854 -0.0817951 
0.893897 1.57229 0.0769137 
0.711841 1.57142 -0.0249835 
0.952839 1.56869 -0.0376097 
0.952536 1.57896 -0.039647 
0.793106 1.57041 0.0878376 
0.772509 1.56276 -0.0756543 
0.771823 1.57489 -0.0790751 
0.965273 1.56226 0.0286645 
0.965514 1.57242 0.0267294 
0.71919 1.56325 0.0476138 
0.719583 1.57609 0.0438035 
0.870706 1.5675 -0.0800656 
0.870033 1.57853 -0.0827713 
0.887709 1.5693 0.0798737 
0.713635 1.5668 -0.028037 
0.956507 1.5717 -0.0345242 
0.786853 1.56319 0.0886642 
0.787589 1.57513 0.0853376 
0.777648 1.56844 -0.0789827 
0.962497 1.56448 0.0321443 
0.962784 1.57467 0.0301857 
0.716987 1.57134 0.0411277 
0.87695 1.56595 -0.0780118 
0.876281 1.57692 -0.0806688 
0.881472 1.56676 0.082561 
0.882193 1.57767 0.0799298 
0.715743 1.56215 -0.0309785 
0.715427 1.57505 -0.0348123 
0.960155 1.5642 -0.0293213 
0.959893 1.57441 -0.0312943 
0.781443 1.5682 0.0858988 
0.782932 1.5738 -0.082022 
0.959392 1.56695 0.0355061 
0.959726 1.57716 0.0335216 
0.71471 1.56662 0.0383115 
0.883171 1.56392 -0.0756515 
0.882505 1.57483 -0.0782591 
0.875201 1.5647 0.0849545 
0.875924 1.57567 0.0822735 
0.717785 1.57035 -0.0376095 
0.963183 1.56667 -0.0259842 
0.962969 1.57685 -0.0279323 
0.77617 1.57355 0.0828368 
0.789043 1.56689 -0.0814616 
0.788348 1.57882 -0.0847647 
0.955983 1.56969 0.0387371 
0.713026 1.57487 0.0315106 
0.888692 1.57226 -0.0755619 
0.868909 1.56313 0.087035 
0.869636 1.57416 0.084305 
0.72046 1.56561 -0.0402647 
0.720093 1.57844 -0.0440629 
0.965879 1.56888 -0.0225257 
0.96571 1.57904 -0.0244513 
0.770324 1.56707 0.0829281 
0.771047 1.57922 0.079485 
0.794561 1.57161 -0.0839385 
0.951923 1.56245 0.0438767 
0.952296 1.57273 0.041825 
0.711316 1.57024 0.0284431 
0.894829 1.56925 -0.0725982 
0.863342 1.57317 0.0860071 
0.723019 1.57362 -0.0465422 
0.968217 1.57086 -0.01896 
0.765341 1.57298 0.0793271 
0.80092 1.56417 -0.0828839 
0.800192 1.57596 -0.0861021 
0.947934 1.56576 0.0468426 
0.948357 1.57607 0.0447583 
0.70992 1.56562 0.0252807 
0.710137 1.57859 0.0214016 
0.900899 1.56581 -0.0693898 
0.900301 1.57655 -0.0718574 
0.857056 1.57269 0.0873659 
0.726258 1.56875 -0.0488547 
0.970308 1.56253 -0.0134165 
0.970177 1.57265 -0.0153026 
0.759843 1.56689 0.0789628 
0.760534 1.57917 0.0754454 
0.806636 1.56817 -0.0847645 
0.943719 1.56939 0.0496437 
0.708981 1.57401 0.0181519 
0.906289 1.57265 -0.0683754 
0.85079 1.57274 0.0883703 
0.729806 1.56381 -0.0509916 
0.729331 1.57651 -0.0547207 
0.971827 1.56417 -0.00969652 
0.97174 1.57428 -0.0115702 
0.755202 1.57329 0.0748375 
0.812448 1.57176 -0.0863124 
0.938839 1.56297 0.0544316 
0.939304 1.57335 0.0522679 
0.708133 1.56943 0.0148409 
0.912179 1.56837 -0.0646911 
0.91164 1.57901 -0.0670685 
0.844555 1.57331 0.0890128 
0.733119 1.57146 -0.0566468 
0.972935 1.56568 -0.00591604 
0.972893 1.57578 -0.00778057 
0.750108 1.56755 0.074025 
0.819093 1.56331 -0.08443 
0.818347 1.57489 -0.0875176 
0.934196 1.56724 0.0569033 
0.934714 1.57767 0.0547027 
0.707589 1.56486 0.011485 
0.707676 1.57788 0.00758869 
0.917954 1.56374 -0.060824 
0.917412 1.57432 -0.0631517 
0.837599 1.56305 0.0922533 
0.838364 1.57441 0.0892894 
0.737201 1.56633 -0.0583827 
0.736686 1.57893 -0.0620575 
0.973622 1.56711 -0.00209357 
0.973623 1.5772 -0.00395247 
0.745862 1.5744 0.0693864 
0.825056 1.56604 -0.085326 
0.824326 1.57756 -0.088371 
0.929402 1.57189 0.0591727 
0.707364 1.57332 0.00420214 
0.923051 1.5693 -0.0590702 
0.831448 1.5646 0.0922079 
0.832225 1.57602 0.0891996 
0.740992 1.57365 -0.0635679 
0.973879 1.56848 0.0017518 
0.973925 1.57857 -0.000105025 
0.741225 1.56895 0.0681318 
0.83109 1.56829 -0.0858635 
0.923913 1.56641 0.0635125 
0.924479 1.57692 0.0612249 
0.707355 1.56876 0.000805222 
0.928538 1.56396 -0.05484 
0.928049 1.57445 -0.05708 
0.825358 1.56665 0.0917977 
0.826149 1.57814 0.0887459 
0.74557 1.56827 -0.0648802 
0.973706 1.56986 0.00560067 
0.736865 1.5636 0.0666755 
0.737424 1.57619 0.0629939 
0.837186 1.57003 -0.0860369 
0.918828 1.5718 0.0653704 
0.707647 1.5642 -0.0025858 
0.707602 1.57722 -0.00648128 
0.933359 1.56875 -0.052667 
0.932926 1.5792 -0.0548693 
0.819339 1.56919 0.0910281 
0.750407 1.56279 -0.0659933 
0.749799 1.57521 -0.0695725 
0.973103 1.57127 0.00943368 
0.733293 1.571 0.061309 
0.843336 1.57126 -0.0858437 
0.913041 1.56701 0.0693548 
0.91366 1.57762 0.0669774 
0.708126 1.57266 -0.0098456 
0.938476 1.56277 -0.0481312 
0.938037 1.57317 -0.0502873 
0.813399 1.5722 0.0899064 
0.754825 1.56954 -0.0704497 
0.971953 1.56265 0.0151071 
0.972077 1.57276 0.0132317 
0.729459 1.56589 0.0594304 
0.729977 1.57858 0.0556951 
0.849529 1.57196 -0.0852842 
0.907134 1.56257 0.0731598 
0.907748 1.57324 0.0707315 
0.708954 1.56809 -0.0131692 
0.942932 1.56687 -0.0455935 
0.942545 1.57722 -0.0477142 
0.806781 1.56395 0.0916265 
0.807548 1.57565 0.0884412 
0.760084 1.56375 -0.0711259 
0.759442 1.57605 -0.0746355 
0.970471 1.56425 0.0188646 
0.970639 1.57437 0.0169763 
0.726388 1.5736 0.0536028 
0.855754 1.57214 -0.0843622 
0.901736 1.56923 0.074286 
0.710089 1.56351 -0.0164358 
0.709913 1.57649 -0.0203124 
0.947194 1.57061 -0.0428736 
0.801008 1.56776 0.0898679 
0.764864 1.57005 -0.0750714 
0.96859 1.566 0.0225542 
0.968803 1.57613 0.0206498 
0.723111 1.56868 0.0513316 
0.862 1.57179 -0.0830852 
0.895639 1.56561 0.0776195 
0.896313 1.57639 0.0751 
0.711287 1.57189 -0.0234952 
0.951578 1.56374 -0.0379374 
0.951236 1.57403 -0.0399832 
0.795338 1.57199 0.0877846 
0.77049 1.5639 -0.0753043 
0.769817 1.57606 -0.0787394 
0.966328 1.56793 0.0261592 
0.966587 1.57808 0.0242355 
0.720151 1.56381 0.0488904 
0.72056 1.57664 0.0450872 
0.868253 1.57092 -0.081464 
0.889472 1.56242 0.0807099 
0.890145 1.57325 0.0781397 
0.712974 1.56728 -0.0265868 
0.955324 1.56687 -0.0349182 
0.955031 1.57712 -0.0369336 
0.789034 1.56467 0.0886971 
0.789783 1.57659 0.0853861 
0.775581 1.56968 -0.0787261 
0.963706 1.57008 0.0296638 
0.717854 1.57187 0.0424672 
0.874503 1.56953 -0.0795127 
0.883923 1.57057 0.0809146 
0.714974 1.56264 -0.029572 
0.714674 1.57555 -0.0334115 
0.958797 1.5697 -0.0317497 
0.783582 1.56958 0.0860306 
0.781524 1.56312 -0.0785045 
0.780819 1.57514 -0.0818609 
0.960451 1.56227 0.0350314 
0.960747 1.57247 0.0330539 
0.715468 1.56713 0.0397019 
0.880734 1.56766 -0.0772479 
0.880086 1.57859 -0.0798762 
0.877663 1.56835 0.0834033 
0.878404 1.57929 0.0807432 
0.716924 1.57086 -0.0362584 
0.961971 1.57224 -0.0284437 
0.777549 1.56277 0.0864575 
0.778264 1.57483 0.0830652 
0.786877 1.56831 -0.0813832 
0.957132 1.5649 0.0383215 
0.957475 1.57513 0.0363163 
0.713401 1.56243 0.0368046 
0.713692 1.57536 0.0329515 
0.886935 1.5653 -0.0746887 
0.886288 1.57618 -0.0772674 
0.871378 1.56661 0.085586 
0.872122 1.57762 0.0828764 
0.71949 1.56614 -0.0389683 
0.719139 1.57899 -0.0427737 
0.965024 1.56436 -0.0230815 
0.964819 1.57453 -0.0250129 
0.772355 1.56828 0.0832366 
0.792357 1.57315 -0.0839608 
0.953524 1.56782 0.0414737 
0.953916 1.57808 0.0394387 
0.711874 1.57071 0.0299234 
0.893091 1.56249 -0.0718557 
0.892445 1.57331 -0.0743843 
0.865082 1.56538 0.0874448 
0.86583 1.57645 0.0846865 
0.721957 1.57419 -0.0453128 
0.967477 1.56643 -0.0195602 
0.967318 1.57658 -0.0214714 
0.767318 1.57409 0.0797287 
0.79867 1.5658 -0.082994 
0.797954 1.57762 -0.0862284 
0.949655 1.57103 0.044476 
0.710371 1.56609 0.0267946 
0.710606 1.57906 0.0229189 
0.898541 1.57 -0.0712484 
0.858788 1.56467 0.0889643 
0.859542 1.5758 0.0861581 
0.725089 1.56934 -0.047689 
0.96956 1.5683 -0.0159404 
0.969446 1.57842 -0.0178342 
0.761748 1.56794 0.0794428 
0.804353 1.56994 -0.0849818 
0.945118 1.56423 0.0494262 
0.945551 1.57456 0.0473169 
0.709345 1.57447 0.019696 
0.904561 1.56629 -0.0678816 
0.90398 1.57699 -0.0703199 
0.852508 1.56448 0.0901325 
0.853269 1.57568 0.0872791 
0.728532 1.56443 -0.0498928 
0.728072 1.57715 -0.0536312 
0.971252 1.56998 -0.0122383 
0.757043 1.57427 0.0754085 
0.810136 1.57366 -0.0866403 
0.940754 1.56806 0.0521289 
0.941238 1.57843 0.0499845 
0.708392 1.56989 0.016406 
0.91049 1.56219 -0.064305 
0.909906 1.57284 -0.0666931 
0.846254 1.56481 0.0909406 
0.847024 1.57608 0.0880408 
0.731757 1.57213 -0.0556276 
0.972539 1.57153 -0.0084713 
0.751866 1.56847 0.0746736 
0.816743 1.56533 -0.0848546 
0.81601 1.57694 -0.0879595 
0.936205 1.57223 0.0546471 
0.707745 1.56531 0.013065 
0.70785 1.57833 0.0091698 
0.915724 1.56832 -0.0628765 
0.915201 1.57892 -0.0652249 
0.840038 1.56567 0.0913832 
0.840818 1.57701 0.0884379 
0.735739 1.56703 -0.0574356 
0.973441 1.56288 -0.00279748 
0.973407 1.57298 -0.00465764 
0.746936 1.56279 0.0737337 
0.747547 1.57525 0.0701243 
0.822681 1.56822 -0.0858674 
0.930966 1.56632 0.0591962 
0.931497 1.57677 0.0569677 
0.707435 1.57377 0.00579127 
0.921416 1.56345 -0.0588889 
0.920889 1.574 -0.0611879 
0.833871 1.56706 0.0914586 
0.834663 1.57845 0.0884686 
0.739448 1.57441 -0.0627055 
0.973838 1.56427 0.00104085 
0.973848 1.57436 -0.000816359 
0.742818 1.56975 0.0689462 
0.828695 1.57063 -0.0865239 
0.926067 1.57119 0.061343 
0.707323 1.56921 0.00239627 
0.926432 1.56876 -0.0569967 
0.925961 1.57927 -0.0592568 
0.827761 1.56894 0.0911683 
0.743934 1.56907 -0.0640927 
0.973805 1.56564 0.00489104 
0.973859 1.57573 0.00303322 
0.738362 1.56437 0.0675658 
0.738935 1.57694 0.0638949 
0.834774 1.57253 -0.0868178 
0.920475 1.56592 0.0655791 
0.921055 1.57646 0.0632626 
0.707512 1.56465 -0.00099893 
0.707485 1.57767 -0.00489547 
0.93181 1.56322 -0.0526658 
0.931335 1.57367 -0.0548782 
0.82172 1.57133 0.0905165 
0.748684 1.56364 -0.0652813 
0.748089 1.57608 -0.0688729 
0.973341 1.56704 0.00873366 
0.973438 1.57713 0.00687167 
0.734704 1.5717 0.0622839 
0.841654 1.5626 -0.0838227 
0.840909 1.57393 -0.0867455 
0.915313 1.57157 0.0672937 
0.707906 1.57311 -0.00827085 
0.936522 1.56778 -0.050373 
0.936101 1.5782 -0.0525482 
0.814992 1.56257 0.0926371 
0.815754 1.57418 0.0895099 
0.753033 1.57047 -0.0698263 
0.972451 1.56849 0.0125495 
0.972593 1.57859 0.0106798 
0.730767 1.56656 0.0604775 
0.7313 1.57923 0.0567518 
0.847825 1.56354 -0.0834289 
0.847091 1.57481 -0.0863062 
0.909446 1.56701 0.0711523 
0.910079 1.57766 0.0687453 
0.70863 1.56854 -0.0116116 
0.941075 1.57198 -0.0478818 
0.809094 1.56582 0.0913255 
0.809874 1.5775 0.0881569 
0.758214 1.56473 -0.0705787 
0.757586 1.57705 -0.0741017 
0.971144 1.57005 0.0163197 
