0.76721 1.5708 0.0569322 
0.767299 1.57283 0.056356 
0.76739 1.57486 0.0557799 
0.767484 1.5769 0.0552039 
0.76758 1.57893 0.0546281 
0.826626 1.56735 -0.0662285 
0.826068 1.57887 -0.0692496 
0.908147 1.57225 0.0482053 
0.73291 1.57299 -0.000359335 
0.91243 1.56376 -0.0404393 
0.912066 1.57441 -0.042795 
0.820624 1.56302 0.073243 
0.82123 1.57459 0.0701705 
0.771851 1.56571 -0.0532294 
0.771383 1.57787 -0.0566489 
0.941439 1.57138 0.0134667 
0.747268 1.56312 0.0435249 
0.747621 1.57559 0.039923 
0.857589 1.56937 -0.0639391 
0.880625 1.57094 0.0617923 
0.738189 1.56236 -0.0194052 
0.73798 1.57496 -0.0230715 
0.932424 1.5716 -0.0247994 
0.791267 1.56842 0.0672121 
0.798639 1.56715 -0.0629049 
0.798104 1.57899 -0.0661303 
0.928221 1.56276 0.0344677 
0.928508 1.57326 0.0322358 
0.735804 1.56347 0.0233346 
0.735984 1.5761 0.0196492 
0.887601 1.56768 -0.0543677 
0.887147 1.57856 -0.0569245 
0.850172 1.57246 0.069281 
0.752058 1.56231 -0.0386253 
0.751682 1.57472 -0.0421891 
0.942822 1.57218 -0.00544093 
0.765682 1.5713 0.0558993 
0.828569 1.57031 -0.0670214 
0.906452 1.57253 0.0491767 
0.732995 1.56565 0.000248904 
0.73299 1.57832 -0.00345653 
0.914031 1.56389 -0.0393919 
0.913677 1.57452 -0.0417346 
0.818702 1.56618 0.0722927 
0.819326 1.57777 0.0692068 
0.773333 1.57018 -0.0552912 
0.940903 1.57065 0.0149619 
0.746348 1.56814 0.040839 
0.859587 1.57125 -0.0639754 
0.878682 1.57208 0.0622409 
0.738757 1.56758 -0.0223448 
0.933487 1.57113 -0.0234338 
0.789566 1.57242 0.0655766 
0.80042 1.57095 -0.0643548 
0.926958 1.56243 0.0357721 
0.927254 1.57294 0.0335294 
0.735401 1.56874 0.020322 
0.889488 1.56856 -0.0537522 
0.889047 1.57942 -0.0562942 
0.847579 1.56339 0.0718949 
0.848178 1.57466 0.0690217 
0.753133 1.56723 -0.0411798 
0.943096 1.57139 -0.00392014 
0.76386 1.56367 0.0571529 
0.764335 1.57592 0.053671 
0.830524 1.57318 -0.0677601 
0.904298 1.56215 0.0525489 
0.904733 1.57286 0.0501186 
0.733097 1.57097 -0.00284598 
0.915604 1.56398 -0.0383187 
0.915259 1.5746 -0.0406485 
0.816795 1.5694 0.0712895 
0.77535 1.56249 -0.0539165 
0.774847 1.57461 -0.0573104 
0.940311 1.56993 0.0164492 
0.745472 1.57318 0.0381218 
0.861585 1.57305 -0.0639599 
0.876194 1.56231 0.0652996 
0.876732 1.57329 0.062645 
0.739369 1.57278 -0.025263 
0.934503 1.57062 -0.0220528 
0.787323 1.56452 0.0672079 
0.78789 1.57648 0.0638948 
0.802791 1.5629 -0.0625611 
0.802223 1.57469 -0.0657558 
0.925655 1.56214 0.0370581 
0.925959 1.57266 0.0348043 
0.735041 1.57402 0.0172947 
0.891362 1.56937 -0.053098 
0.845575 1.56564 0.0715958 
0.846191 1.57694 0.0687082 
0.754248 1.57212 -0.0436989 
0.94331 1.57059 -0.00239557 
0.762529 1.56831 0.0548935 
0.833066 1.56454 -0.0654713 
0.83249 1.57599 -0.0684443 
0.902547 1.56251 0.0534744 
0.902992 1.57324 0.05103 
0.733287 1.56363 -0.00223332 
0.733241 1.5763 -0.00593653 
0.917146 1.56402 -0.0372203 
0.916812 1.57462 -0.0395376 
0.814905 1.57269 0.070234 
0.776874 1.56688 -0.0559034 
0.776394 1.57899 -0.0592864 
0.939663 1.56924 0.0179276 
0.744302 1.56574 0.0389978 
0.744639 1.57825 0.0353744 
0.864127 1.56367 -0.0611546 
0.863583 1.57478 -0.0638932 
0.874224 1.56357 0.0656731 
0.874775 1.57457 0.0630037 
0.740251 1.56539 -0.0245074 
0.740024 1.57797 -0.0281583 
0.93547 1.57009 -0.0206572 
0.785653 1.56861 0.0654916 
0.804595 1.56659 -0.0639255 
0.804047 1.57836 -0.0671076 
0.924626 1.57241 0.0360599 
0.734563 1.56666 0.0179483 
0.734723 1.57931 0.0142539 
0.893222 1.57012 -0.0524062 
0.843577 1.56798 0.0712422 
0.844209 1.57929 0.0683403 
0.755794 1.56461 -0.0426452 
0.755405 1.57698 -0.0461816 
0.943464 1.56978 -0.000868065 
0.761236 1.57299 0.0525939 
0.835025 1.56729 -0.0661148 
0.834468 1.57871 -0.0690738 
0.900774 1.56293 0.0543686 
0.90123 1.57368 0.0519099 
0.733453 1.56895 -0.00531947 
0.918658 1.56401 -0.0360976 
0.918334 1.5746 -0.0384025 
0.812423 1.56439 0.0722586 
0.813032 1.57605 0.0691266 
0.77843 1.57124 -0.0578469 
0.938962 1.56856 0.0193966 
0.939161 1.57896 0.0172573 
0.743491 1.57082 0.0362271 
0.866109 1.56534 -0.0610522 
0.865579 1.57643 -0.0637761 
0.872247 1.5649 0.0660003 
0.872813 1.57592 0.0633159 
0.740929 1.57057 -0.0273838 
0.936388 1.56953 -0.0192477 
0.784011 1.57275 0.0637296 
0.806418 1.57023 -0.0652404 
0.923255 1.57221 0.0372953 
0.734268 1.57195 0.0148976 
0.895066 1.57081 -0.0516779 
0.841587 1.57039 0.0708339 
0.756969 1.56944 -0.0450994 
0.943558 1.56897 0.000661554 
0.943596 1.57933 -0.00143824 
0.759519 1.56541 0.0537679 
0.759981 1.57772 0.0502547 
0.836995 1.56996 -0.0667036 
0.898982 1.56341 0.0552304 
0.899448 1.57417 0.0527574 
0.733661 1.57427 -0.00839874 
0.920138 1.56396 -0.0349514 
0.919823 1.57454 -0.0372441 
0.810548 1.5678 0.0711128 
0.811176 1.57948 0.0679678 
0.78053 1.56348 -0.0563902 
0.780016 1.57554 -0.0597466 
0.938206 1.56791 0.0208554 
0.938414 1.57832 0.0187095 
0.742424 1.56339 0.0370652 
0.742723 1.57593 0.0334281 
0.868089 1.56693 -0.0609002 
0.867574 1.57801 -0.0636092 
0.870266 1.5663 0.0662802 
0.870845 1.57734 0.0635809 
0.741915 1.56317 -0.0265967 
0.74165 1.57572 -0.0302353 
0.937255 1.56894 -0.0178249 
0.937129 1.57936 -0.0199772 
0.781843 1.56492 0.0652748 
0.782397 1.57694 0.0619223 
0.808843 1.56208 -0.0633546 
0.808262 1.57379 -0.0665051 
0.921849 1.57205 0.03851 
0.733895 1.5646 0.0155352 
0.734016 1.57726 0.011836 
0.896895 1.57144 -0.0509141 
0.839603 1.57288 0.0703709 
0.758184 1.57425 -0.0475161 
0.943592 1.56816 0.00219245 
0.943637 1.57852 9.28473e-05 
0.758281 1.57015 0.0513985 
0.838974 1.57256 -0.0672376 
0.89717 1.56394 0.056059 
0.897647 1.57472 0.0535716 
0.733978 1.56692 -0.00777181 
0.921585 1.56387 -0.0337822 
0.92128 1.57443 -0.036063 
0.808691 1.57127 0.0699159 
0.782124 1.56776 -0.058257 
0.937398 1.56728 0.0223032 
0.937614 1.57769 0.0201503 
0.741679 1.56851 0.0342444 
0.870067 1.56846 -0.0606992 
0.869566 1.57951 -0.0633934 
0.868281 1.56778 0.0665118 
0.868873 1.57884 0.0637978 
0.742659 1.56831 -0.0294276 
0.938071 1.56832 -0.0163896 
0.937953 1.57873 -0.0185349 
0.780237 1.56914 0.0634339 
0.810686 1.5656 -0.0645817 
0.810125 1.5773 -0.0677192 
0.920407 1.57192 0.0397032 
0.733666 1.56991 0.0124657 
0.898705 1.57201 -0.0501157 
0.837018 1.56406 0.072805 
0.837629 1.57545 0.0698532 
0.75984 1.5667 -0.0463876 
0.759437 1.57901 -0.0498945 
0.943565 1.56734 0.00372379 
0.943618 1.57771 0.00162385 
0.756657 1.56259 0.0525245 
0.757083 1.57494 0.0489906 
0.841538 1.56372 -0.064807 
0.840962 1.57507 -0.0677167 
0.895341 1.56453 0.0568531 
0.895829 1.57532 0.0543513 
0.734251 1.57223 -0.0108352 
0.922997 1.56374 -0.0325909 
0.922701 1.57428 -0.03486 
0.80626 1.56307 0.0718451 
0.806854 1.57481 0.0686683 
0.783747 1.57198 -0.0600791 
0.936538 1.56668 0.0237394 
0.936762 1.5771 0.021579 
0.740978 1.57366 0.0313972 
0.872041 1.56991 -0.0604501 
0.866292 1.56933 0.0666945 
0.743446 1.57343 -0.0322315 
0.938834 1.56768 -0.0149424 
0.938724 1.57809 -0.0170813 
0.778661 1.57342 0.0615483 
0.812547 1.56906 -0.0657577 
0.918932 1.57184 0.0408741 
0.733397 1.56256 0.0130906 
0.733478 1.57522 0.00938768 
0.900498 1.57253 -0.0492838 
0.835035 1.56668 0.0722466 
0.835664 1.57809 0.0692808 
0.76111 1.57144 -0.0487365 
0.943479 1.56653 0.00525475 
0.943539 1.57689 0.00315393 
0.755477 1.56739 0.0500872 
0.843517 1.56618 -0.0652456 
0.842958 1.57752 -0.0681411 
0.893494 1.56517 0.0576119 
0.893994 1.57599 0.0550955 
0.734672 1.56487 -0.0101951 
0.734567 1.57752 -0.0138878 
0.924373 1.56356 -0.0313781 
0.924087 1.5741 -0.0336359 
0.804422 1.56665 0.0705602 
0.805036 1.57841 0.0673706 
0.785924 1.56416 -0.058539 
0.785398 1.57615 -0.0618563 
0.935628 1.5661 0.0251631 
0.93586 1.57653 0.0229948 
0.740039 1.56625 0.0321795 
0.740321 1.57882 0.028525 
0.87401 1.57129 -0.0601538 
0.864301 1.57095 0.0668274 
0.744558 1.566 -0.0313882 
0.744277 1.57852 -0.0350072 
0.939544 1.56702 -0.0134841 
0.939441 1.57742 -0.0156171 
0.776574 1.56565 0.063009 
0.777116 1.57774 0.0596187 
0.814426 1.57245 -0.0668824 
0.917424 1.5718 0.042022 
0.733232 1.56788 0.0100067 
0.902696 1.56225 -0.0459853 
0.902271 1.57299 -0.0484194 
0.833063 1.56938 0.0716335 
0.762856 1.56387 -0.0475611 
0.762419 1.57614 -0.051046 
0.943332 1.56572 0.00678447 
0.9434 1.57609 0.00468226 
0.754338 1.57223 0.0476125 
0.845503 1.56857 -0.0656295 
0.891632 1.56588 0.0583343 
0.892143 1.57671 0.0558032 
0.73501 1.57017 -0.0132381 
0.925713 1.56334 -0.0301446 
0.925435 1.57387 -0.0323912 
0.802605 1.5703 0.0692254 
0.787581 1.5683 -0.0602824 
0.934668 1.56555 0.0265738 
0.934908 1.57599 0.0243972 
0.739404 1.57143 0.029288 
0.875973 1.57259 -0.0598111 
0.862309 1.57265 0.0669098 
0.745411 1.57108 -0.0341411 
0.940199 1.56633 -0.0120155 
0.940104 1.57672 -0.0141429 
0.775039 1.57001 0.0610463 
0.816897 1.56415 -0.064863 
0.816322 1.57577 -0.067955 
0.915885 1.57181 0.0431462 
0.733109 1.5732 0.00691698 
0.904437 1.56268 -0.0451031 
0.904023 1.5734 -0.0475234 
0.831102 1.57216 0.0709658 
0.76418 1.56855 -0.0498404 
0.943126 1.56492 0.00831214 
0.943201 1.57529 0.00620801 
0.752828 1.56471 0.0486628 
0.753239 1.57711 0.0451012 
0.847496 1.57087 -0.065959 
0.889755 1.56665 0.0590192 
0.890278 1.5775 0.0564734 
0.735536 1.56281 -0.0125815 
0.735392 1.57545 -0.0162677 
0.927013 1.56309 -0.0288909 
0.926745 1.5736 -0.0311267 
0.80023 1.5622 0.0710617 
0.800809 1.574 0.0678413 
0.789265 1.57238 -0.06198 
0.93366 1.56503 0.0279707 
0.933908 1.57548 0.0257854 
0.738569 1.56403 0.0300389 
0.738813 1.57662 0.0263737 
0.878444 1.56286 -0.0567958 
0.87793 1.57383 -0.0594231 
0.859735 1.56328 0.0697223 
0.860316 1.57443 0.0669411 
0.746625 1.56365 -0.03326 
0.746307 1.57614 -0.0368638 
0.940798 1.56563 -0.0105372 
0.940712 1.57601 -0.0126596 
0.773028 1.56227 0.0624562 
0.773536 1.57441 0.0590402 
0.81879 1.56742 -0.0658966 
0.818234 1.57902 -0.0689752 
0.914316 1.57186 0.0442458 
0.732968 1.56586 0.00752869 
0.733028 1.57853 0.0038228 
0.906157 1.56305 -0.0441902 
0.905753 1.57375 -0.0465967 
0.828542 1.56352 0.0732581 
0.829152 1.575 0.0702437 
0.765541 1.57319 -0.0520795 
0.94286 1.56413 0.00983694 
0.942943 1.57449 0.00773035 
0.751749 1.56961 0.0461234 
0.849494 1.5731 -0.0662342 
0.887865 1.56747 0.0596655 
0.888399 1.57834 0.057105 
0.73594 1.56808 -0.0155996 
0.928274 1.56279 -0.0276177 
0.928015 1.57329 -0.029843 
0.798435 1.56595 0.0696413 
0.799034 1.57777 0.0664084 
0.791512 1.56449 -0.0603546 
0.790974 1.57641 -0.0636314 
0.932605 1.56454 0.0293532 
0.932861 1.575 0.0271588 
0.738001 1.56924 0.027107 
0.88038 1.56404 -0.0563781 
0.879879 1.575 -0.0589906 
0.857728 1.56511 0.0697165 
0.858324 1.57628 0.0669206 
0.747542 1.56869 -0.0359585 
0.941342 1.5649 -0.00905007 
0.941263 1.57528 -0.0111678 
0.771536 1.5667 0.0604176 
0.772066 1.57886 0.0569911 
0.820698 1.57062 -0.0668775 
0.912719 1.57196 0.0453201 
0.732909 1.57118 0.00443182 
0.907854 1.56337 -0.0432474 
0.907461 1.57406 -0.0456402 
0.826586 1.56643 0.0724957 
0.827214 1.57793 0.0694675 
0.767387 1.56557 -0.0508259 
0.766937 1.57779 -0.0542778 
0.942534 1.56334 0.011358 
0.942625 1.57371 0.00924848 
0.750337 1.5621 0.0471284 
0.750713 1.57453 0.0435487 
0.85206 1.56401 -0.0636247 
0.851497 1.57525 -0.0664553 
0.885961 1.56837 0.0602722 
0.886508 1.57925 0.057697 
0.736387 1.57335 -0.0186019 
0.929494 1.56246 -0.0263257 
0.929244 1.57295 -0.0285409 
0.796663 1.56975 0.0681723 
0.793225 1.56849 -0.0619714 
0.931503 1.56408 0.0307204 
0.931768 1.57455 0.0285166 
0.737476 1.57446 0.0241545 
0.882308 1.56516 -0.0559169 
0.88182 1.5761 -0.0585146 
0.855722 1.56702 0.0696583 
0.856333 1.57821 0.0668477 
0.748502 1.5737 -0.0386252 
0.941828 1.56416 -0.00755482 
0.941757 1.57454 -0.00966854 
0.770078 1.57118 0.0583362 
0.823212 1.5622 -0.06476 
0.822622 1.57376 -0.0678053 
0.911093 1.5721 0.0463682 
0.732872 1.56384 0.00503958 
0.732892 1.57651 0.00133306 
0.909527 1.56364 -0.0422756 
0.909145 1.57431 -0.0446549 
0.824643 1.5694 0.0716792 
0.768797 1.57015 -0.0529931 
0.94215 1.56256 0.0128746 
0.942249 1.57294 0.0107616 
0.749321 1.56705 0.0445267 
0.749718 1.57949 0.0409398 
0.854051 1.5661 -0.0638067 
0.853504 1.57732 -0.0666229 
0.884046 1.56932 0.0608383 
0.73704 1.56598 -0.0179122 
0.736877 1.5786 -0.021587 
0.930672 1.5621 -0.0250156 
0.93043 1.57257 -0.027221 
0.794914 1.57362 0.0666552 
0.794964 1.57242 -0.0635411 
0.930358 1.56366 0.0320719 
0.930631 1.57413 0.0298582 
0.73677 1.56709 0.024861 
0.884226 1.56621 -0.0554133 
0.883751 1.57713 -0.0579963 
0.853718 1.569 0.0695472 
0.749838 1.56623 -0.037679 
0.749505 1.57868 -0.0412591 
0.942257 1.5634 -0.00605227 
0.942193 1.57378 -0.00816243 
0.76816 1.5635 0.0596634 
0.768655 1.5757 0.0562125 
0.825131 1.56528 -0.0656479 
0.82456 1.57682 -0.0686796 
0.909442 1.57229 0.0473892 
0.732877 1.56917 0.00194022 
0.911175 1.56385 -0.0412757 
0.910803 1.57451 -0.0436417 
0.822714 1.57245 0.0708091 
0.770725 1.5625 -0.0516912 
0.770241 1.57468 -0.0551188 
0.941814 1.57218 0.0122688 
0.748348 1.57202 0.0418913 
0.856045 1.56812 -0.0639356 
0.855514 1.57932 -0.0667371 
0.882121 1.57034 0.0613627 
0.737553 1.57122 -0.0208828 
