0.785852 1.5708 0.0417185 
0.785919 1.57279 0.0411659 
0.785988 1.57479 0.0406135 
0.78606 1.57679 0.0400611 
0.786133 1.57879 0.0395089 
0.830844 1.56311 -0.0458168 
0.830424 1.57459 -0.0487965 
0.885456 1.56693 0.0386576 
0.885805 1.57784 0.0360926 
0.760007 1.57035 -0.00322051 
0.897477 1.56306 -0.0239115 
0.897251 1.57386 -0.0263762 
0.81443 1.56433 0.0526447 
0.814871 1.57598 0.0495376 
0.799308 1.56753 -0.042017 
0.798956 1.57937 -0.0452306 
0.906597 1.56695 0.0207795 
0.906793 1.57765 0.0183854 
0.763332 1.56233 0.0217108 
0.763487 1.57461 0.0182311 
0.871057 1.56591 -0.0393732 
0.870718 1.57697 -0.042047 
0.847321 1.56718 0.0517243 
0.847781 1.57848 0.0488632 
0.774578 1.57015 -0.0291041 
0.913016 1.56499 0.000423673 
0.913019 1.57563 -0.00191696 
0.779961 1.57089 0.0380806 
0.838733 1.57203 -0.0478637 
0.878606 1.56792 0.0420274 
0.878991 1.57889 0.0394085 
0.761312 1.56465 -0.00725316 
0.761234 1.57696 -0.0107465 
0.902265 1.57218 -0.0214222 
0.806701 1.56504 0.0510133 
0.807134 1.57679 0.0478496 
0.806641 1.56941 -0.0446171 
0.902454 1.56449 0.0261912 
0.902677 1.57523 0.0237627 
0.761294 1.56872 0.0144309 
0.878318 1.5682 -0.0368527 
0.878019 1.57919 -0.0394702 
0.838933 1.56319 0.0536995 
0.839375 1.57458 0.0507742 
0.779993 1.56289 -0.0312112 
0.779691 1.57496 -0.0345665 
0.913049 1.57189 0.0041689 
0.774544 1.5635 0.036066 
0.774834 1.57564 0.0326677 
0.847088 1.56822 -0.0460291 
0.871348 1.57004 0.0446698 
0.763354 1.57108 -0.0145653 
0.906443 1.5698 -0.0160803 
0.799337 1.56673 0.048545 
0.799763 1.57856 0.0453277 
0.814336 1.57031 -0.046386 
0.89747 1.5627 0.03123 
0.897722 1.57349 0.0287605 
0.760001 1.56299 0.0104188 
0.760063 1.57532 0.00691514 
0.885179 1.56934 -0.0335989 
0.831015 1.57191 0.0517861 
0.785767 1.56713 -0.0360559 
0.785461 1.57913 -0.0393689 
0.911959 1.56822 0.0102167 
0.912073 1.57888 0.00786706 
0.770139 1.56876 0.0300809 
0.855405 1.56317 -0.0433152 
0.855009 1.57438 -0.0461092 
0.863388 1.56227 0.0492361 
0.863787 1.5734 0.0464967 
0.766367 1.56498 -0.018088 
0.766197 1.57723 -0.0215438 
0.909682 1.56686 -0.0104302 
0.909604 1.57754 -0.0127975 
0.792418 1.56932 0.0452742 
0.822315 1.57015 -0.0472911 
0.892035 1.57255 0.0332967 
0.759589 1.56969 0.00278666 
0.891534 1.56945 -0.029701 
0.822783 1.57045 0.0518955 
0.792133 1.57066 -0.0401916 
0.909782 1.5648 0.0161422 
0.909921 1.57548 0.013774 
0.766291 1.56225 0.0270223 
0.766492 1.57449 0.0235641 
0.863181 1.56802 -0.0424946 
0.862832 1.57916 -0.0452298 
0.85558 1.56688 0.0502278 
0.856025 1.57809 0.0474296 
0.769999 1.57079 -0.0246581 
0.911899 1.56349 -0.0045521 
0.911846 1.57415 -0.00690143 
0.786021 1.57271 0.0412391 
0.830502 1.56886 -0.0473068 
0.885726 1.57252 0.0372857 
0.760021 1.56406 -0.00134804 
0.759989 1.57639 -0.0048511 
0.897272 1.56862 -0.0252461 
0.897078 1.57942 -0.0277134 
0.814759 1.57013 0.0511151 
0.799016 1.57339 -0.0435723 
0.906745 1.57248 0.0194674 
0.763436 1.56835 0.0200847 
0.870763 1.57154 -0.0407766 
0.847667 1.57288 0.0502627 
0.774646 1.56398 -0.0273137 
0.774387 1.57612 -0.0307084 
0.913001 1.5705 -0.000868328 
0.779885 1.56477 0.0398436 
0.780219 1.57683 0.0364842 
0.838816 1.56635 -0.0464191 
0.838419 1.57775 -0.0493395 
0.878549 1.56255 0.0432589 
0.878901 1.57353 0.040638 
0.761239 1.57068 -0.00888124 
0.902284 1.56697 -0.0203183 
0.90212 1.57772 -0.0227451 
0.807021 1.57087 0.0494683 
0.806735 1.56349 -0.0429991 
0.80634 1.57524 -0.0461577 
0.902629 1.57003 0.0248664 
0.761273 1.56244 0.0162964 
0.761382 1.57475 0.0128018 
0.878381 1.56283 -0.035623 
0.87805 1.57381 -0.0382389 
0.83927 1.56891 0.0522194 
0.779751 1.56883 -0.0328044 
0.913036 1.56676 0.00521758 
0.913095 1.57741 0.00287683 
0.774751 1.56947 0.0344588 
0.847179 1.56261 -0.04463 
0.846766 1.57392 -0.0474866 
0.871278 1.56462 0.0459405 
0.871669 1.57566 0.043263 
0.76339 1.56482 -0.0127122 
0.763265 1.57711 -0.01619 
0.906461 1.56463 -0.0149981 
0.906325 1.57534 -0.017391 
0.799647 1.57259 0.0469856 
0.814429 1.56445 -0.0448093 
0.814027 1.57611 -0.0479112 
0.897672 1.56826 0.0298904 
0.897957 1.57905 0.0274239 
0.760035 1.56903 0.00878774 
0.885231 1.56402 -0.0324057 
0.884937 1.57494 -0.0349679 
0.830916 1.56619 0.0532764 
0.831379 1.57766 0.0502917 
0.785514 1.57305 -0.0376383 
0.911951 1.56309 0.0112713 
0.912034 1.57374 0.00892102 
0.770086 1.56255 0.0318972 
0.770332 1.57474 0.0284665 
0.855075 1.56884 -0.0447536 
0.8637 1.56792 0.0478085 
0.864133 1.57904 0.0450731 
0.766224 1.57099 -0.019707 
0.909593 1.57239 -0.0117314 
0.792335 1.56329 0.0469703 
0.792718 1.57521 0.0437015 
0.822409 1.56435 -0.0457573 
0.821999 1.57593 -0.0488001 
0.89198 1.56728 0.0344567 
0.892296 1.57812 0.031944 
0.759592 1.5634 0.00466166 
0.759607 1.57573 0.0011552 
0.891576 1.56417 -0.0285412 
0.891318 1.57502 -0.0310531 
0.822688 1.56466 0.0534301 
0.823139 1.57622 0.050384 
0.792217 1.56462 -0.0384962 
0.791869 1.57655 -0.0417618 
0.909886 1.57033 0.0148395 
0.766431 1.56826 0.0254009 
0.86326 1.56253 -0.0411833 
0.862877 1.57367 -0.0439168 
0.855918 1.57255 0.0487839 
0.770057 1.56458 -0.0228424 
0.769842 1.57678 -0.0262709 
0.911838 1.56902 -0.00584689 
0.785932 1.56664 0.0429697 
0.78631 1.57863 0.0396545 
0.830597 1.56312 -0.0458173 
0.830178 1.5746 -0.0487988 
0.885662 1.56721 0.0384791 
0.886012 1.57811 0.0359159 
0.759983 1.5701 -0.00297852 
0.897309 1.56338 -0.0241163 
0.897083 1.57418 -0.0265824 
0.814665 1.56428 0.0526926 
0.815106 1.57593 0.0495873 
0.799096 1.56741 -0.0419139 
0.798743 1.57926 -0.0451291 
0.906712 1.56731 0.0205497 
0.906909 1.57801 0.0181566 
0.763405 1.56209 0.0219382 
0.76356 1.57437 0.018459 
0.870824 1.56611 -0.0395064 
0.870486 1.57717 -0.0421821 
0.847571 1.56728 0.0516625 
0.848031 1.57857 0.0488033 
0.774436 1.56995 -0.0289172 
0.912998 1.56537 0.000180333 
0.913002 1.57602 -0.00216044 
0.780124 1.57071 0.0382463 
0.838484 1.57208 -0.0478934 
0.878827 1.56816 0.041868 
0.879213 1.57913 0.0392509 
0.761264 1.5644 -0.00701595 
0.761185 1.57671 -0.0105096 
0.902122 1.57252 -0.0216403 
0.806926 1.56496 0.0510871 
0.807359 1.5767 0.047925 
0.806417 1.56932 -0.0445386 
0.902596 1.56483 0.0259704 
0.90282 1.57557 0.0235431 
0.761343 1.56848 0.0146671 
0.878096 1.56844 -0.0370077 
0.877798 1.57942 -0.0396271 
0.839183 1.56325 0.0536647 
0.839625 1.57463 0.0507413 
0.77983 1.5627 -0.0310422 
0.779529 1.57478 -0.0343987 
0.913066 1.57228 0.00392525 
0.774686 1.56331 0.0362499 
0.774977 1.57544 0.0328527 
0.846839 1.56831 -0.0460859 
0.871581 1.57025 0.0445321 
0.763282 1.57085 -0.0143365 
0.906327 1.57016 -0.0163081 
0.79955 1.56662 0.0486436 
0.799977 1.57845 0.0454278 
0.814102 1.57025 -0.0463331 
0.897636 1.56302 0.0310205 
0.89789 1.57381 0.0285524 
0.760026 1.56275 0.0106603 
0.760088 1.57507 0.00715681 
0.884972 1.56961 -0.0337733 
0.831263 1.57193 0.0517805 
0.785586 1.56696 -0.0359076 
0.78528 1.57897 -0.0392219 
0.91201 1.56861 0.00997521 
0.912125 1.57926 0.00762599 
0.77026 1.56854 0.0302822 
0.855159 1.56329 -0.0433982 
0.854763 1.57451 -0.0461941 
0.863629 1.56245 0.0491206 
0.864029 1.57357 0.0463831 
0.766271 1.56475 -0.0178702 
0.7661 1.577 -0.0213266 
0.909597 1.56723 -0.0106654 
0.90952 1.57792 -0.0130333 
0.792617 1.56918 0.0453965 
0.822074 1.57013 -0.0472649 
0.892224 1.57285 0.0331025 
0.75959 1.56944 0.0030302 
0.891344 1.56974 -0.0298921 
0.823026 1.57043 0.0519172 
0.791935 1.57052 -0.0400654 
0.909866 1.56518 0.0159051 
0.910006 1.57585 0.0135376 
0.76659 1.57427 0.0237802 
0.86294 1.56818 -0.042604 
0.862591 1.57932 -0.0453412 
0.855827 1.56702 0.0501387 
0.856272 1.57822 0.0473423 
0.76988 1.57057 -0.0244546 
0.911846 1.56388 -0.00479243 
0.911794 1.57454 -0.00714219 
0.786203 1.57255 0.041384 
0.830255 1.56887 -0.0473078 
0.885932 1.57279 0.0371079 
0.759997 1.56382 -0.00110592 
0.759965 1.57614 -0.00460916 
0.897104 1.56894 -0.0254516 
0.814994 1.57008 0.0511634 
0.798804 1.57327 -0.0434696 
0.906694 1.56214 0.0216321 
0.90686 1.57284 0.0192379 
0.76351 1.56811 0.0203121 
0.87053 1.57174 -0.0409104 
0.847918 1.57297 0.0502014 
0.774504 1.56378 -0.0271261 
0.774245 1.57592 -0.0305218 
0.912983 1.57089 -0.00111175 
0.780048 1.56459 0.0400083 
0.780383 1.57665 0.0366501 
0.838567 1.5664 -0.0464475 
0.83817 1.5778 -0.0493698 
0.87877 1.56279 0.0430983 
0.879123 1.57377 0.0404792 
0.761191 1.57044 -0.00864411 
0.90214 1.56731 -0.0205357 
0.901977 1.57807 -0.0229637 
0.807246 1.57079 0.0495425 
0.806511 1.56339 -0.0429194 
0.806116 1.57515 -0.0460797 
0.902771 1.57038 0.024646 
0.761323 1.5622 0.0165323 
0.761431 1.57451 0.0130381 
0.878159 1.56306 -0.0357769 
0.877828 1.57405 -0.0383946 
0.83952 1.56897 0.0521851 
0.779589 1.56865 -0.0326357 
0.913052 1.56715 0.0049738 
0.913112 1.5778 0.00263322 
0.774893 1.56927 0.034643 
0.84693 1.5627 -0.0446855 
0.846517 1.57401 -0.047544 
0.87151 1.56483 0.0458014 
0.871902 1.57587 0.0431259 
0.763318 1.56459 -0.012483 
0.763193 1.57687 -0.0159614 
0.906344 1.56499 -0.0152252 
0.906209 1.5757 -0.0176191 
0.799861 1.57248 0.0470846 
0.814195 1.56439 -0.0447552 
0.813794 1.57606 -0.0478588 
0.897838 1.56858 0.0296814 
0.898124 1.57937 0.0272163 
0.76006 1.56878 0.00902926 
0.885023 1.56428 -0.032579 
0.88473 1.5752 -0.0351429 
0.831164 1.56621 0.0532696 
0.831627 1.57767 0.0502867 
0.785333 1.57288 -0.0374903 
0.912001 1.56347 0.0110295 
0.912085 1.57413 0.00867965 
0.770207 1.56234 0.0320978 
0.770453 1.57453 0.028668 
0.854829 1.56896 -0.0448372 
0.863941 1.56809 0.0476936 
0.864375 1.57921 0.0449601 
0.766128 1.57076 -0.0194893 
0.909616 1.56208 -0.00959949 
0.909507 1.57276 -0.0119669 
0.792534 1.56316 0.0470915 
0.792917 1.57507 0.0438241 
0.822167 1.56433 -0.0457298 
0.821758 1.57591 -0.0487743 
0.892168 1.56758 0.0342614 
0.892485 1.57842 0.0317504 
0.759593 1.56315 0.00490518 
0.759608 1.57548 0.00139873 
0.891387 1.56446 -0.0287314 
0.891129 1.57532 -0.0312449 
0.822931 1.56465 0.0534505 
0.823382 1.5762 0.0504062 
0.79202 1.56448 -0.038369 
0.791672 1.57641 -0.041636 
0.90997 1.5707 0.0146026 
0.766528 1.56804 0.0256165 
0.863019 1.5627 -0.0412915 
0.862636 1.57384 -0.0440269 
0.856165 1.57269 0.0486953 
0.769938 1.56436 -0.0226382 
0.769723 1.57656 -0.0260676 
0.911785 1.5694 -0.00608742 
0.786115 1.56648 0.0431135 
0.786492 1.57847 0.0397997 
0.830351 1.56313 -0.0458169 
0.829931 1.57462 -0.0488003 
0.885868 1.56748 0.0383002 
0.886219 1.57838 0.0357387 
0.75996 1.56985 -0.00273644 
0.89714 1.5637 -0.0243209 
0.896915 1.5745 -0.0267884 
0.814901 1.56423 0.0527397 
0.815342 1.57588 0.049636 
0.798884 1.56729 -0.0418101 
0.798531 1.57914 -0.0450268 
0.906826 1.56767 0.0203195 
0.907024 1.57838 0.0179274 
0.763634 1.57413 0.0186866 
0.870591 1.56631 -0.039639 
0.870253 1.57737 -0.0423165 
0.847821 1.56737 0.0515999 
0.848281 1.57866 0.0487426 
0.774295 1.56975 -0.0287299 
0.912979 1.56576 -6.30282e-05 
0.912984 1.57641 -0.00240394 
0.780288 1.57053 0.0384112 
0.838235 1.57213 -0.0479224 
0.879048 1.5684 0.041708 
0.879435 1.57937 0.0390927 
0.761216 1.56416 -0.00677854 
0.761137 1.57647 -0.0102726 
0.902173 1.56211 -0.0194313 
0.901978 1.57286 -0.0218582 
0.807152 1.56488 0.05116 
0.807585 1.57662 0.0479996 
0.806193 1.56923 -0.0444593 
0.902737 1.56518 0.0257492 
0.902962 1.57592 0.0233232 
0.761392 1.56823 0.0149031 
0.877875 1.56867 -0.0371623 
0.839433 1.56331 0.0536291 
0.839875 1.57469 0.0507076 
0.779669 1.56252 -0.0308726 
0.779367 1.57459 -0.0342303 
0.913082 1.57267 0.00368151 
0.774829 1.56311 0.0364332 
0.77512 1.57524 0.0330371 
0.84659 1.5684 -0.046142 
0.871814 1.57045 0.0443937 
0.76321 1.57061 -0.0141074 
0.90621 1.57052 -0.0165356 
0.799764 1.56651 0.0487414 
0.80019 1.57834 0.0455272 
0.813868 1.57019 -0.0462796 
0.897802 1.56335 0.0308106 
0.898056 1.57414 0.0283439 
0.760052 1.5625 0.0109017 
0.760113 1.57482 0.00739836 
0.884765 1.56988 -0.0339473 
0.83151 1.57195 0.0517742 
0.785406 1.5668 -0.0357586 
0.7851 1.57881 -0.0390743 
0.91206 1.56899 0.00973353 
0.770381 1.56833 0.030483 
0.854912 1.56342 -0.0434804 
0.854516 1.57464 -0.0462783 
0.86387 1.56262 0.0490044 
0.86427 1.57374 0.0462688 
0.766175 1.56453 -0.0176519 
0.766005 1.57677 -0.0211091 
0.90951 1.56761 -0.0109004 
0.909434 1.57829 -0.0132691 
0.792816 1.56905 0.0455181 
0.821833 1.5701 -0.0472378 
0.892127 1.5623 0.0354206 
0.892412 1.57315 0.0329078 
0.759591 1.56919 0.00327371 
0.891155 1.57003 -0.0300829 
0.823269 1.57042 0.051938 
0.791738 1.57037 -0.0399386 
0.909948 1.56555 0.0156678 
0.910089 1.57623 0.013301 
0.766688 1.57404 0.0239958 
0.862698 1.56835 -0.0427128 
0.86235 1.57949 -0.0454518 
0.856074 1.56715 0.0500487 
0.85652 1.57835 0.0472543 
0.769761 1.57035 -0.0242506 
0.911791 1.56426 -0.00503271 
0.911741 1.57492 -0.00738292 
0.786386 1.57239 0.0415281 
0.830009 1.56888 -0.047308 
0.88582 1.56216 0.0394928 
0.886138 1.57307 0.0369295 
0.759974 1.56357 -0.000863702 
0.759942 1.57589 -0.00436712 
0.896935 1.56926 -0.0256567 
0.81523 1.57003 0.0512109 
0.798592 1.57316 -0.0433662 
0.906807 1.5625 0.0214013 
0.906974 1.5732 0.0190081 
0.763584 1.56788 0.0205393 
0.870297 1.57194 -0.0410436 
0.848168 1.57307 0.0501393 
0.774364 1.56358 -0.0269379 
0.774105 1.57572 -0.0303347 
0.912964 1.57128 -0.0013552 
