0.722468 1.5708 0.0934451 
0.722611 1.57292 0.0928136 
0.722756 1.57504 0.0921822 
0.722903 1.57717 0.091551 
0.723053 1.57929 0.0909199 
0.811579 1.56273 -0.111353 
0.810606 1.57436 -0.114516 
0.969471 1.56969 0.0670102 
0.675267 1.56987 0.0249947 
0.919214 1.56524 -0.0901836 
0.918433 1.57579 -0.0925365 
0.867387 1.57185 0.112334 
0.690693 1.56264 -0.0564206 
0.690149 1.57588 -0.0604376 
1.00329 1.56421 -0.0315722 
1.00301 1.57404 -0.033196 
0.760448 1.56208 0.111869 
0.76137 1.57432 0.108344 
0.766573 1.56997 -0.10631 
1.00089 1.57128 0.0388605 
0.687417 1.56905 0.0599968 
0.872686 1.56843 -0.106983 
0.871798 1.57942 -0.109706 
0.913497 1.56252 0.099098 
0.914331 1.5731 0.0966822 
0.676314 1.57485 -0.0260723 
0.973341 1.56705 -0.0600046 
0.972828 1.57713 -0.0618957 
0.80521 1.56869 0.117781 
0.727596 1.56559 -0.0899505 
0.7268 1.57829 -0.0936963 
1.01536 1.56562 0.0089401 
1.01546 1.57536 0.0074204 
0.712262 1.56953 0.0871667 
0.825486 1.56852 -0.113194 
0.957019 1.56415 0.0760462 
0.957686 1.57435 0.074001 
0.673905 1.57425 0.011961 
0.93303 1.56454 -0.0835502 
0.932298 1.57496 -0.0857872 
0.852451 1.57055 0.11544 
0.697422 1.56699 -0.0668575 
1.00932 1.56255 -0.0219422 
1.00912 1.57233 -0.0235119 
0.747711 1.56249 0.107688 
0.748605 1.5749 0.104076 
0.780026 1.56923 -0.1092 
0.992655 1.57125 0.0478915 
0.682461 1.57344 0.0484948 
0.887655 1.56402 -0.101861 
0.886771 1.57486 -0.104467 
0.899293 1.56422 0.104485 
0.900181 1.57493 0.101955 
0.679541 1.5659 -0.0345497 
0.679219 1.57931 -0.0386532 
0.983956 1.56981 -0.0522082 
0.79077 1.56511 0.117285 
0.791756 1.57697 0.113968 
0.738863 1.56791 -0.0961616 
1.01289 1.56244 0.0192302 
1.01306 1.57219 0.0176862 
0.703404 1.57309 0.0785651 
0.839778 1.57198 -0.113342 
0.944558 1.57031 0.0823406 
0.673512 1.56509 0.00293005 
0.673522 1.5786 -0.00122264 
0.946506 1.56209 -0.0760516 
0.945818 1.57239 -0.0781717 
0.837763 1.57174 0.116846 
0.705327 1.57105 -0.0763416 
1.01334 1.56969 -0.0134634 
1.01326 1.57944 -0.0150003 
0.735699 1.56381 0.102477 
0.736565 1.57638 0.0987817 
0.79397 1.56722 -0.110944 
0.793035 1.57907 -0.114229 
0.982549 1.56264 0.0581526 
0.983057 1.57263 0.056332 
0.678321 1.56448 0.0404537 
0.678667 1.57791 0.0363391 
0.901746 1.56805 -0.0978795 
0.900925 1.57875 -0.100376 
0.885055 1.56826 0.108467 
0.886003 1.5791 0.105828 
0.683616 1.57043 -0.046633 
0.99344 1.57106 -0.0437515 
0.776793 1.56299 0.115538 
0.777749 1.57502 0.112126 
0.750936 1.5694 -0.101353 
1.00865 1.56966 0.0277132 
1.00894 1.57944 0.0261338 
0.695091 1.56391 0.0729311 
0.695717 1.57707 0.0689445 
0.854384 1.57298 -0.111765 
0.93092 1.5678 0.0899701 
0.931725 1.57822 0.0877035 
0.674174 1.56945 -0.0102464 
0.958815 1.56829 -0.0698611 
0.958226 1.57849 -0.0718802 
0.82242 1.5639 0.119624 
0.823413 1.57539 0.116524 
0.714364 1.57466 -0.0848017 
1.01553 1.56647 -0.00318399 
1.01552 1.5762 -0.00470116 
0.724539 1.56596 0.0962259 
0.725374 1.57868 0.0924519 
0.808365 1.56371 -0.111426 
0.807399 1.57539 -0.11461 
0.971758 1.56542 0.0660378 
0.972351 1.5755 0.0641235 
0.6757 1.56889 0.0278212 
0.915799 1.56976 -0.0925411 
0.86995 1.56388 0.11359 
0.8709 1.57487 0.110833 
0.688845 1.5749 -0.0580378 
1.00154 1.57088 -0.0346959 
0.763326 1.56212 0.11265 
0.764254 1.57432 0.109145 
0.763695 1.56997 -0.105529 
1.00237 1.56809 0.0373714 
1.00274 1.57792 0.0357341 
0.688663 1.56809 0.0624213 
0.869214 1.57148 -0.108506 
0.916948 1.56705 0.0967038 
0.917799 1.5776 0.0943198 
0.675818 1.57386 -0.0232542 
0.971083 1.56278 -0.0609685 
0.970531 1.57288 -0.0628757 
0.808436 1.56969 0.117713 
0.725245 1.56497 -0.0884463 
0.724456 1.5777 -0.0922089 
1.0156 1.56303 0.00718843 
1.01567 1.57276 0.00567081 
0.714353 1.56881 0.0889161 
0.822189 1.56996 -0.113606 
0.9601 1.56971 0.073225 
0.674118 1.57328 0.014842 
0.929691 1.56942 -0.0860742 
0.855924 1.57305 0.114276 
0.695845 1.56605 -0.0646429 
0.695261 1.57921 -0.0686203 
1.008 1.56943 -0.0251284 
1.00782 1.57923 -0.0267131 
0.750446 1.56231 0.108697 
0.751346 1.57468 0.105104 
0.777033 1.56948 -0.108658 
0.994441 1.56774 0.0465468 
0.994883 1.57763 0.0448376 
0.683446 1.57246 0.0510826 
0.884169 1.56756 -0.10368 
0.8833 1.57843 -0.106314 
0.90279 1.56833 0.102318 
0.903694 1.579 0.0998194 
0.678797 1.56489 -0.0318202 
0.67849 1.57832 -0.0359298 
0.98188 1.56591 -0.0533552 
0.981418 1.57591 -0.05517 
0.793897 1.56575 0.117509 
0.79489 1.57757 0.114213 
0.736319 1.56745 -0.0948837 
1.01371 1.5695 0.0159774 
1.01389 1.57925 0.0144435 
0.705248 1.57225 0.0805447 
0.837378 1.56256 -0.111129 
0.836408 1.57391 -0.114109 
0.947089 1.56528 0.081767 
0.94781 1.57557 0.0796365 
0.673496 1.56412 0.00583025 
0.673524 1.57763 0.00167737 
0.943276 1.56728 -0.0786979 
0.942605 1.57761 -0.0808501 
0.840201 1.56244 0.119012 
0.841178 1.57373 0.116037 
0.703495 1.57018 -0.0743436 
1.01263 1.56699 -0.015163 
1.01251 1.57674 -0.0167055 
0.738264 1.56344 0.103712 
0.739136 1.57597 0.100035 
0.790873 1.56777 -0.110662 
0.985092 1.56878 0.0551511 
0.985616 1.57875 0.0533589 
0.679041 1.5635 0.0431661 
0.679402 1.57691 0.0390571 
0.898282 1.57207 -0.0999783 
0.888575 1.5719 0.106579 
0.682626 1.56943 -0.0440318 
0.991605 1.56751 -0.0450677 
0.991227 1.57744 -0.0467976 
0.779816 1.56333 0.116026 
0.780778 1.57532 0.112634 
0.748226 1.56914 -0.100297 
1.0097 1.56679 0.0260814 
1.00996 1.57657 0.0245098 
0.696663 1.56302 0.075117 
0.697299 1.57615 0.0711421 
0.851904 1.56422 -0.110011 
0.850957 1.57542 -0.112887 
0.933524 1.56236 0.0896329 
0.934285 1.57276 0.0873838 
0.673946 1.56848 -0.00736126 
0.956381 1.56357 -0.0705933 
0.955751 1.57378 -0.0726295 
0.82575 1.56543 0.119147 
0.826752 1.57688 0.116071 
0.712289 1.5739 -0.0830323 
1.01524 1.56387 -0.0049302 
1.0152 1.5736 -0.00644943 
0.726906 1.56541 0.0976907 
0.727749 1.5781 0.0939334 
0.805171 1.56461 -0.111431 
0.804213 1.57632 -0.114638 
0.974578 1.57129 0.0631208 
0.676184 1.56792 0.030631 
0.913191 1.56361 -0.0924679 
0.912379 1.57421 -0.0948691 
0.873457 1.56703 0.111998 
0.874421 1.57798 0.109269 
0.687597 1.57392 -0.0555983 
1 1.56766 -0.0361624 
0.999703 1.57751 -0.0378176 
0.766231 1.5622 0.11338 
0.767165 1.57436 0.109895 
0.760845 1.56992 -0.104697 
1.00379 1.56497 0.03585 
1.00412 1.57479 0.0342234 
0.689968 1.56714 0.0648057 
0.866681 1.56339 -0.107199 
0.86575 1.57444 -0.109965 
0.920393 1.57165 0.0942807 
0.675372 1.57287 -0.0204201 
0.968214 1.56853 -0.0638083 
0.967678 1.57865 -0.0657457 
0.811683 1.57077 0.117579 
0.722941 1.56431 -0.0868918 
0.722158 1.57708 -0.090671 
1.0158 1.57018 0.00391676 
0.716497 1.56812 0.0906142 
0.818911 1.5713 -0.113947 
0.962504 1.56515 0.0723984 
0.963148 1.5753 0.0704021 
0.674379 1.57231 0.0177141 
0.9271 1.56377 -0.0862937 
0.92634 1.57424 -0.0885799 
0.858439 1.56456 0.115885 
0.859411 1.57566 0.113043 
0.694326 1.56509 -0.0623834 
0.693752 1.57827 -0.0663724 
1.00682 1.56649 -0.0267192 
1.0066 1.57629 -0.028313 
0.753214 1.56217 0.109656 
0.754121 1.5745 0.106082 
0.774063 1.56968 -0.108061 
0.996176 1.56431 0.0451639 
0.996584 1.57419 0.0434676 
0.684487 1.57148 0.0536373 
0.880688 1.571 -0.105444 
0.906287 1.57252 0.10011 
0.678104 1.56389 -0.0290673 
0.677813 1.57732 -0.0331825 
0.979273 1.57194 -0.056288 
0.797046 1.56646 0.11767 
0.798047 1.57825 0.114396 
0.733816 1.56696 -0.0935567 
1.01427 1.56684 0.0142548 
1.01442 1.57658 0.0127251 
0.707147 1.57144 0.0824744 
0.834015 1.56435 -0.111798 
0.833055 1.57573 -0.114803 
0.950301 1.57062 0.0790235 
0.673525 1.56316 0.00872893 
0.673571 1.57666 0.00457626 
0.940026 1.57242 -0.0813349 
0.843621 1.56457 0.118105 
0.844609 1.57583 0.115155 
0.701718 1.56929 -0.0722968 
1.01184 1.56424 -0.0168455 
1.01169 1.57401 -0.0183941 
0.740869 1.5631 0.104897 
0.741747 1.5756 0.101238 
0.787798 1.56825 -0.110321 
0.987089 1.56501 0.0539277 
0.987577 1.57497 0.05215 
0.679814 1.56252 0.0458523 
0.680191 1.57592 0.0417495 
0.895673 1.56524 -0.0994896 
0.894818 1.576 -0.102033 
0.891187 1.56484 0.107232 
0.892099 1.57562 0.104638 
0.68169 1.56842 -0.0413994 
0.989725 1.56388 -0.0463437 
0.989311 1.57382 -0.0480874 
0.782862 1.56373 0.116458 
0.783832 1.57569 0.113086 
0.745551 1.56883 -0.0991934 
1.01068 1.56397 0.0244268 
1.0109 1.57374 0.0228628 
0.698293 1.56214 0.077256 
0.69894 1.57525 0.0732934 
0.84848 1.56652 -0.111035 
0.847544 1.57775 -0.113937 
0.936859 1.5674 0.0869989 
0.937637 1.57777 0.0847824 
0.673765 1.56751 -0.00446977 
0.953271 1.56899 -0.0733263 
0.952657 1.57924 -0.075394 
0.8291 1.56706 0.118597 
0.830112 1.57848 0.115545 
0.710266 1.57312 -0.0812122 
1.01481 1.57099 -0.00819049 
0.729319 1.5649 0.0991046 
0.730168 1.57755 0.0953643 
0.801999 1.56543 -0.111372 
0.801047 1.57718 -0.1146 
0.976781 1.56717 0.0620722 
0.977353 1.57721 0.0602042 
0.676718 1.56694 0.0334224 
0.90975 1.56796 -0.0947327 
0.908954 1.57859 -0.0971649 
0.876972 1.57028 0.110343 
0.686407 1.57293 -0.0531206 
0.998406 1.56436 -0.0375941 
0.998074 1.57423 -0.0392613 
0.769164 1.56234 0.114058 
0.770104 1.57446 0.110593 
0.758023 1.56982 -0.103816 
1.00544 1.57172 0.0326818 
0.691331 1.5662 0.0671487 
0.691928 1.57941 0.0631338 
0.863214 1.56621 -0.108565 
0.862295 1.57728 -0.111358 
0.923008 1.56584 0.0941661 
0.923831 1.57633 0.0918315 
0.674974 1.57189 -0.0175718 
0.96588 1.5641 -0.0646931 
0.965305 1.57424 -0.066647 
0.814951 1.57193 0.117375 
0.720683 1.56363 -0.085287 
0.719907 1.57642 -0.0890825 
1.01584 1.56759 0.00216048 
1.01588 1.57733 0.000645772 
0.718692 1.56745 0.0922609 
0.815652 1.57254 -0.114218 
0.965501 1.57082 0.0695426 
0.674688 1.57133 0.0205756 
0.923722 1.5685 -0.088747 
0.922978 1.579 -0.0910648 
0.861924 1.56731 0.114555 
0.862909 1.57838 0.11174 
0.692863 1.56412 -0.06008 
0.6923 1.57732 -0.0640802 
1.00556 1.56348 -0.0282823 
1.00531 1.57329 -0.0298856 
0.756015 1.56208 0.110566 
0.756927 1.57437 0.107011 
0.771118 1.56981 -0.107411 
0.998232 1.57083 0.0420604 
0.685586 1.5705 0.0561573 
0.878121 1.56342 -0.104472 
0.877212 1.57435 -0.107151 
0.90891 1.56618 0.100315 
0.909781 1.57679 0.097864 
0.677463 1.56289 -0.0262928 
0.677188 1.57633 -0.0304132 
0.977098 1.56788 -0.0573614 
0.976614 1.57793 -0.05922 
0.800217 1.56725 0.117769 
0.801225 1.579 0.114517 
0.731354 1.56643 -0.0921801 
0.730548 1.57908 -0.0958992 
1.01475 1.5642 0.0125205 
1.01487 1.57394 0.0109946 
0.709102 1.57065 0.0843538 
0.830671 1.56604 -0.112395 
0.829719 1.57746 -0.115424 
0.952792 1.56577 0.0783553 
0.953489 1.57601 0.0762747 
0.673602 1.56219 0.0116244 
0.673665 1.5757 0.00747232 
0.937455 1.56713 -0.081759 
0.936758 1.57751 -0.0839606 
0.847057 1.56681 0.117125 
0.848057 1.57803 0.114201 
0.699997 1.56838 -0.0702018 
1.01079 1.57123 -0.020064 
0.743512 1.56281 0.106033 
0.744396 1.57527 0.102391 
0.784746 1.56866 -0.109922 
0.989498 1.57127 0.0508994 
0.681034 1.57493 0.0444147 
0.892195 1.56905 -0.101468 
0.894698 1.56869 0.105211 
0.895626 1.57944 0.102648 
0.680809 1.56741 -0.0387377 
0.987352 1.57012 -0.049336 
0.785932 1.5642 0.116832 
0.786908 1.57612 0.113482 
0.74291 1.56848 -0.0980407 
1.01177 1.57095 0.0211947 
0.700638 1.57437 0.0753973 
0.845069 1.56872 -0.111988 
0.939442 1.56215 0.0865507 
0.940177 1.57251 0.0843517 
0.67363 1.56654 -0.00157365 
0.950789 1.5641 -0.0739696 
0.950133 1.57437 -0.0760546 
0.832469 1.56879 0.117975 
0.708296 1.5723 -0.0793416 
1.01432 1.56835 -0.00992212 
1.01427 1.5781 -0.01145 
0.731777 1.56442 0.100468 
0.732633 1.57704 0.0967448 
0.798847 1.56617 -0.111248 
0.797902 1.57796 -0.114498 
0.978956 1.56313 0.0609785 
0.979491 1.57315 0.0591262 
0.677303 1.56595 0.0361938 
0.677624 1.57939 0.032071 
0.906305 1.57222 -0.0969631 
0.879569 1.56274 0.111313 
0.880494 1.57363 0.108628 
0.685274 1.57193 -0.0506062 
0.996388 1.57087 -0.0406688 
0.772123 1.56253 0.114684 
0.77307 1.57462 0.111239 
0.755231 1.56967 -0.102886 
1.0067 1.56871 0.0311109 
1.00701 1.57851 0.0295132 
0.692754 1.56527 0.0694491 
0.693362 1.57846 0.0654449 
0.859757 1.56891 -0.109864 
0.92642 1.57061 0.091661 
0.674625 1.57091 -0.0147109 
0.962917 1.56974 -0.0674994 
0.818239 1.57319 0.117103 
0.718473 1.56291 -0.0836317 
0.717704 1.57574 -0.0874432 
1.01579 1.56501 0.000404189 
1.01581 1.57475 -0.00111083 
0.720937 1.56682 0.0938564 
0.813391 1.56209 -0.11127 
0.812414 1.5737 -0.114419 
0.967838 1.56642 0.0686345 
0.968461 1.57653 0.0666865 
0.675045 1.57036 0.0234247 
0.921125 1.56263 -0.0888421 
0.920335 1.57316 -0.0911773 
0.865422 1.57016 0.113157 
0.691457 1.56313 -0.057734 
0.690906 1.57636 -0.061745 
1.00395 1.57023 -0.0314289 
0.759765 1.57429 0.10789 
0.768199 1.56989 -0.10671 
0.999825 1.56753 0.0406173 
1.00021 1.57739 0.0389566 
0.686742 1.56953 0.0586411 
0.874637 1.56663 -0.106091 
0.873741 1.57759 -0.108799 
0.912384 1.57056 0.0980016 
0.676614 1.57534 -0.0276235 
0.974897 1.56373 -0.0583893 
0.974374 1.5738 -0.0602638 
0.80341 1.56812 0.117804 
0.728934 1.56587 -0.090754 
0.728135 1.57855 -0.0944902 
1.01523 1.57133 0.00925433 
0.711111 1.56989 0.0861826 
