0.996468 0.781181 0.153751 
0.99292 0.790565 0.153225 
0.997411 0.777394 0.161478 
0.993895 0.78678 0.160923 
0.98714 0.785953 0.160653 
0.999867 0.782645 0.153807 
0.996354 0.792011 0.153299 
0.988327 0.784377 0.164995 
0.984791 0.793834 0.164331 
0.996386 0.777698 0.15481 
0.992827 0.78708 0.15429 
0.998986 0.776765 0.160111 
0.995472 0.786139 0.159578 
0.988061 0.781721 0.162222 
0.984494 0.791171 0.161582 
1.00014 0.781189 0.153238 
0.996615 0.790551 0.152741 
0.990271 0.782169 0.164856 
0.986739 0.791611 0.164213 
0.992818 0.783256 0.155614 
0.989261 0.792669 0.155044 
0.996841 0.785592 0.158179 
0.989221 0.777691 0.163607 
0.985653 0.787131 0.162981 
1.00024 0.779329 0.153003 
0.996709 0.788687 0.152515 
0.992241 0.780393 0.164366 
0.988713 0.78982 0.163747 
0.992943 0.779169 0.157133 
0.989376 0.788577 0.156569 
0.997978 0.785037 0.156812 
0.98704 0.783377 0.16413 
0.983484 0.792839 0.163465 
1.00022 0.777034 0.153121 
0.996682 0.786389 0.152641 
0.99418 0.779014 0.163562 
0.990656 0.788425 0.162966 
0.989667 0.784311 0.158217 
0.986103 0.793748 0.157605 
0.998873 0.784371 0.155557 
0.99537 0.793749 0.155025 
0.98863 0.779979 0.164973 
0.985075 0.789428 0.164326 
0.996585 0.783648 0.153119 
0.993047 0.793035 0.15259 
0.996032 0.777973 0.162495 
0.992514 0.787369 0.161922 
0.990167 0.779967 0.159909 
0.986596 0.789398 0.159305 
0.999528 0.783497 0.154491 
0.99602 0.792868 0.153974 
0.990386 0.77699 0.165473 
0.986834 0.786424 0.164845 
0.996474 0.780483 0.153932 
0.992924 0.789866 0.153409 
0.997749 0.777195 0.161231 
0.994234 0.786579 0.160681 
0.987321 0.785072 0.160965 
0.999958 0.78233 0.153679 
0.996444 0.791696 0.153174 
0.988716 0.783856 0.165001 
0.985181 0.793311 0.164341 
0.996404 0.776931 0.155045 
0.992843 0.786312 0.154526 
0.995774 0.785963 0.159319 
0.988288 0.780872 0.162505 
0.984721 0.79032 0.161868 
1.00019 0.780801 0.153171 
0.99667 0.790162 0.152676 
0.990669 0.781732 0.164794 
0.987138 0.791171 0.164156 
0.992856 0.782432 0.155892 
0.989297 0.791844 0.155324 
0.9971 0.785422 0.157919 
0.989493 0.776891 0.163847 
0.985924 0.786327 0.163224 
1.00027 0.77886 0.153001 
0.996738 0.788218 0.152515 
0.992637 0.780035 0.164241 
0.98911 0.789458 0.163627 
0.993011 0.778305 0.157441 
0.989442 0.787712 0.156878 
0.998192 0.784854 0.156567 
0.987352 0.782636 0.164319 
0.983796 0.792096 0.163658 
0.996693 0.785836 0.152708 
0.994564 0.778724 0.163383 
0.991042 0.788133 0.162791 
0.989771 0.783423 0.158541 
0.986206 0.79286 0.15793 
0.999041 0.784156 0.155342 
0.995536 0.793532 0.154814 
0.988976 0.779313 0.1651 
0.985422 0.788758 0.164457 
0.996589 0.783013 0.153252 
0.993049 0.792399 0.152724 
0.996395 0.77774 0.162273 
0.992876 0.787134 0.161704 
0.990313 0.779077 0.160231 
0.986741 0.788506 0.159629 
0.999651 0.783233 0.15432 
0.996142 0.792603 0.153805 
0.987208 0.785835 0.164908 
0.996482 0.779771 0.154125 
0.99293 0.789154 0.153602 
0.998081 0.777003 0.16098 
0.994565 0.786383 0.160434 
0.987512 0.784196 0.161273 
0.983947 0.793652 0.160626 
1.00004 0.782002 0.153561 
0.996526 0.791367 0.153059 
0.989108 0.783352 0.164994 
0.985573 0.792803 0.164339 
0.992863 0.785533 0.154772 
0.996067 0.785789 0.159058 
0.988524 0.78003 0.16278 
0.984956 0.789476 0.162146 
1.00024 0.780399 0.153115 
0.996719 0.789759 0.152623 
0.991068 0.781311 0.164719 
0.987537 0.790746 0.164086 
0.992899 0.7816 0.156177 
0.989338 0.79101 0.15561 
0.997351 0.785252 0.157661 
0.986204 0.785535 0.163458 
1.00029 0.778377 0.153012 
0.996762 0.787733 0.152528 
0.993032 0.779691 0.164105 
0.989506 0.789111 0.163495 
0.993086 0.777436 0.157752 
0.989515 0.786841 0.157191 
0.998397 0.784667 0.156327 
0.994895 0.794049 0.155786 
0.987671 0.781909 0.164496 
0.984115 0.791365 0.163839 
0.996702 0.785267 0.152788 
0.994945 0.778447 0.163194 
0.991423 0.787852 0.162607 
0.989882 0.782534 0.158865 
0.986316 0.791969 0.158257 
0.999199 0.783933 0.155135 
0.995694 0.793308 0.15461 
0.989329 0.778661 0.165213 
0.985775 0.788104 0.164574 
0.996593 0.782363 0.153396 
0.993051 0.791748 0.15287 
0.996752 0.777516 0.162044 
0.993234 0.786907 0.16148 
0.990468 0.778188 0.160551 
0.986895 0.787616 0.159951 
0.999767 0.782958 0.154158 
0.996256 0.792326 0.153646 
0.987586 0.785263 0.164957 
0.996492 0.779045 0.154328 
0.992937 0.788427 0.153807 
0.998405 0.776816 0.160725 
0.994891 0.786193 0.160183 
0.987711 0.783326 0.161575 
0.984145 0.792779 0.160931 
1.00012 0.781661 0.153455 
0.996602 0.791024 0.152955 
0.989501 0.782864 0.164974 
0.985967 0.792312 0.164323 
0.992886 0.784742 0.155025 
0.996353 0.785618 0.158797 
0.988769 0.779198 0.163048 
0.9852 0.788641 0.162417 
1.00029 0.779981 0.153072 
0.996763 0.78934 0.152582 
0.991466 0.780905 0.164632 
0.987937 0.790337 0.164004 
0.992948 0.780758 0.156468 
0.989384 0.790168 0.155903 
0.997593 0.78508 0.157405 
0.986491 0.784754 0.163681 
1.00032 0.777877 0.153036 
0.996782 0.787232 0.152554 
0.993425 0.77936 0.163958 
0.9899 0.788777 0.163353 
0.989595 0.785966 0.157507 
0.998593 0.784474 0.156092 
0.99509 0.793855 0.155554 
0.987997 0.781195 0.164663 
0.984441 0.790649 0.164009 
0.996709 0.784683 0.152881 
0.993175 0.79407 0.15235 
0.995322 0.778181 0.162997 
0.991801 0.787583 0.162415 
0.990002 0.781643 0.15919 
0.986433 0.791076 0.158583 
0.99935 0.783702 0.154935 
0.995844 0.793075 0.154413 
0.989687 0.778024 0.165314 
0.986133 0.787464 0.164679 
0.996598 0.781697 0.153552 
0.993053 0.791082 0.153027 
0.997103 0.7773 0.161809 
0.993586 0.786688 0.16125 
0.990631 0.777302 0.160869 
0.987056 0.786727 0.160271 
0.999875 0.782671 0.154006 
0.996363 0.792038 0.153497 
0.987968 0.784706 0.164993 
0.996504 0.778307 0.154541 
0.992947 0.787688 0.154021 
0.995209 0.786009 0.15993 
0.987918 0.782461 0.161872 
0.984352 0.791912 0.161231 
1.00019 0.781306 0.153361 
0.996671 0.790668 0.152863 
0.989897 0.782391 0.164941 
0.986363 0.791836 0.164295 
0.992913 0.78394 0.155287 
0.989358 0.793353 0.154717 
0.996631 0.785448 0.158536 
0.989022 0.778374 0.163308 
0.985453 0.787815 0.16268 
1.00033 0.779549 0.153042 
0.996802 0.788906 0.152553 
0.991865 0.780513 0.164534 
0.988336 0.789942 0.16391 
0.993002 0.77991 0.156765 
0.989437 0.789318 0.156201 
0.997826 0.784905 0.157152 
0.986786 0.783985 0.163895 
0.98323 0.793449 0.163228 
1.00034 0.777361 0.153073 
0.9968 0.786716 0.152592 
0.993816 0.779042 0.163801 
0.990292 0.788456 0.163201 
0.989682 0.785085 0.157826 
0.99878 0.784276 0.155862 
0.995277 0.793655 0.155328 
0.98833 0.780495 0.164817 
0.984774 0.789946 0.164167 
0.996715 0.784082 0.152985 
0.993179 0.793469 0.152457 
0.995695 0.777925 0.162791 
0.992175 0.787324 0.162214 
0.990129 0.780752 0.159515 
0.986559 0.790183 0.15891 
0.999492 0.783461 0.154744 
0.995985 0.792833 0.154225 
0.99005 0.777403 0.165402 
0.986496 0.78684 0.164771 
0.996603 0.781018 0.15372 
0.993056 0.790401 0.153196 
0.997449 0.777092 0.161568 
0.993932 0.786477 0.161014 
0.987227 0.785842 0.160587 
0.999975 0.782373 0.153864 
0.996462 0.791738 0.153358 
0.988353 0.784165 0.165016 
0.984816 0.793622 0.164352 
0.996518 0.777555 0.154764 
0.99296 0.786936 0.154245 
0.99552 0.785828 0.159673 
0.988135 0.781602 0.162163 
0.984568 0.791052 0.161525 
1.00025 0.780937 0.153278 
0.996734 0.790298 0.152782 
0.990293 0.781934 0.164895 
0.986761 0.791376 0.164253 
0.992945 0.783129 0.155556 
0.989388 0.792541 0.154988 
0.996901 0.785279 0.158275 
0.989283 0.77756 0.16356 
0.985714 0.786999 0.162935 
1.00037 0.7791 0.153024 
0.996836 0.788457 0.152537 
0.992263 0.780137 0.164423 
0.988735 0.789563 0.163804 
0.993062 0.779054 0.157067 
0.989495 0.788461 0.156504 
0.998051 0.784728 0.156902 
0.994549 0.794113 0.156355 
0.987089 0.783228 0.164098 
0.983532 0.792689 0.163434 
1.00035 0.776829 0.153122 
0.996814 0.786183 0.152643 
0.994205 0.778737 0.163634 
0.990681 0.788148 0.163038 
0.989776 0.784202 0.158148 
0.986212 0.793639 0.157537 
0.998959 0.784071 0.155639 
0.995455 0.793448 0.155108 
0.988669 0.77981 0.164959 
0.985113 0.789258 0.164313 
0.99672 0.783467 0.153102 
0.993182 0.792852 0.152575 
0.996064 0.77768 0.162578 
0.992544 0.787076 0.162006 
0.990264 0.77986 0.159839 
0.986694 0.78929 0.159236 
0.999626 0.783211 0.154561 
0.996118 0.792581 0.154045 
0.990417 0.776798 0.165477 
0.986864 0.786231 0.16485 
0.996609 0.780324 0.153898 
0.993059 0.789706 0.153376 
0.997789 0.776891 0.161322 
0.994272 0.786274 0.160773 
0.987406 0.784961 0.1609 
1.00007 0.782062 0.153733 
0.996554 0.791426 0.153229 
0.988741 0.78364 0.165025 
0.985205 0.793094 0.164366 
0.996536 0.776792 0.154996 
0.992975 0.786172 0.154479 
0.995823 0.785651 0.159415 
0.98836 0.780751 0.162448 
0.984792 0.790198 0.161812 
1.00031 0.780554 0.153207 
0.99679 0.789914 0.152714 
0.990691 0.781493 0.164836 
0.987159 0.790932 0.164199 
0.992982 0.782308 0.155833 
0.989423 0.791718 0.155266 
0.997162 0.78511 0.158014 
0.989552 0.776756 0.163802 
0.985983 0.786192 0.16318 
1.0004 0.778637 0.153018 
0.996866 0.787993 0.152534 
0.99266 0.779774 0.164301 
0.989132 0.789197 0.163687 
0.993129 0.778192 0.157373 
0.989559 0.787598 0.156812 
0.998267 0.784546 0.156656 
0.994765 0.79393 0.156113 
0.987399 0.782483 0.16429 
0.983842 0.791942 0.16363 
0.996826 0.785635 0.152707 
0.99459 0.778445 0.163457 
0.991067 0.787852 0.162866 
0.989878 0.783315 0.158471 
0.986312 0.79275 0.157862 
0.999129 0.783858 0.155422 
0.995624 0.793234 0.154895 
0.989014 0.779139 0.165088 
0.985458 0.788584 0.164446 
0.996725 0.782836 0.153232 
0.993184 0.792221 0.152706 
0.996427 0.777445 0.162358 
0.992908 0.786838 0.16179 
0.990408 0.77897 0.160161 
0.986836 0.788398 0.15956 
0.999752 0.78295 0.154387 
0.996243 0.792318 0.153873 
0.987237 0.785638 0.164916 
0.996616 0.779616 0.154088 
0.993065 0.788997 0.153567 
0.998122 0.776697 0.161072 
0.994606 0.786077 0.160527 
0.987594 0.784083 0.161209 
0.984029 0.793538 0.160564 
1.00015 0.781738 0.153612 
0.996638 0.791101 0.153111 
0.989132 0.783132 0.165022 
0.985596 0.792582 0.164367 
0.992994 0.785395 0.154721 
0.996119 0.785478 0.159154 
0.988593 0.779908 0.162726 
0.985025 0.789353 0.162093 
1.00036 0.780156 0.153148 
0.996841 0.789515 0.152657 
0.99109 0.781068 0.164765 
0.987558 0.790503 0.164133 
0.993024 0.781477 0.156116 
0.989462 0.790887 0.15555 
0.997415 0.78494 0.157756 
0.98626 0.785397 0.163417 
1.00042 0.778157 0.153025 
0.996891 0.787513 0.152543 
0.993055 0.779426 0.164168 
0.989529 0.788846 0.163558 
0.993201 0.777324 0.157683 
0.989631 0.786729 0.157124 
0.998474 0.784361 0.156415 
0.994972 0.793742 0.155875 
0.987716 0.781752 0.164471 
0.98416 0.791208 0.163815 
0.996836 0.785071 0.152783 
0.994972 0.778164 0.16327 
0.99145 0.787569 0.162685 
0.989987 0.782426 0.158795 
0.98642 0.79186 0.158188 
0.99929 0.783638 0.155213 
0.995785 0.793012 0.154689 
0.989364 0.778483 0.165206 
0.98581 0.787925 0.164568 
0.996729 0.78219 0.153373 
0.993186 0.791574 0.152848 
0.996786 0.777218 0.16213 
0.993267 0.786609 0.161568 
0.99056 0.77808 0.160482 
0.986987 0.787507 0.159883 
0.99987 0.782678 0.154222 
0.996359 0.792045 0.153712 
0.987614 0.785061 0.164969 
0.996626 0.778894 0.154288 
0.993072 0.788275 0.153768 
0.994933 0.785886 0.160277 
0.98779 0.783211 0.161513 
0.984225 0.792664 0.16087 
1.00023 0.781401 0.153503 
0.996716 0.790763 0.153004 
0.989525 0.782639 0.165005 
0.98599 0.792086 0.164355 
0.993016 0.784608 0.154973 
0.989463 0.79402 0.154403 
0.996407 0.785306 0.158893 
0.988835 0.779072 0.162996 
0.985267 0.788515 0.162366 
1.00041 0.779743 0.153101 
0.996887 0.789101 0.152612 
0.991488 0.780657 0.164682 
0.987958 0.790089 0.164054 
0.993071 0.780639 0.156405 
0.989507 0.790047 0.155841 
0.997659 0.784769 0.157499 
0.986545 0.784613 0.163643 
0.982989 0.794079 0.162974 
1.00045 0.777662 0.153046 
0.996913 0.787016 0.152565 
0.993449 0.779091 0.164024 
0.989923 0.788508 0.163419 
0.989708 0.785854 0.157439 
0.998672 0.78417 0.156178 
0.99517 0.79355 0.155642 
0.98804 0.781035 0.16464 
0.984484 0.790488 0.163988 
0.996844 0.784491 0.152872 
0.99331 0.793877 0.152343 
0.99535 0.777895 0.163076 
0.991829 0.787296 0.162494 
0.990104 0.781536 0.159119 
0.986536 0.790968 0.158514 
0.999443 0.783409 0.155011 
0.995937 0.792781 0.15449 
0.989721 0.777842 0.16531 
0.986166 0.787282 0.164676 
0.996733 0.781529 0.153525 
0.993188 0.790912 0.153002 
0.997139 0.777 0.161897 
0.993621 0.786388 0.161339 
0.990721 0.777193 0.1608 
0.987146 0.786618 0.160204 
0.99998 0.782395 0.154067 
0.996468 0.791761 0.153559 
0.987994 0.7845 0.165009 
0.984456 0.79396 0.164341 
0.996637 0.778159 0.154498 
0.993081 0.787539 0.15398 
0.995253 0.7857 0.160024 
0.987995 0.782345 0.161811 
0.984429 0.791795 0.161172 
1.00031 0.78105 0.153405 
0.996787 0.790411 0.152908 
0.989919 0.782162 0.164976 
0.986385 0.791606 0.16433 
0.993042 0.783809 0.155232 
0.989487 0.793221 0.154664 
0.996687 0.785136 0.158632 
0.989086 0.778246 0.163258 
0.985517 0.787687 0.162631 
1.00045 0.779315 0.153067 
0.996927 0.788671 0.15258 
0.991887 0.780262 0.164586 
0.988357 0.78969 0.163963 
0.993123 0.779792 0.1567 
0.989558 0.7892 0.156138 
0.997895 0.784595 0.157245 
0.994394 0.793982 0.156694 
0.986838 0.78384 0.16386 
0.983281 0.793304 0.163193 
1.00047 0.777151 0.153078 
0.996931 0.786505 0.152599 
0.993841 0.77877 0.163869 
0.990315 0.788183 0.163269 
0.989793 0.784975 0.157757 
0.998862 0.783973 0.155947 
0.995359 0.793351 0.155414 
0.988371 0.780331 0.164798 
0.984815 0.789782 0.164149 
0.99685 0.783895 0.152973 
0.993314 0.793281 0.152446 
0.995724 0.777636 0.162872 
0.992203 0.787035 0.162296 
0.990229 0.780645 0.159444 
0.98666 0.790075 0.158841 
0.999587 0.783171 0.154817 
0.99608 0.792542 0.154299 
0.990082 0.777217 0.165401 
0.986528 0.786653 0.164772 
0.996738 0.780853 0.15369 
0.993191 0.790236 0.153168 
0.997486 0.776791 0.161658 
0.993969 0.786175 0.161104 
0.987314 0.785732 0.160521 
1.00008 0.7821 0.153922 
0.99657 0.791465 0.153417 
0.988379 0.783955 0.165035 
0.984841 0.793412 0.164372 
0.996651 0.777412 0.154718 
0.993092 0.786791 0.154201 
0.995566 0.785518 0.159768 
0.988209 0.781484 0.162104 
0.984642 0.790933 0.161467 
1.00037 0.780685 0.153318 
0.996852 0.790045 0.152824 
0.990316 0.781701 0.164933 
0.986782 0.791142 0.164292 
0.993073 0.783001 0.155499 
0.989516 0.792411 0.154933 
0.996959 0.784967 0.15837 
0.989345 0.77743 0.163512 
0.985775 0.786867 0.162888 
1.00049 0.778871 0.153045 
0.996962 0.788227 0.15256 
0.992285 0.779881 0.164479 
0.988756 0.789306 0.16386 
0.993182 0.778938 0.157 
0.989615 0.788345 0.156439 
0.998122 0.784418 0.156994 
0.994621 0.793803 0.156447 
0.987139 0.78308 0.164066 
0.983582 0.792541 0.163403 
0.996946 0.785977 0.152647 
0.99423 0.778462 0.163704 
0.990705 0.787872 0.16311 
0.989886 0.784093 0.158078 
0.986322 0.793529 0.157469 
0.999043 0.78377 0.155722 
0.995539 0.793146 0.155192 
0.988708 0.779642 0.164943 
0.985152 0.789089 0.164298 
0.996855 0.783284 0.153087 
0.993317 0.792669 0.152561 
0.996094 0.777389 0.162661 
0.992574 0.786784 0.162089 
0.990362 0.779753 0.159768 
0.986791 0.789182 0.159167 
