0.797037 1.5708 0.0325902 
0.797091 1.57277 0.032052 
0.797147 1.57475 0.0315138 
0.797205 1.57673 0.0309757 
0.797266 1.5787 0.0304377 
0.832376 1.56589 -0.0350008 
0.832072 1.57736 -0.0379654 
0.873005 1.57098 0.0303223 
0.776831 1.56462 -0.00192587 
0.7768 1.57673 -0.00530304 
0.885186 1.56727 -0.0167574 
0.885054 1.57819 -0.0193157 
0.815234 1.57223 0.038542 
0.81195 1.56616 -0.032529 
0.811669 1.57786 -0.035646 
0.887138 1.5671 0.0203929 
0.88733 1.578 0.0178482 
0.777419 1.5708 0.0106365 
0.869893 1.57292 -0.0283429 
0.835688 1.56294 0.042488 
0.836032 1.57437 0.0395439 
0.794414 1.57006 -0.0263718 
0.894359 1.56868 0.00715146 
0.894449 1.57951 0.00466532 
0.785065 1.5665 0.0248608 
0.785285 1.57851 0.021543 
0.850583 1.56968 -0.0340993 
0.856559 1.56405 0.0387115 
0.856882 1.57525 0.0359263 
0.782155 1.56827 -0.0147655 
0.893043 1.57173 -0.00692334 
0.79905 1.56642 0.0348429 
0.799355 1.57826 0.0316276 
0.829633 1.56723 -0.0352986 
0.829338 1.57873 -0.0382839 
0.874988 1.56403 0.0307648 
0.875244 1.57504 0.028123 
0.776504 1.56311 0.000324662 
0.776479 1.57523 -0.00305502 
0.883491 1.57194 -0.0193283 
0.817819 1.57276 0.0388774 
0.809488 1.56633 -0.0318994 
0.809214 1.57806 -0.0350347 
0.888573 1.572 0.0176797 
0.778008 1.56935 0.0128257 
0.86775 1.56555 -0.0276314 
0.867509 1.57665 -0.0303259 
0.838459 1.56472 0.0418574 
0.838813 1.57612 0.0389344 
0.792521 1.56937 -0.0249534 
0.894668 1.56315 0.00669806 
0.89471 1.57398 0.00421415 
0.786519 1.56547 0.0266275 
0.786745 1.57746 0.0233203 
0.847858 1.57217 -0.0352386 
0.859195 1.56713 0.0371584 
0.85953 1.5783 0.0343941 
0.78105 1.567 -0.0127665 
0.780946 1.57907 -0.0161122 
0.892287 1.56606 -0.00729187 
0.892229 1.57691 -0.00979391 
0.801217 1.5661 0.0359167 
0.801529 1.57792 0.0327172 
0.82691 1.56841 -0.0354752 
0.877134 1.56823 0.0284735 
0.877404 1.57922 0.0258495 
0.776274 1.57372 -0.000792704 
0.88186 1.56556 -0.0192595 
0.881693 1.57652 -0.0218437 
0.820447 1.57344 0.0390957 
0.807084 1.56638 -0.031159 
0.806816 1.57814 -0.0343121 
0.889731 1.5661 0.0174506 
0.88989 1.57697 0.0149267 
0.778712 1.56794 0.0149792 
0.865294 1.56912 -0.0295059 
0.841233 1.56667 0.0411063 
0.841597 1.57803 0.0382046 
0.790719 1.56859 -0.0234459 
0.894859 1.56847 0.00375198 
0.894917 1.57929 0.00126998 
0.788075 1.56451 0.0283171 
0.788307 1.57649 0.0250212 
0.845428 1.56317 -0.033397 
0.845117 1.5745 -0.0362626 
0.861791 1.57036 0.0355029 
0.780057 1.56568 -0.0107133 
0.779958 1.57776 -0.0140664 
0.891323 1.57118 -0.0101285 
0.803458 1.5659 0.0368868 
0.803777 1.57769 0.0337038 
0.824212 1.56943 -0.035531 
0.879197 1.57254 0.0261128 
0.776186 1.5722 0.0014774 
0.879951 1.57002 -0.0217001 
0.822774 1.56269 0.0422362 
0.823113 1.57426 0.0391956 
0.804742 1.56631 -0.0303101 
0.804481 1.57809 -0.0334806 
0.890908 1.57115 0.0146513 
0.77953 1.56657 0.0170912 
0.779682 1.57866 0.0137331 
0.862785 1.57254 -0.0312872 
0.844005 1.56877 0.0402359 
0.789012 1.56772 -0.0218528 
0.894895 1.56296 0.00328572 
0.894905 1.57378 0.000803907 
0.78973 1.56364 0.0299254 
0.789969 1.5756 0.0266416 
0.842667 1.5653 -0.0342825 
0.842365 1.57666 -0.0371693 
0.864051 1.5626 0.0364763 
0.864343 1.57373 0.0337487 
0.779175 1.56432 -0.0086114 
0.779083 1.57641 -0.011971 
0.89032 1.56538 -0.0104168 
0.890229 1.57625 -0.0129343 
0.805769 1.56582 0.0377508 
0.806095 1.57758 0.0345847 
0.821544 1.5703 -0.0354668 
0.880937 1.566 0.0262811 
0.881171 1.57696 0.0236868 
0.776215 1.57068 0.00374874 
0.878153 1.56338 -0.0214636 
0.877949 1.57437 -0.0240766 
0.825464 1.5637 0.0421965 
0.825811 1.57524 0.0391759 
0.802467 1.56611 -0.0293551 
0.802212 1.57792 -0.0325424 
0.891831 1.5654 0.0143279 
0.891957 1.57625 0.0118208 
0.780461 1.56525 0.0191556 
0.78062 1.57732 0.0158042 
0.860499 1.56465 -0.0302207 
0.860228 1.57582 -0.0329712 
0.84677 1.57104 0.0392476 
0.787401 1.56677 -0.020178 
0.787231 1.57876 -0.0234767 
0.894781 1.56827 0.000340059 
0.894807 1.5791 -0.00214243 
0.791482 1.56286 0.0314484 
0.791727 1.57479 0.0281773 
0.8399 1.56727 -0.0350491 
0.839609 1.57866 -0.0379571 
0.866538 1.56615 0.0346072 
0.866844 1.57725 0.0318997 
0.778407 1.56291 -0.00646662 
0.778322 1.57501 -0.00983199 
0.889084 1.57037 -0.0131779 
0.808146 1.56586 0.0385062 
0.808479 1.5776 0.0353576 
0.81891 1.57102 -0.0352837 
0.882802 1.57055 0.0237785 
0.776361 1.56916 0.00601478 
0.876052 1.56759 -0.0237548 
0.875862 1.57861 -0.0263849 
0.828182 1.56486 0.042036 
0.828537 1.57636 0.039036 
0.800263 1.5658 -0.0282964 
0.800014 1.57764 -0.0315 
0.892732 1.57057 0.011462 
0.781504 1.56398 0.0211668 
0.781669 1.57604 0.0178229 
0.857888 1.56775 -0.0317833 
0.85763 1.57895 -0.0345544 
0.849196 1.56219 0.0409852 
0.849521 1.57348 0.0381432 
0.785892 1.56574 -0.0184259 
0.785727 1.57775 -0.0217357 
0.894544 1.56275 -0.000114663 
0.894522 1.57358 -0.002599 
0.793327 1.56216 0.0328822 
0.793579 1.57408 0.0296245 
0.837134 1.56907 -0.0356956 
0.86897 1.56984 0.0326477 
0.777674 1.57358 -0.0076552 
0.887851 1.5644 -0.0133628 
0.887726 1.5753 -0.0158997 
0.810583 1.56603 0.0391509 
0.810923 1.57774 0.0360203 
0.816316 1.57159 -0.034983 
0.884369 1.56426 0.0237869 
0.884567 1.57519 0.0212196 
0.776623 1.56766 0.00826896 
0.873869 1.57169 -0.0259732 
0.830922 1.56617 0.0417544 
0.831286 1.57765 0.0387751 
0.798135 1.56538 -0.0271368 
0.797892 1.57724 -0.0303561 
0.893404 1.56494 0.0110677 
0.893498 1.57578 0.00857338 
0.782657 1.56277 0.0231192 
0.782829 1.57481 0.0197837 
0.855241 1.5707 -0.0332414 
0.851918 1.56482 0.0397457 
0.852255 1.57607 0.0369249 
0.784485 1.56464 -0.0166008 
0.784326 1.57667 -0.0199211 
0.894126 1.56803 -0.00304015 
0.894121 1.57886 -0.00552774 
0.79552 1.57346 0.0309798 
0.834374 1.57071 -0.0362213 
0.871075 1.5626 0.0332746 
0.87134 1.57366 0.0306018 
0.777143 1.57212 -0.00544679 
0.886361 1.56923 -0.0160292 
0.813077 1.56633 0.0396829 
0.813424 1.57801 0.0365708 
0.813767 1.57202 -0.0345662 
0.886013 1.56901 0.021162 
0.777002 1.56617 0.0105048 
0.777093 1.57828 0.00712837 
0.871841 1.56461 -0.0254518 
0.871612 1.57567 -0.0281144 
0.83368 1.56764 0.0413514 
0.834053 1.57909 0.038393 
0.796087 1.56486 -0.0258791 
0.79585 1.57674 -0.0291136 
0.894015 1.57019 0.00815465 
0.784097 1.57365 0.0216812 
0.852868 1.56224 -0.0317828 
0.852563 1.57349 -0.0345916 
0.854616 1.5676 0.0383948 
0.854965 1.57883 0.0355954 
0.783183 1.56348 -0.0147074 
0.783031 1.57552 -0.0180373 
0.89362 1.56244 -0.00345905 
0.893567 1.57328 -0.00595049 
0.797547 1.57294 0.0322397 
0.831624 1.57219 -0.0366255 
0.873363 1.56657 0.0311278 
0.873643 1.5776 0.0284738 
0.776727 1.57063 -0.00321304 
0.884918 1.56306 -0.0160878 
0.884758 1.57398 -0.0186477 
0.815621 1.56677 0.0401004 
0.815976 1.57842 0.0370072 
0.811266 1.57232 -0.0340348 
0.887383 1.56294 0.0210329 
0.887547 1.57384 0.0184897 
0.777497 1.56471 0.0127159 
0.777595 1.57681 0.00934297 
0.869502 1.56843 -0.0274929 
0.869286 1.57951 -0.0301742 
0.83645 1.56928 0.040827 
0.794122 1.56423 -0.0245265 
0.793892 1.57614 -0.0277754 
0.894424 1.56464 0.00771342 
0.894486 1.57547 0.00522752 
0.785472 1.57255 0.0235105 
0.850153 1.56484 -0.0330011 
0.84986 1.57612 -0.0358309 
0.857285 1.57054 0.0369357 
0.78199 1.56225 -0.0127507 
0.781844 1.5743 -0.0160895 
0.892906 1.56766 -0.00634475 
0.892869 1.5785 -0.00884195 
0.799656 1.57253 0.0334013 
0.828889 1.57351 -0.0369083 
0.875579 1.57067 0.0289037 
0.776427 1.56913 -0.000960325 
0.883193 1.5677 -0.0186404 
0.883049 1.57864 -0.0212143 
0.818212 1.56735 0.0404018 
0.818574 1.57897 0.0373279 
0.808819 1.57249 -0.033391 
0.888786 1.56786 0.0183053 
0.888966 1.57874 0.015774 
0.778108 1.56327 0.0148959 
0.778212 1.57537 0.0115273 
0.867099 1.57212 -0.0294482 
0.839227 1.57108 0.0401817 
0.792246 1.56352 -0.0230823 
0.792022 1.57545 -0.026345 
0.894736 1.56994 0.00477294 
0.786951 1.57152 0.0252667 
0.847419 1.56728 -0.0341059 
0.847136 1.57859 -0.0369569 
0.859614 1.56247 0.0381333 
0.859919 1.57364 0.0353713 
0.780766 1.57303 -0.0140827 
0.892056 1.57282 -0.00920679 
0.801843 1.57222 0.0344616 
0.826495 1.56313 -0.0340614 
0.826176 1.57467 -0.0370698 
0.877474 1.56389 0.0292286 
0.877715 1.57488 0.0266064 
0.776244 1.56761 0.00130489 
0.881368 1.57225 -0.0211364 
0.820844 1.56807 0.0405856 
0.806431 1.57252 -0.0326366 
0.890069 1.57285 0.015539 
0.778944 1.57397 0.0136753 
0.864895 1.56455 -0.0285969 
0.864638 1.57567 -0.0313134 
0.842007 1.57304 0.0394163 
0.790461 1.56271 -0.0215498 
0.790243 1.57466 -0.0248258 
0.894874 1.56443 0.004309 
0.894905 1.57525 0.00182695 
0.788532 1.57058 0.0269453 
0.84467 1.56956 -0.0350949 
0.862196 1.56574 0.0364467 
0.862513 1.57689 0.0337053 
0.779799 1.57171 -0.0120224 
0.891142 1.56708 -0.0095303 
0.891072 1.57794 -0.0120414 
0.804103 1.57203 0.0354179 
0.823799 1.56411 -0.0340819 
0.823488 1.57567 -0.0371105 
0.879511 1.56823 0.0268455 
0.879767 1.57921 0.0242403 
0.776178 1.56609 0.0035761 
0.776208 1.57821 0.00019389 
0.879626 1.56571 -0.0209701 
0.879446 1.57669 -0.023572 
0.823514 1.56894 0.0406506 
0.804106 1.57243 -0.0317739 
0.89108 1.56705 0.0152509 
0.891227 1.57791 0.0127379 
0.779789 1.5726 0.0157808 
0.862369 1.56793 -0.0303482 
0.862125 1.57908 -0.0330847 
0.84444 1.56383 0.0414096 
0.844783 1.57516 0.0385318 
0.788559 1.57378 -0.0232215 
0.894882 1.56975 0.00136083 
0.790212 1.56971 0.0285421 
0.841912 1.57167 -0.0359663 
0.864731 1.56916 0.0346622 
0.778945 1.57034 -0.00991418 
0.890013 1.57213 -0.0123246 
0.806432 1.57197 0.0362678 
0.821134 1.56493 -0.0339828 
0.82083 1.57652 -0.0370314 
0.881458 1.57269 0.0243985 
0.776229 1.56457 0.00584674 
0.776265 1.57669 0.00246479 
0.877599 1.57003 -0.0233246 
0.826214 1.56996 0.0405957 
0.801849 1.57223 -0.0308053 
0.892093 1.57217 0.01241 
0.780748 1.57128 0.0178379 
0.859798 1.57117 -0.0320014 
0.847197 1.56615 0.0403863 
0.847551 1.57745 0.0375298 
0.786973 1.57282 -0.0215361 
0.894746 1.56424 0.000898569 
0.894745 1.57506 -0.00158426 
0.791987 1.56894 0.0300531 
0.839474 1.56223 -0.0338079 
0.839151 1.57362 -0.0367185 
0.867214 1.57272 0.032784 
0.778205 1.56893 -0.00776393 
0.888862 1.56623 -0.012554 
0.888759 1.57712 -0.0150831 
0.808826 1.57202 0.037009 
0.818505 1.5656 -0.0337651 
0.818209 1.57723 -0.0368334 
0.88309 1.5663 0.0244687 
0.88331 1.57724 0.0218916 
0.776396 1.56305 0.00811026 
0.776439 1.57517 0.00472943 
0.875706 1.56322 -0.0229775 
0.875487 1.57423 -0.0256097 
0.828942 1.57113 0.0404202 
0.799664 1.57191 -0.0297334 
0.89286 1.5665 0.0120415 
0.892974 1.57734 0.00954287 
0.781818 1.57002 0.019841 
0.857474 1.56305 -0.0307793 
0.857185 1.57425 -0.0335528 
0.84994 1.56863 0.0392472 
0.785488 1.57179 -0.0197738 
0.894449 1.56953 -0.00203752 
0.793855 1.56825 0.0314746 
0.836704 1.56398 -0.0344186 
0.83639 1.57541 -0.0373504 
0.869351 1.56535 0.0335017 
0.86964 1.57642 0.0308159 
0.777579 1.56749 -0.00557764 
0.887472 1.57113 -0.0152614 
0.811279 1.5722 0.0376393 
0.815916 1.56613 -0.0334303 
0.815627 1.57779 -0.0365178 
0.884825 1.57097 0.0218914 
0.77673 1.57367 0.00698129 
0.873501 1.56728 -0.0251712 
0.873296 1.57832 -0.0278212 
0.831691 1.57247 0.0401235 
0.797556 1.57148 -0.0285608 
0.893589 1.57172 0.00914544 
0.782998 1.56881 0.0217847 
0.854814 1.56595 -0.0322046 
0.854537 1.57718 -0.034999 
0.852664 1.57128 0.0379948 
0.784107 1.57068 -0.0179391 
0.894042 1.56398 -0.00247375 
0.89401 1.57481 -0.00496197 
0.795812 1.56767 0.032803 
0.833941 1.56557 -0.0349084 
0.833636 1.57703 -0.0378611 
0.8717 1.56921 0.0314288 
0.777069 1.56602 -0.00336147 
0.777037 1.57813 -0.00673684 
0.886102 1.56504 -0.0153737 
0.885965 1.57595 -0.0179245 
0.813787 1.57252 0.0381567 
0.813373 1.56652 -0.0329799 
0.813091 1.57821 -0.0360863 
0.886269 1.56482 0.0218152 
0.886455 1.57573 0.0192632 
0.777137 1.57218 0.00921387 
0.871222 1.57122 -0.0272867 
0.834115 1.56251 0.0426616 
0.834456 1.57396 0.0397056 
0.795529 1.57095 -0.0272905 
0.894096 1.56614 0.00872031 
0.894179 1.57697 0.0062318 
0.784286 1.56767 0.0236636 
0.852125 1.56869 -0.0335214 
0.855044 1.56286 0.0394289 
0.855362 1.57408 0.0366317 
0.782832 1.56951 -0.0160367 
0.893446 1.56922 -0.00537808 
0.797853 1.56718 0.0340351 
0.798159 1.57904 0.030811 
0.83119 1.567 -0.0352768 
0.830894 1.57849 -0.0382504 
0.87373 1.56217 0.0319269 
0.873981 1.5732 0.0292749 
0.776675 1.56453 -0.00112171 
0.77665 1.57664 -0.00450007 
0.884469 1.56977 -0.0179751 
0.816346 1.57297 0.0385596 
0.81088 1.56678 -0.0324156 
0.810605 1.57849 -0.0355405 
0.887771 1.56967 0.0191272 
0.77766 1.57072 0.0114208 
0.86912 1.56394 -0.0266361 
0.868875 1.57502 -0.0293198 
0.836882 1.5642 0.0421014 
0.837233 1.57561 0.0391664 
0.793586 1.57031 -0.0259256 
0.894529 1.57143 0.00578878 
0.78568 1.56659 0.0254729 
0.785906 1.5786 0.0221596 
0.849411 1.57127 -0.0347268 
0.8577 1.56585 0.037937 
0.858031 1.57704 0.0351609 
0.781664 1.56828 -0.0140718 
0.892775 1.56358 -0.00576414 
0.892711 1.57443 -0.00826223 
0.799976 1.5668 0.0351679 
0.800288 1.57863 0.0319594 
