1.22221 0.00450072 -0.0336232 
1.23485 0.0045787 0.0187734 
1.22 0.00659563 0.0257559 
1.23011 0.00359078 -0.037395 
1.22687 0.00702567 0.0541041 
1.22102 1.80946e-05 -0.0270778 
1.22125 0.00781949 -0.0240459 
1.23532 0.00714577 0.00763408 
1.22075 0.000570062 0.0339357 
1.2204 0.00837375 0.0369611 
1.22784 0.000359504 -0.0428882 
1.2282 0.00812517 -0.0399008 
1.22926 0.00354871 0.0489361 
1.2204 0.00192919 -0.0160495 
1.23512 0.00201834 -0.00652264 
1.22149 0.00370454 0.0437572 
1.22592 0.00272165 -0.0432477 
1.23143 0.00210062 0.0417714 
1.22002 0.00290709 -0.00403844 
1.23422 0.00407191 -0.017178 
1.22292 0.000792305 0.0487819 
1.22244 0.00858456 0.0517812 
1.2241 0.0028717 -0.0413921 
1.23323 0.00238384 0.0329004 
1.21987 0.00347925 0.00840757 
1.23277 0.00503802 -0.0267731 
1.22412 0.00770279 0.0547456 
1.22251 0.000895664 -0.0373969 
1.22282 0.00868898 -0.0343793 
1.23452 0.00398487 0.0227256 
1.21997 0.00419727 0.0207112 
1.23088 0.00445536 -0.034856 
1.22649 0.00123647 0.0525361 
1.22151 0.00481444 -0.0284462 
1.23522 0.00639703 0.0117424 
1.22031 0.00560392 0.0323047 
1.22868 0.00196958 -0.0410786 
1.2284 0.00475753 0.0511094 
1.22072 0.0071815 -0.0178839 
1.23529 0.00132518 -0.00246484 
1.22129 0.00039942 0.0396501 
1.2209 0.00820021 0.0426676 
1.22675 0.00512353 -0.0422208 
1.23067 0.00260943 0.0446333 
1.22011 0.000630917 -0.00920423 
1.22016 0.00843762 -0.00616023 
1.23461 0.00364027 -0.013374 
1.2222 0.00461645 0.0483622 
1.22487 0.00606761 -0.0411538 
1.23262 0.00231355 0.0363333 
1.21991 0.00128539 0.00315096 
1.23335 0.00505429 -0.023406 
1.2238 0.0029847 0.052092 
1.22318 0.00483874 -0.0379045 
1.23412 0.00349595 0.0265733 
1.21995 0.00188762 0.0155731 
1.23161 0.00507394 -0.0320767 
1.22562 0.00350426 0.0536625 
1.22177 0.00160977 -0.0326358 
1.23504 0.00568 0.0158182 
1.22023 0.00298731 0.0274865 
1.2295 0.00330395 -0.038999 
1.22753 0.00623834 0.0530152 
1.22093 0.00448595 -0.0226076 
1.23537 0.000587757 0.00163509 
1.23533 0.00831653 0.00460783 
1.22076 0.00510424 0.0383493 
1.22758 0.00723709 -0.0409104 
1.22988 0.00335769 0.0472597 
1.22032 0.00608374 -0.0112448 
1.23493 0.00309209 -0.00945662 
1.22196 0.000897908 0.0446816 
1.22151 0.0086952 0.0476901 
1.2253 0.0012014 -0.0436345 
1.23196 0.00243443 0.0395776 
1.21994 0.00689252 0.000948395 
1.23387 0.00489025 -0.019863 
1.22301 0.0063307 0.0521498 
1.22354 0.00073315 -0.0411623 
1.22389 0.00852099 -0.0381531 
1.23363 0.00313659 0.0302924 
1.21981 0.00744996 0.0134119 
1.23229 0.00546116 -0.0290717 
1.22475 0.00606103 0.0545042 
1.22236 0.00598391 -0.0335776 
1.23477 0.00502151 0.0198352 
1.22016 0.000501687 0.0225303 
1.21992 0.00830847 0.0255672 
1.2303 0.00437135 -0.0366584 
1.22714 0.000228258 0.051669 
1.22664 0.00799876 0.054646 
1.22114 0.00162595 -0.0271569 
1.2353 0.00756191 0.00872276 
1.22063 0.00219808 0.0338312 
1.22805 0.00130026 -0.0423074 
1.22904 0.00435895 0.0496373 
1.22047 0.00362843 -0.0162211 
1.23516 0.00245257 -0.00545065 
1.22133 0.00521435 0.0437702 
1.22612 0.00383081 -0.042832 
1.23124 0.00276547 0.0426147 
1.22004 0.00465946 -0.00426457 
1.23432 0.00456749 -0.0161652 
1.22273 0.00215673 0.0489385 
1.22429 0.00414824 -0.0411413 
1.23308 0.0029302 0.03386 
1.21985 0.00524331 0.0081686 
1.23292 0.00563366 -0.0258572 
1.22441 0.0011213 0.0520737 
1.22268 0.00232816 -0.0373005 
1.23443 0.00444782 0.0237674 
1.21991 0.0059309 0.020502 
1.23106 0.00518266 -0.0340677 
1.22627 0.00226918 0.0530192 
1.22163 0.00638075 -0.0284838 
1.23518 0.00681765 0.0128264 
1.22021 0.00726683 0.0321657 
1.22889 0.00285128 -0.0404403 
1.22819 0.00562469 0.0517549 
1.22064 0.00104817 -0.0210639 
1.23531 0.00174779 -0.00138178 
1.22115 0.00195488 0.0396176 
1.22695 0.00617149 -0.0417452 
1.23048 0.00332382 0.0454282 
1.22015 0.00236895 -0.00941548 
1.2347 0.0041091 -0.0123353 
1.22202 0.00603585 0.0484647 
1.22507 0.00728453 -0.0408444 
1.23246 0.00289878 0.0372547 
1.21991 0.00305012 0.00291171 
1.23348 0.00560999 -0.0224514 
1.2236 0.00424662 0.0523499 
1.22335 0.00621694 -0.0377545 
1.234 0.00398436 0.0275899 
1.2199 0.00363688 0.0153485 
1.23177 0.00575091 -0.0312397 
1.2254 0.00459819 0.0540857 
1.22191 0.00313131 -0.0326283 
1.23498 0.00611082 0.0168919 
1.22014 0.00467986 0.027318 
1.2297 0.00412826 -0.038305 
1.22731 0.00716423 0.0536033 
1.22103 0.00612299 -0.0227164 
1.23538 0.00100445 0.00272361 
1.22062 0.00670229 0.0382748 
1.22741 0.000456355 -0.0433645 
1.22778 0.00822421 -0.0403755 
1.22967 0.00412465 0.0480032 
1.22037 0.00780192 -0.0114359 
1.23499 0.00353942 -0.00839722 
1.22179 0.0023687 0.0447331 
1.2255 0.00235871 -0.043266 
1.23179 0.00306269 0.0404568 
1.21996 0.000844852 -0.00233113 
1.21995 0.00865244 0.000714254 
1.23398 0.00541045 -0.018874 
1.22281 0.00765122 0.05235 
1.22372 0.00205564 -0.0409567 
1.2335 0.00365553 0.0312789 
1.2199 0.00140165 0.0101333 
1.23244 0.00609116 -0.0281892 
1.22453 0.00721616 0.0548673 
1.2225 0.00745644 -0.0335215 
1.23469 0.00546815 0.0208931 
1.22009 0.00221905 0.0223371 
1.23048 0.00514039 -0.0359107 
1.22692 0.00121306 0.052199 
1.22126 0.00322535 -0.0272275 
1.23536 0.000249621 0.00683878 
1.23527 0.00797853 0.0098109 
1.22051 0.00383388 0.0337191 
1.22826 0.00222837 -0.0417143 
1.22883 0.0051811 0.0503269 
1.22055 0.00532195 -0.016387 
1.2352 0.00288386 -0.00437586 
1.22117 0.00673432 0.0437731 
1.22632 0.00492699 -0.0424036 
1.23106 0.00344056 0.0434481 
1.22007 0.0064092 -0.00448802 
1.23442 0.00505697 -0.0151465 
1.22254 0.00353301 0.0490835 
1.22448 0.00541225 -0.0408782 
1.23293 0.00348446 0.0348118 
1.21984 0.00700798 0.00792907 
1.23306 0.00622048 -0.0249328 
1.2242 0.00233605 0.0523779 
1.22284 0.00374936 -0.0371931 
1.23432 0.00491574 0.0248043 
1.21985 0.00766835 0.020289 
1.23123 0.00589903 -0.0332689 
1.22605 0.00331486 0.0534896 
1.22149 0.000138938 -0.0315388 
1.22176 0.00793774 -0.0285122 
1.23513 0.00723996 0.0139087 
1.2204 0.00113102 0.0289891 
1.22908 0.00372065 -0.0397901 
1.22796 0.00650419 0.0523884 
1.22073 0.00271217 -0.0211997 
1.23533 0.00216866 -0.000297113 
1.22101 0.0035197 0.039576 
1.22715 0.0072065 -0.0412571 
1.23028 0.00404912 0.0462125 
1.2202 0.00410323 -0.00962291 
1.23477 0.00457292 -0.0112919 
1.22183 0.00746658 0.048556 
1.22489 0.000707873 -0.0435231 
1.22526 0.00848867 -0.0405225 
1.2323 0.0034928 0.0381675 
1.21991 0.0048143 0.00267308 
1.23361 0.00615778 -0.0214892 
1.22339 0.0055211 0.0525954 
1.22352 0.00758332 -0.0375929 
1.23388 0.00447883 0.0286006 
1.21986 0.00538883 0.0151212 
1.23194 0.00641763 -0.0303927 
1.22518 0.00570513 0.0544961 
1.22205 0.00464274 -0.0326109 
1.23491 0.00654454 0.0179628 
1.22005 0.0063782 0.0271438 
1.22989 0.00494065 -0.0375994 
1.22757 0.000334462 0.0512035 
1.22708 0.00810276 0.0541791 
1.22113 0.00775231 -0.0228174 
1.23538 0.00142063 0.00381256 
1.22085 0.000505705 0.0351679 
1.22049 0.00830886 0.0381918 
1.22762 0.00143169 -0.0428175 
1.22946 0.00490313 0.0487355 
1.22033 0.00170983 -0.0146639 
1.23505 0.00398288 -0.00733413 
1.22163 0.0038502 0.0447741 
1.2257 0.00350309 -0.0428848 
1.23161 0.00370059 0.0413266 
1.21998 0.00260314 -0.0025634 
1.23409 0.00592373 -0.0178784 
1.22309 0.00119261 0.0495411 
1.22391 0.00336588 -0.0407392 
1.23336 0.00418157 0.0322585 
1.21988 0.0031628 0.0098971 
1.23259 0.00671168 -0.0272975 
1.22482 0.000601837 0.0522313 
1.22431 0.00838424 0.0552177 
1.22235 0.00112397 -0.036474 
1.2346 0.00591886 0.0219471 
1.22001 0.00394113 0.0221393 
1.23067 0.00589804 -0.035152 
1.2267 0.00221073 0.0527165 
1.22138 0.00481611 -0.0272895 
1.23534 0.000666862 0.00792635 
1.23524 0.00839589 0.0108983 
1.22039 0.00547727 0.0335995 
1.22846 0.0031439 -0.0411091 
1.22861 0.00601526 0.0510047 
1.22062 0.00700953 -0.0165469 
1.23524 0.00331248 -0.00329853 
1.22142 0.000464149 0.0407505 
1.22101 0.00826428 0.0437662 
1.22652 0.00601018 -0.0419626 
1.23087 0.00412604 0.0442714 
1.22006 0.000349116 -0.00775298 
1.2201 0.00815608 -0.00470855 
1.2345 0.00554058 -0.0141222 
1.22236 0.00492106 0.0492169 
1.22467 0.00666366 -0.0406027 
1.23278 0.00404679 0.0357557 
1.2199 0.000964995 0.00464411 
1.23319 0.00679866 -0.0240001 
1.22399 0.00356358 0.0526696 
1.22301 0.00515915 -0.0370743 
1.23422 0.00538887 0.025836 
1.21998 0.00160167 0.017032 
1.2314 0.0066046 -0.0324597 
1.22583 0.00437353 0.0539474 
1.22163 0.00168712 -0.0315579 
1.23508 0.00766424 0.014989 
1.2203 0.00280679 0.0288372 
1.22928 0.00457777 -0.039128 
1.22774 0.00739609 0.0530098 
1.22082 0.00436922 -0.0213286 
1.23535 0.00258807 0.000788924 
1.22087 0.00509373 0.0395253 
1.22698 0.00045855 -0.043747 
1.22735 0.00822859 -0.0407564 
1.23008 0.00478549 0.046986 
1.22025 0.00583351 -0.00982628 
1.23484 0.00503198 -0.0102438 
1.22211 0.00111201 0.0456298 
1.22509 0.00190019 -0.043189 
1.23213 0.00409582 0.0390715 
1.21991 0.00657768 0.00243531 
1.23373 0.00669786 -0.0205196 
1.22318 0.00680809 0.0528286 
1.22336 0.00114894 -0.0404306 
1.23376 0.00497961 0.029605 
1.21982 0.00714323 0.0148915 
1.2321 0.00707425 -0.0295361 
1.22495 0.00682506 0.0548938 
1.2222 0.00614392 -0.0325833 
1.23484 0.00698141 0.0190305 
1.22022 0.000275605 0.0239282 
1.21997 0.00808208 0.0269641 
1.23008 0.00574124 -0.0368824 
1.22735 0.00128459 0.0517676 
1.22103 0.00157225 -0.0259438 
1.23538 0.00183655 0.00490168 
1.22072 0.00211992 0.0350772 
1.22783 0.00239425 -0.0422581 
1.22925 0.00569323 0.0494564 
1.2204 0.00341837 -0.014845 
1.2351 0.00442274 -0.00626759 
1.22146 0.00534226 0.0448046 
1.2259 0.00463451 -0.042491 
1.23143 0.0043483 0.0421868 
1.22 0.00435948 -0.00279364 
1.23419 0.00643031 -0.0168763 
1.2229 0.00253647 0.049718 
1.22409 0.00466377 -0.0405095 
1.23322 0.00471495 0.0332308 
1.21985 0.00492525 0.00965965 
1.23274 0.00732289 -0.0263968 
1.22461 0.00178173 0.0525698 
