1.07331 0.00687421 -0.34147 
1.31103 0.00515098 -0.00783033 
1.064 0.00733123 0.361208 
1.0637 0.0038823 -0.420995 
1.27115 0.00229936 0.228064 
1.1215 0.00236571 0.199295 
1.12011 0.00721037 -0.419363 
1.17832 0.00302669 0.385027 
1.15024 0.00154119 -0.0310434 
1.20527 0.00251004 -0.346857 
1.09759 0.0027162 0.435408 
1.10647 0.00235575 -0.245153 
1.28978 0.000448254 -0.165149 
1.29098 0.00788715 -0.162615 
1.05323 0.00769167 0.418455 
1.05928 0.00169886 -0.382243 
1.30676 0.00067869 0.0799738 
1.30614 0.00805111 0.0825907 
1.08109 0.00768769 0.31352 
1.07817 0.00328512 -0.427881 
1.23986 0.00357359 0.297107 
1.13992 0.00215991 0.122233 
1.14826 0.00643094 -0.403479 
1.14511 0.00728423 0.413056 
1.14126 0.00399481 -0.113571 
1.24051 0.00678973 -0.29171 
1.07469 0.00826542 0.437467 
1.08763 0.00759432 -0.301832 
1.30638 0.00479187 -0.0794273 
1.05545 0.00635913 0.391659 
1.05692 0.00177979 -0.409113 
1.29055 0.00458527 0.166396 
1.10339 0.0041636 0.254523 
1.09787 0.00122309 -0.4274 
1.20465 0.00619137 0.353249 
1.14984 0.00461201 0.0394002 
1.17878 0.00411444 -0.377903 
1.11687 0.00575906 0.429106 
1.12386 0.00395617 -0.190175 
1.27007 0.0018665 -0.226039 
1.06015 0.00659013 0.430401 
1.07093 0.00855283 -0.349792 
1.31107 0.000342876 0.00815533 
1.31099 0.00769703 0.0108074 
1.06957 0.000152295 0.350986 
1.06765 0.0082506 -0.422131 
1.26442 0.00688446 0.243895 
1.12443 0.0069983 0.18645 
1.12513 0.0062818 -0.417068 
1.17072 0.00631889 0.392228 
1.14956 0.00707849 -0.0455849 
1.21224 0.00315829 -0.337312 
1.09285 0.00328403 0.436369 
1.10327 0.00566653 -0.256455 
1.29429 0.0036426 -0.14808 
1.0537 0.00490498 0.413777 
1.05775 0.00124829 -0.388706 
1.30432 0.00321468 0.0981385 
1.0871 0.00165575 0.301369 
1.08268 0.00579967 -0.42782 
1.23362 0.00220427 0.308821 
1.14184 0.00764609 0.108291 
1.15339 0.00406604 -0.399814 
1.13998 0.0050719 0.416505 
1.13787 0.00118089 -0.130397 
1.24656 0.00538679 -0.279798 
1.07342 0.0022991 0.435624 
1.08183 0.00146345 -0.313659 
1.30836 0.0073227 -0.0611731 
1.05717 0.00616105 0.384812 
1.05993 0.00763849 -0.4117 
1.28693 0.000433053 0.180864 
1.28558 0.00788791 0.183356 
1.10671 0.00767548 0.242853 
1.10265 0.00157589 -0.426184 
1.19756 0.00700291 0.362464 
1.15073 0.00196957 0.02134 
1.18626 0.00713836 -0.37037 
1.11189 0.00497122 0.431154 
1.1188 2.96011e-05 -0.205499 
1.12097 0.00837597 -0.202684 
1.27637 0.00634999 -0.210083 
1.05959 0.00228638 0.427277 
1.06558 0.00120606 -0.359717 
1.31064 0.00288501 0.0267832 
1.07209 0.00196991 0.34234 
1.06858 0.00355204 -0.424681 
1.25913 0.00425169 0.257049 
1.1292 0.00357673 0.170434 
1.13021 0.0051137 -0.414512 
1.16576 0.00217253 0.397055 
1.14801 0.00445168 -0.063364 
1.21906 0.00331864 -0.327255 
1.08816 0.00427016 0.43708 
1.09743 0.000282062 -0.269894 
1.29826 0.00659949 -0.130737 
1.05443 0.00258778 0.408656 
1.05646 0.000275449 -0.394748 
1.30134 0.00580892 0.116097 
1.09023 0.00434998 0.29106 
1.08723 0.00787583 -0.427543 
1.2272 0.00117358 0.3201 
1.14471 0.00497421 0.0909177 
1.15851 0.00129856 -0.395846 
1.13485 0.00318743 0.41967 
1.13566 0.00648048 -0.143835 
1.25241 0.00366952 -0.267518 
1.06903 0.00539898 0.4352 
1.07906 0.00376774 -0.322941 
1.30949 0.00248401 -0.0454076 
1.05908 0.00645908 0.377581 
1.05999 0.00429779 -0.415583 
1.28158 0.00400774 0.197579 
1.11246 0.00305443 0.228241 
1.1075 0.00156248 -0.424709 
1.19292 0.000469034 0.369118 
1.19032 0.0083897 0.371151 
1.15097 0.00748597 0.00663941 
1.19106 0.00160157 -0.364435 
1.10697 0.00446392 0.43293 
1.11574 0.00416011 -0.217717 
1.28075 0.00299324 -0.196311 
1.05598 0.0071094 0.425431 
1.06348 0.00219209 -0.367344 
1.30967 0.0054174 0.0453545 
1.07475 0.00401348 0.333381 
1.07283 0.00724817 -0.425289 
1.2536 0.00192109 0.269901 
1.13355 0.000399008 0.154086 
1.1318 0.00866364 0.157131 
1.13532 0.00370439 -0.411694 
1.15795 0.0066757 0.403423 
1.14592 0.00181774 -0.0809371 
1.22572 0.00304146 -0.316705 
1.08352 0.00569189 0.43755 
1.09427 0.00317523 -0.280519 
1.30087 0.00197851 -0.11573 
1.05544 0.000775019 0.403087 
1.05863 0.00758727 -0.398629 
1.29882 0.00110127 0.131262 
1.29782 0.00850644 0.133824 
1.09346 0.00719891 0.280424 
1.08875 0.000926405 -0.428782 
1.22061 0.000515188 0.330911 
1.21824 0.00828365 0.333063 
1.14707 0.00233909 0.0733097 
1.16632 0.00615668 -0.389585 
1.12974 0.00158933 0.42256 
1.13159 0.00335616 -0.160132 
1.25802 0.00164222 -0.254902 
1.06796 0.000129316 0.432914 
1.07641 0.00591328 -0.331913 
1.31053 0.00501558 -0.0268834 
1.06117 0.00721074 0.369988 
1.06031 0.000594383 -0.419077 
1.27728 0.000409861 0.211563 
1.2757 0.00790628 0.214001 
1.11565 0.00711623 0.215954 
1.11241 0.00122374 -0.422972 
1.1856 0.00243042 0.377322 
1.15094 0.00483486 -0.0114683 
1.19831 0.00340792 -0.355953 
1.10211 0.00427055 0.434436 
1.11264 0.00801793 -0.229674 
1.28616 0.00679013 -0.179789 
1.05589 0.00348152 0.421603 
1.06156 0.00275607 -0.374617 
1.30863 0.000576123 0.0611942 
1.30815 0.00794082 0.063825 
1.07755 0.00624001 0.32411 
1.07403 0.00188995 -0.427362 
1.24577 0.00752194 0.284709 
1.13591 0.005664 0.140552 
1.14047 0.00203461 -0.408612 
1.15288 0.00358976 0.407523 
1.14443 0.00736099 -0.0950029 
1.23222 0.00237207 -0.305684 
1.07893 0.0075543 0.43779 
1.09119 0.00591348 -0.290823 
1.30391 0.00463319 -0.0979025 
1.05341 0.00829894 0.39878 
1.05786 0.00559512 -0.403817 
1.2949 0.00393664 0.148767 
1.0995 0.00175031 0.267038 
1.09342 0.00214021 -0.428073 
1.21387 0.00027288 0.341227 
1.21143 0.00807725 0.34335 
1.14822 0.00789428 0.0588632 
1.17134 0.00239356 -0.384931 
1.12467 0.000250677 0.425179 
1.12168 0.00859659 0.426965 
1.12902 0.00829677 -0.173141 
1.26514 0.00685623 -0.239583 
1.06379 0.00392528 0.432013 
1.07389 0.00786227 -0.340575 
1.31096 0.000202608 -0.0109331 
1.31102 0.00755692 -0.00828029 
1.06341 0.00836284 0.362053 
1.06406 0.00533243 -0.420555 
1.27104 0.00462593 0.227724 
1.121 0.00311137 0.20061 
1.11738 0.000598429 -0.42097 
1.17813 0.00503497 0.385025 
1.15033 0.0021893 -0.0295165 
1.20542 0.00462756 -0.346955 
1.09731 0.00442897 0.435674 
1.10704 0.00319311 -0.243965 
1.28986 0.00282663 -0.165518 
1.05606 0.000239624 0.417365 
1.05981 0.00285071 -0.381513 
1.30671 0.0030931 0.07954 
1.08347 2.99714e-05 0.312366 
1.08048 0.00861991 0.314524 
1.07847 0.00484961 -0.42753 
1.23972 0.00582345 0.296845 
1.13959 0.00282125 0.123676 
1.14563 6.89559e-05 -0.405259 
1.14845 0.00826428 -0.403347 
1.14778 0.000943258 0.411302 
1.14156 0.00465427 -0.11213 
1.23853 0.00134688 -0.294225 
1.07757 0.00117744 0.436168 
1.08821 0.00851647 -0.300808 
1.30642 0.00720567 -0.0798512 
1.05491 0.0075369 0.392374 
1.05736 0.00312508 -0.408559 
1.29046 0.006976 0.16601 
1.1028 0.00500763 0.255706 
1.09814 0.00292203 -0.427124 
1.20697 0.000497358 0.35103 
1.20448 0.00833921 0.353121 
1.14973 0.00526049 0.0409284 
1.17895 0.0060937 -0.37788 
1.11663 0.00754122 0.429302 
1.12434 0.00469648 -0.188859 
1.27017 0.00417662 -0.226358 
1.05977 0.0080634 0.430828 
1.06841 0.000870372 -0.350896 
1.31106 0.0027507 0.00770416 
1.06898 0.00115531 0.351871 
1.06481 0.000975164 -0.423395 
1.26609 0.00165076 0.241189 
1.12395 0.00772406 0.187788 
1.12535 0.00806289 -0.41687 
1.17326 0.000256805 0.390293 
1.17052 0.00829311 0.392249 
1.14968 0.00772673 -0.0440663 
1.21239 0.00530555 -0.337439 
1.09256 0.00497512 0.436652 
1.10384 0.00652486 -0.255295 
1.29436 0.00603592 -0.148458 
1.05322 0.00624298 0.414353 
1.05828 0.0024417 -0.38801 
1.30426 0.00563186 0.0977119 
1.08649 0.0025719 0.302414 
1.08297 0.0073912 -0.42748 
1.23347 0.00444053 0.308583 
1.14279 9.00908e-05 0.106523 
1.14153 0.00830244 0.109754 
1.15358 0.00592222 -0.399701 
1.13977 0.00690765 0.416634 
1.13822 0.00185127 -0.128979 
1.24668 0.00763216 -0.280051 
1.0731 0.00386001 0.435983 
1.08243 0.00240319 -0.312674 
1.30793 0.00237187 -0.0642438 
1.05661 0.0072999 0.385562 
1.05713 0.000214467 -0.412864 
1.28684 0.00281219 0.180492 
1.10866 8.32557e-05 0.241479 
1.10612 0.00849926 0.244066 
1.10292 0.00329855 -0.425923 
1.19993 0.0012418 0.360307 
1.15067 0.00261936 0.0228769 
1.18383 0.00119175 -0.372423 
1.11164 0.00674222 0.431367 
1.11931 0.000795929 -0.204215 
1.27492 0.00117743 -0.212869 
1.27645 0.00867967 -0.21041 
1.0592 0.0037383 0.427732 
1.06615 0.00225113 -0.358887 
1.31062 0.00529605 0.0263328 
1.07149 0.00295257 0.343254 
1.06892 0.00504773 -0.424281 
1.25901 0.00655022 0.256732 
1.12875 0.00428224 0.171804 
1.13042 0.00690732 -0.41433 
1.16557 0.00411333 0.397105 
1.14818 0.00510125 -0.0618597 
1.2192 0.00549229 -0.327412 
1.08787 0.00593776 0.437377 
1.09802 0.00116288 -0.268774 
1.29736 0.00159719 -0.133703 
1.05394 0.00389003 0.409269 
1.05696 0.00151088 -0.394087 
1.30213 0.000835192 0.113094 
1.30127 0.00822668 0.115678 
1.08962 0.00525347 0.292137 
1.08442 0.000887771 -0.42894 
1.22704 0.00339461 0.319888 
1.14445 0.00562668 0.092403 
1.15869 0.0031819 -0.395755 
1.13463 0.00500891 0.419817 
1.13604 0.0071632 -0.142435 
1.25252 0.00593222 -0.267791 
1.06869 0.00693923 0.435571 
1.07965 0.0047222 -0.321983 
1.30951 0.00489893 -0.0458489 
1.05851 0.00756137 0.378364 
1.0604 0.00570306 -0.415087 
1.28148 0.00637397 0.197214 
1.11191 0.00385331 0.229493 
1.10775 0.0033059 -0.424464 
1.19274 0.00255676 0.369058 
1.15094 0.0081371 0.0081795 
1.19122 0.00365647 -0.364471 
1.1067 0.00622157 0.433161 
1.11627 0.00495044 -0.216458 
1.28084 0.00534298 -0.196653 
1.05557 0.008541 0.425909 
1.06405 0.00327008 -0.366544 
1.30997 0.000473648 0.0422649 
1.30963 0.00783271 0.0449065 
1.07415 0.00497932 0.334325 
