0.681456 1.5708 0.126915 
0.681648 1.57301 0.126237 
0.681843 1.57522 0.125558 
0.68204 1.57744 0.12488 
0.793129 1.56519 -0.153602 
0.791842 1.57698 -0.156925 
1.0308 1.57111 0.0773374 
0.631069 1.57332 0.0579973 
0.903649 1.56674 -0.139456 
0.902483 1.57736 -0.142015 
0.928092 1.56411 0.135545 
0.92924 1.5745 0.133163 
0.627313 1.57109 -0.0350635 
1.00884 1.57003 -0.0890577 
0.816603 1.56972 0.160163 
0.666741 1.56509 -0.110045 
0.665739 1.57865 -0.114215 
1.07685 1.56873 -0.0214724 
1.0767 1.57796 -0.0224875 
0.713318 1.56741 0.143272 
0.753327 1.56591 -0.148044 
0.752073 1.57821 -0.151622 
1.05965 1.56683 0.0526063 
1.06015 1.57618 0.0514289 
0.64332 1.57415 0.0887607 
0.860764 1.5728 -0.152659 
0.969216 1.56245 0.116524 
0.970218 1.57249 0.114496 
0.623934 1.56269 0.00356603 
0.623927 1.57698 -0.00096284 
0.970525 1.57095 -0.111296 
0.859282 1.57006 0.156106 
0.645241 1.56657 -0.0861386 
1.05999 1.56713 -0.0485589 
1.05959 1.57649 -0.0497264 
0.74977 1.56425 0.154878 
0.751056 1.57656 0.151264 
0.716928 1.56226 -0.136419 
0.715714 1.57505 -0.140238 
1.07683 1.56534 0.0253536 
1.07708 1.57458 0.0243349 
0.663375 1.56298 0.117024 
0.664387 1.57656 0.112825 
0.818458 1.57318 -0.156905 
1.00797 1.56376 0.0937689 
1.00881 1.5735 0.0921009 
0.626446 1.56903 0.0375624 
0.929875 1.5691 -0.129885 
0.928795 1.57949 -0.132235 
0.90151 1.56603 0.145425 
0.902737 1.57664 0.14283 
0.632366 1.56714 -0.0555412 
1.03143 1.56292 -0.0729806 
1.03078 1.5725 -0.0744051 
0.789798 1.56589 0.160153 
0.791124 1.57769 0.156793 
0.684644 1.56265 -0.121391 
0.683537 1.57592 -0.125431 
1.08068 1.56594 -0.00313477 
1.08068 1.57515 -0.00411466 
0.691866 1.56259 0.135488 
0.693012 1.57573 0.131491 
0.778263 1.56709 -0.152575 
0.776995 1.57907 -0.155993 
1.0424 1.57143 0.0683462 
0.634491 1.56954 0.0710035 
0.887778 1.57236 -0.145798 
0.943276 1.56438 0.128871 
0.94438 1.57463 0.126618 
0.625472 1.56865 -0.0214083 
0.995595 1.56764 -0.096907 
0.994762 1.57749 -0.0986734 
0.83147 1.5654 0.160817 
0.832791 1.57672 0.157724 
0.657234 1.57534 -0.105194 
1.07237 1.56638 -0.0313279 
1.07213 1.57565 -0.0323817 
0.726106 1.56655 0.147987 
0.727369 1.57917 0.144219 
0.739448 1.56664 -0.145004 
0.738216 1.57912 -0.148673 
1.06737 1.56286 0.0433304 
1.06776 1.57217 0.0422197 
0.649664 1.57158 0.0994016 
0.846553 1.5622 -0.152284 
0.84526 1.57339 -0.155258 
0.984238 1.56835 0.107502 
0.985215 1.57827 0.10562 
0.624219 1.57617 0.0125216 
0.956476 1.56494 -0.117363 
0.955458 1.57511 -0.11948 
0.873963 1.56213 0.154704 
0.875219 1.57302 0.151901 
0.639862 1.56348 -0.0746025 
0.639141 1.57749 -0.0789849 
1.05041 1.57079 -0.0584017 
0.764142 1.56569 0.157091 
0.765451 1.57781 0.153568 
0.70368 1.57285 -0.134598 
1.07962 1.56321 0.015297 
1.07977 1.57243 0.0143041 
0.673789 1.57296 0.121246 
0.804196 1.56622 -0.154647 
0.802913 1.57788 -0.1579 
1.02083 1.56225 0.0853531 
1.02159 1.57189 0.0838034 
0.628633 1.56584 0.0511474 
0.915017 1.56707 -0.135394 
0.913882 1.57759 -0.137863 
0.916483 1.56288 0.140489 
0.917653 1.57337 0.138011 
0.629413 1.5633 -0.0420842 
0.628984 1.57749 -0.046561 
1.01848 1.57153 -0.0829212 
0.805125 1.5692 0.160117 
0.673496 1.57175 -0.117556 
1.07917 1.56361 -0.0132051 
1.07907 1.57283 -0.0141967 
0.704508 1.57254 0.137965 
0.76371 1.56845 -0.150805 
1.05247 1.56409 0.060121 
1.05302 1.5735 0.0588721 
0.638793 1.56618 0.0832833 
0.873196 1.56565 -0.148288 
0.87196 1.57656 -0.151076 
0.958532 1.56689 0.121251 
0.959602 1.57702 0.119133 
0.624302 1.56723 -0.00783822 
0.981946 1.56439 -0.104265 
0.981028 1.57435 -0.106152 
0.846839 1.56401 0.159618 
0.848141 1.57516 0.156627 
0.649818 1.57249 -0.0953559 
1.06613 1.56337 -0.0408585 
1.06577 1.57269 -0.041965 
0.739585 1.56687 0.151691 
0.740873 1.57931 0.148011 
0.726145 1.56659 -0.141082 
0.724937 1.57926 -0.144838 
1.07365 1.56943 0.0325536 
1.07398 1.57869 0.0315092 
0.657219 1.56897 0.109104 
0.830138 1.57123 -0.15603 
0.997952 1.56551 0.0998316 
0.998848 1.57533 0.0980726 
0.625283 1.57472 0.0260729 
0.941411 1.56682 -0.12456 
0.940353 1.57711 -0.12681 
0.89002 1.567 0.149035 
0.891278 1.57772 0.146352 
0.63487 1.57395 -0.0665813 
1.04016 1.563 -0.0663877 
1.03957 1.57252 -0.0677313 
0.778861 1.56744 0.158599 
0.780191 1.57937 0.155169 
0.692376 1.5694 -0.128006 
1.08085 1.57014 0.00421119 
1.08094 1.57935 0.00323278 
0.684002 1.56904 0.12901 
0.789064 1.56899 -0.154346 
1.03375 1.5712 0.0751342 
0.63145 1.56211 0.0644961 
0.632005 1.57625 0.0600395 
0.900303 1.56316 -0.139875 
0.899106 1.57382 -0.142459 
0.932701 1.57194 0.132177 
0.626718 1.5743 -0.0329224 
1.0056 1.56966 -0.0910619 
1.00483 1.57944 -0.0927387 
0.81961 1.56291 0.162006 
0.82092 1.57436 0.158836 
0.664256 1.56792 -0.109018 
1.07586 1.57061 -0.0241974 
0.716744 1.57058 0.14348 
0.749501 1.56953 -0.148355 
1.06183 1.56815 0.0500578 
1.06231 1.57749 0.0489026 
0.644179 1.5634 0.0946348 
0.645011 1.57731 0.0902877 
0.857509 1.56789 -0.152078 
0.856265 1.57896 -0.154978 
0.973717 1.57147 0.112812 
0.623899 1.56644 0.00565141 
0.967039 1.56983 -0.11292 
0.862593 1.56534 0.15659 
0.863886 1.57633 0.153707 
0.643585 1.56968 -0.0845736 
1.05775 1.56836 -0.0510565 
1.05734 1.57774 -0.0522463 
0.753632 1.56795 0.154505 
0.71354 1.56532 -0.136154 
0.712353 1.57817 -0.139995 
1.07773 1.56725 0.0226106 
1.07796 1.57648 0.0216019 
0.665879 1.5659 0.118001 
0.666923 1.57944 0.113819 
0.815509 1.56619 -0.154975 
0.814226 1.57772 -0.158154 
1.01122 1.56348 0.0916953 
1.01203 1.5732 0.0900572 
0.62703 1.57224 0.039691 
0.92645 1.56638 -0.130793 
0.925343 1.57681 -0.133169 
0.90493 1.56265 0.144899 
0.906127 1.57324 0.142328 
0.631433 1.57005 -0.0534743 
1.02846 1.56292 -0.0751189 
1.02779 1.57252 -0.076571 
0.793906 1.56981 0.159325 
0.681778 1.56523 -0.120604 
0.680698 1.57855 -0.124664 
1.08044 1.56778 -0.00588633 
1.08042 1.57699 -0.00686853 
0.694943 1.56536 0.136057 
0.696116 1.57844 0.13208 
0.774283 1.57076 -0.153146 
1.04454 1.56245 0.0673563 
1.04514 1.57192 0.0660302 
0.635647 1.57252 0.0728998 
0.884443 1.56838 -0.14592 
0.883246 1.57919 -0.148627 
0.946799 1.56243 0.127588 
0.94788 1.57266 0.125363 
0.625063 1.57213 -0.0192867 
0.99224 1.56709 -0.0988071 
0.991387 1.57697 -0.100604 
0.835902 1.57067 0.159093 
0.655973 1.56465 -0.0997624 
0.655049 1.57839 -0.104014 
1.07092 1.56817 -0.0339999 
1.07065 1.57745 -0.0350687 
0.729717 1.56999 0.147963 
0.735756 1.57016 -0.145137 
1.06911 1.56456 0.0406724 
1.06949 1.57385 0.0395801 
0.651675 1.57475 0.100702 
0.842093 1.56775 -0.154188 
0.840832 1.57899 -0.157193 
0.987678 1.56771 0.105629 
0.988635 1.57761 0.103778 
0.624302 1.56554 0.0191436 
0.952996 1.56327 -0.118733 
0.951954 1.57346 -0.120879 
0.878572 1.56886 0.151965 
0.638497 1.56649 -0.0728131 
1.04836 1.5621 -0.05951 
1.04783 1.57155 -0.0607763 
0.768103 1.56941 0.156567 
0.701676 1.56266 -0.130209 
0.700506 1.57568 -0.134131 
1.08009 1.56509 0.0125404 
1.08022 1.57431 0.011553 
0.67547 1.56229 0.126208 
0.676546 1.57568 0.122097 
0.80006 1.57026 -0.155572 
1.02393 1.56215 0.0831933 
1.02467 1.57178 0.0816727 
0.629394 1.56885 0.0532477 
0.911643 1.56383 -0.136025 
0.910478 1.57438 -0.138519 
0.921086 1.57042 0.137225 
0.628655 1.56632 -0.0399493 
1.01533 1.5713 -0.0849926 
0.809347 1.57346 0.159038 
0.670851 1.57446 -0.116644 
1.07852 1.56549 -0.0159447 
1.0784 1.57471 -0.0169429 
0.706606 1.56256 0.142248 
0.707799 1.57547 0.138351 
0.759813 1.57209 -0.151235 
1.05493 1.56507 0.0576575 
1.05546 1.57447 0.0564332 
0.640221 1.56929 0.0849751 
0.868648 1.5721 -0.150834 
0.962062 1.56551 0.119718 
0.96311 1.57561 0.11763 
0.624107 1.57093 -0.00574402 
0.978511 1.56356 -0.106015 
0.977573 1.57355 -0.107932 
0.851372 1.56991 0.157485 
0.647937 1.57562 -0.0939674 
1.06421 1.5649 -0.0434367 
1.06385 1.57423 -0.0445626 
0.743357 1.5705 0.151457 
0.722623 1.5699 -0.140998 
1.07491 1.5713 0.0298417 
0.659533 1.57202 0.110209 
0.827099 1.56481 -0.154452 
0.82581 1.5762 -0.157556 
1.00129 1.56511 0.0978296 
1.00217 1.5749 0.0961012 
0.625462 1.56386 0.0327076 
0.62574 1.57812 0.028194 
0.937956 1.56454 -0.125669 
0.936872 1.57486 -0.127946 
0.893419 1.5633 0.148736 
0.894646 1.574 0.146077 
0.634394 1.56278 -0.0601846 
0.633795 1.57688 -0.0646155 
1.03733 1.56328 -0.0686115 
1.03672 1.57282 -0.0699818 
0.782907 1.57122 0.157921 
0.689383 1.57204 -0.127347 
1.08087 1.56278 0.00243543 
1.0809 1.57199 0.00145658 
0.68695 1.57171 0.129714 
0.785029 1.57276 -0.15505 
1.03666 1.57139 0.0729046 
0.632404 1.56506 0.0665027 
0.633003 1.57918 0.0620541 
0.895746 1.57016 -0.142822 
0.93618 1.56953 0.131118 
0.626463 1.56334 -0.0262803 
0.626181 1.57758 -0.0307851 
1.00232 1.56926 -0.0930441 
1.00154 1.57906 -0.0947507 
0.823942 1.56773 0.160571 
0.825282 1.57913 0.157429 
0.661841 1.5708 -0.107958 
1.07496 1.56323 -0.0258886 
1.07475 1.57248 -0.0269161 
0.720225 1.57381 0.143637 
0.745711 1.57315 -0.148634 
1.0639 1.56958 0.0474838 
1.06436 1.57891 0.0463499 
0.64592 1.5666 0.0960946 
0.854288 1.56279 -0.151371 
0.853007 1.5739 -0.154292 
0.977207 1.57057 0.111075 
0.623937 1.57019 0.00773666 
0.963548 1.56858 -0.114488 
0.962579 1.5787 -0.116548 
0.867193 1.57175 0.154091 
0.642015 1.57278 -0.0829553 
1.05542 1.56948 -0.0535258 
1.05499 1.57888 -0.0547388 
0.757529 1.57165 0.154099 
0.710205 1.56833 -0.135839 
1.07852 1.56916 0.0198641 
1.07874 1.57838 0.0188641 
0.66845 1.56877 0.118945 
0.811288 1.57056 -0.156124 
1.01443 1.56324 0.0896003 
1.01522 1.57293 0.087992 
0.62767 1.57538 0.0418188 
0.923043 1.56353 -0.131628 
0.921908 1.57398 -0.134029 
0.909534 1.56994 0.141748 
0.630557 1.57299 -0.0513864 
1.02545 1.56285 -0.0772329 
1.02476 1.57247 -0.078713 
0.798048 1.57378 0.158449 
0.678964 1.56784 -0.119786 
1.0801 1.56963 -0.00863738 
1.08006 1.57884 -0.0096231 
0.698074 1.56815 0.136584 
0.771623 1.56238 -0.150228 
0.77033 1.57444 -0.153689 
1.04723 1.56308 0.0649838 
1.04781 1.57253 0.063684 
0.636879 1.57553 0.0747525 
0.881128 1.56428 -0.145949 
0.879897 1.57511 -0.148679 
0.951392 1.57083 0.124037 
0.624719 1.57568 -0.0171735 
0.988861 1.56649 -0.100677 
0.987989 1.5764 -0.102503 
0.839066 1.56484 0.160326 
0.840379 1.57608 0.157282 
0.653834 1.5677 -0.0985225 
1.06934 1.56992 -0.0366573 
1.06906 1.57921 -0.0377424 
0.73338 1.57348 0.14789 
0.732111 1.57366 -0.145226 
1.07073 1.56631 0.0379977 
1.0711 1.57559 0.0369227 
0.65284 1.56413 0.106234 
0.653776 1.57789 0.101955 
0.837672 1.57318 -0.156008 
0.991096 1.56715 0.10372 
0.992034 1.57702 0.1019 
0.624567 1.56914 0.0212443 
0.948457 1.57167 -0.12221 
0.881946 1.56483 0.151928 
0.883205 1.57563 0.149183 
0.63721 1.56948 -0.0709761 
1.04572 1.56272 -0.0618288 
1.04517 1.57219 -0.0631205 
0.772094 1.57312 0.156012 
0.698528 1.5654 -0.129677 
0.697385 1.57846 -0.13362 
1.08045 1.56696 0.00978388 
1.08056 1.57617 0.00880074 
0.678256 1.56502 0.12701 
0.679361 1.57837 0.122917 
0.797264 1.56249 -0.153145 
0.795959 1.57422 -0.156442 
1.02699 1.56212 0.081011 
1.02771 1.57172 0.0795191 
0.630212 1.57182 0.0553331 
0.907092 1.57105 -0.1391 
0.924537 1.5676 0.136365 
0.925717 1.57802 0.133957 
0.627952 1.56941 -0.0378098 
1.01215 1.57102 -0.0870435 
0.812278 1.56629 0.161108 
0.81361 1.57782 0.157891 
0.669291 1.56371 -0.111552 
0.668266 1.57723 -0.115703 
1.07776 1.56737 -0.0186813 
1.07763 1.5766 -0.0196874 
0.709924 1.56561 0.142563 
0.711144 1.57847 0.138688 
0.75722 1.56351 -0.148083 
0.755947 1.57575 -0.151637 
1.0573 1.56617 0.0551649 
1.05782 1.57555 0.0539645 
0.641736 1.57242 0.0866135 
0.865361 1.5675 -0.150479 
0.864125 1.57849 -0.153325 
0.965592 1.56427 0.118122 
0.966619 1.57435 0.116064 
0.623984 1.57466 -0.00365508 
0.975062 1.56265 -0.107719 
0.974103 1.57266 -0.109667 
0.854644 1.56485 0.158209 
0.855943 1.57592 0.155271 
0.64697 1.56488 -0.0882048 
0.646144 1.57877 -0.0925272 
1.06219 1.56634 -0.0459914 
1.06181 1.57569 -0.0471376 
0.747172 1.57414 0.151183 
0.719154 1.57315 -0.140864 
1.07577 1.56396 0.0281509 
1.07604 1.5732 0.0271209 
0.661925 1.57502 0.111275 
0.822784 1.5696 -0.155866 
1.0046 1.56474 0.0958023 
1.00546 1.57451 0.0941043 
0.62593 1.56721 0.0348301 
0.934518 1.56211 -0.126705 
0.933407 1.57246 -0.129009 
0.898031 1.57039 0.145717 
0.63334 1.56569 -0.0581759 
1.03445 1.56347 -0.0708072 
1.03382 1.57302 -0.0722046 
0.785676 1.56316 0.160591 
0.786983 1.57501 0.157205 
0.68644 1.57467 -0.126652 
1.08083 1.56462 -0.000319529 
1.08085 1.57383 -0.0012983 
0.689951 1.57439 0.130382 
0.782307 1.56459 -0.152324 
0.78102 1.57651 -0.155717 
1.03887 1.56215 0.0720276 
1.03951 1.57166 0.0706477 
0.633423 1.56802 0.0684771 
0.892403 1.56639 -0.143104 
0.891209 1.57712 -0.14575 
0.939675 1.56727 0.129984 
0.94081 1.57755 0.127703 
0.625934 1.56668 -0.0241442 
0.999022 1.56881 -0.095003 
0.998213 1.57864 -0.0967395 
0.828319 1.57268 0.159054 
0.659499 1.57375 -0.106861 
