1.06909 0.00853733 -0.346379 
1.31284 0.00686305 -0.00996997 
1.06022 0.00202441 0.367686 
1.05901 0.00797215 -0.426332 
1.27363 0.00375712 0.226921 
1.11559 0.00529912 0.211116 
1.11262 0.0064528 -0.428038 
1.18106 0.00203857 0.386898 
1.14927 0.00474986 -0.0169629 
1.19923 0.00758361 -0.359908 
1.09635 0.00670768 0.44216 
1.10694 0.00032044 -0.236535 
1.28619 0.00388072 -0.186002 
1.04916 0.00727933 0.429493 
1.05753 0.00491889 -0.378327 
1.31063 0.00526381 0.0577323 
1.07321 0.000784245 0.332515 
1.06919 0.00770535 -0.432661 
1.25072 0.003751 0.280581 
1.13062 0.00763919 0.155408 
1.13283 0.00385134 -0.418241 
1.15589 0.00305047 0.410072 
1.14414 0.00196329 -0.0824623 
1.22435 0.00415075 -0.323753 
1.08057 0.00291081 0.444014 
1.0919 0.00471147 -0.281609 
1.30145 0.00487826 -0.123985 
1.04765 0.00619333 0.413039 
1.05181 0.00357958 -0.402906 
1.30203 0.00384917 0.123708 
1.08785 0.00231039 0.292463 
1.08092 0.00219943 -0.435723 
1.22603 0.000753537 0.326754 
1.2237 0.00849269 0.328916 
1.1429 0.00423547 0.0927955 
1.15617 0.00522311 -0.402629 
1.13262 0.00332979 0.426094 
1.13444 0.00692466 -0.141761 
1.24934 0.00254209 -0.278623 
1.06561 0.00512274 0.442568 
1.07749 0.00646681 -0.321768 
1.31036 0.00361248 -0.0584907 
1.0532 0.00355659 0.388737 
1.05306 0.00379456 -0.419581 
1.28706 0.00426148 0.186448 
1.10333 0.00646426 0.247378 
1.09973 0.00781049 -0.432225 
1.19871 0.00350112 0.366066 
1.14899 0.00145586 0.0271864 
1.18148 0.00783206 -0.38012 
1.11239 3.03518e-05 0.436156 
1.10934 0.00846048 0.437886 
1.11865 0.00126357 -0.20034 
1.27254 0.00371772 -0.22589 
1.05529 0.0038689 0.436215 
1.06457 0.00576923 -0.357115 
1.31289 0.00201156 0.00908063 
1.06158 0.00776632 0.358925 
1.06134 0.00695542 -0.428936 
1.26768 0.00107566 0.242996 
1.26589 0.00861329 0.245363 
1.12039 0.00605121 0.194771 
1.11936 0.00795955 -0.425046 
1.17186 0.00640459 0.3958 
1.14856 0.00679958 -0.0358844 
1.20539 0.00193436 -0.351145 
1.09293 0.000937562 0.442318 
1.10429 0.00833478 -0.248828 
1.29076 0.00015106 -0.169061 
1.29198 0.00758434 -0.166539 
1.04781 0.00750168 0.425362 
1.05365 0.000384265 -0.387398 
1.30903 0.000393971 0.0764959 
1.30844 0.00775573 0.079109 
1.07523 0.0074626 0.32244 
1.07212 0.00520396 -0.43418 
1.24351 0.00243835 0.295262 
1.13595 0.00111322 0.134755 
1.13973 0.00419459 -0.414086 
1.14909 0.00186845 0.415284 
1.14172 0.00400093 -0.100654 
1.23228 0.00430484 -0.310671 
1.07423 0.00757248 0.444763 
1.08668 0.0033049 -0.294908 
1.30437 0.000225753 -0.105955 
1.30513 0.00760372 -0.103358 
1.0475 0.00850729 0.40703 
1.05221 0.00561077 -0.408399 
1.29771 0.0066691 0.144182 
1.09323 0.00108997 0.278696 
1.08727 0.00654213 -0.434637 
1.21795 0.000975904 0.339521 
1.14514 0.00629742 0.0742891 
1.16295 0.00380786 -0.39713 
1.12573 0.00382087 0.429972 
1.12899 0.00022142 -0.16198 
1.13076 0.00850745 -0.158945 
1.25631 0.00119798 -0.263774 
1.0628 0.00279662 0.440758 
1.07262 0.00438707 -0.333533 
1.31191 0.0060981 -0.0370158 
1.05404 0.00811924 0.380989 
1.05469 0.00385269 -0.423229 
1.28216 0.000655382 0.203313 
1.28064 0.0081292 0.20576 
1.10862 0.00631635 0.232047 
1.10325 0.00179839 -0.431803 
1.18991 0.0059551 0.37651 
1.14944 0.00349651 0.00816645 
1.18792 0.00391247 -0.372836 
1.10568 0.00173195 0.438834 
1.11385 0.00172762 -0.216223 
1.27819 0.000942354 -0.209738 
1.2797 0.00842886 -0.20728 
1.05319 0.00297 0.433211 
1.06021 0.00255495 -0.367357 
1.3123 0.00450378 0.0307595 
1.06634 0.00514811 0.347859 
1.06389 0.00550737 -0.431165 
1.25946 0.00636824 0.261042 
1.12493 0.00715873 0.178042 
1.12322 0.000765944 -0.423521 
1.16526 0.0035719 0.402162 
1.14675 0.00067876 -0.0580257 
1.21385 0.003455 -0.339594 
1.08646 0.00424836 0.443813 
1.09911 0.00757791 -0.263281 
1.29601 0.00349196 -0.149252 
1.04683 0.00829999 0.420677 
1.05329 0.00399923 -0.394177 
1.3063 0.00291558 0.0976592 
1.08047 0.00569984 0.309848 
1.07516 0.00219927 -0.435423 
1.23601 0.00154973 0.309422 
1.13916 0.00301923 0.116863 
1.14663 0.00409783 -0.409554 
1.14224 0.00128094 0.420064 
1.1389 0.00596976 -0.11856 
1.23994 0.00396665 -0.296989 
1.07116 0.0041145 0.443609 
1.08152 0.0016809 -0.30771 
1.30751 0.00282193 -0.0850324 
1.051 0.00267877 0.398801 
1.05299 0.00698349 -0.413313 
1.29392 0.0023187 0.161792 
1.09861 0.000158745 0.264419 
1.09588 0.00863987 0.266866 
1.09058 0.00169865 -0.43495 
1.20965 0.00178765 0.351604 
1.14758 0.000178219 0.0521962 
1.14693 0.0083634 0.0555716 
1.16965 0.00169481 -0.391147 
1.11888 0.00469216 0.433478 
1.12482 0.00150758 -0.17875 
1.26473 0.00698535 -0.246118 
1.06016 0.00091175 0.438631 
1.06787 0.00203996 -0.344824 
1.31264 0.00123965 -0.0180442 
1.31275 0.00858571 -0.0153989 
1.05838 0.00446318 0.371002 
1.05665 0.00342367 -0.426387 
1.27522 0.0049299 0.222277 
1.11374 0.0065633 0.21626 
1.10992 0.00383988 -0.429284 
1.18359 0.00126937 0.384265 
1.1494 0.00553381 -0.0108568 
1.19679 0.00713262 -0.362857 
1.09905 0.00387105 0.44114 
1.10884 0.00179549 -0.231678 
1.28483 0.00520933 -0.190768 
1.0514 0.00252928 0.429744 
1.05923 0.00759701 -0.37527 
1.31099 0.00699163 0.0523479 
1.07124 0.00285847 0.336313 
1.06664 0.00362094 -0.433062 
1.25267 0.00453101 0.276314 
1.13096 0.000294437 0.157925 
1.12915 0.00857361 0.160958 
1.1301 0.00161003 -0.41984 
1.15856 0.00149625 0.407995 
1.14491 0.00274635 -0.0765537 
1.22209 0.00433284 -0.327351 
1.08004 0.00815584 0.444962 
1.09389 0.00651177 -0.277239 
1.30056 0.00651266 -0.129069 
1.04954 0.000862647 0.413803 
1.05325 0.0069248 -0.400411 
1.30285 0.00552698 0.118542 
1.08579 0.00415754 0.296756 
1.08143 0.00731418 -0.434714 
1.22824 0.00111544 0.323007 
1.14197 0.00502502 0.0986908 
1.15349 0.00348499 -0.404624 
1.13536 0.00120532 0.424441 
1.13571 0.00781364 -0.136165 
1.24733 0.00317655 -0.282763 
1.06819 0.0011669 0.442173 
1.07943 0.00848364 -0.317887 
1.30993 0.00534008 -0.0638314 
1.05149 0.00640386 0.391693 
1.05415 0.00774537 -0.417657 
1.28835 0.00569454 0.181581 
1.10132 0.00800521 0.252177 
1.09707 0.0048729 -0.433228 
1.20112 0.00326733 0.362977 
1.1487 0.00223869 0.0332891 
1.17893 0.00683684 -0.382632 
1.11207 0.00593008 0.436615 
1.12037 0.00246321 -0.195157 
1.27089 0.00476416 -0.230426 
1.05444 0.00827118 0.437731 
1.0664 0.00808922 -0.353709 
1.31292 0.00373552 0.00364332 
1.06289 0.00133196 0.360505 
1.0589 0.0025446 -0.429107 
1.26938 0.00213352 0.238453 
1.11865 0.00720163 0.200048 
1.11665 0.00547071 -0.426404 
1.17444 0.0053813 0.393358 
1.14887 0.00758079 -0.0298118 
1.20299 0.00169323 -0.354288 
1.09248 0.00650353 0.443077 
1.10369 0.00147361 -0.246676 
1.28953 0.00159116 -0.173923 
1.04995 0.00259222 0.425767 
1.0553 0.00326208 -0.384518 
1.30952 0.002124 0.0711616 
1.07627 0.000835656 0.324285 
1.06954 0.00127328 -0.434661 
1.24555 0.00310215 0.291134 
1.13468 0.00197829 0.140438 
1.13701 0.00208309 -0.415797 
1.15179 0.000117186 0.413345 
1.14892 0.00828645 0.415209 
1.14265 0.00479867 -0.0948303 
1.23009 0.00464124 -0.314451 
1.07687 0.00399469 0.444175 
1.08867 0.00518192 -0.290696 
1.3036 0.00191023 -0.111127 
1.0493 0.0029754 0.407955 
1.0503 0.000308789 -0.407763 
1.29973 0.00089567 0.136554 
1.29869 0.00829563 0.139104 
1.09118 0.00285593 0.283156 
1.08464 0.00319925 -0.435409 
1.22023 0.00118406 0.335963 
1.14437 0.00707961 0.0802627 
1.1603 0.00227248 -0.399262 
1.12848 0.00156979 0.428435 
1.13044 0.00119088 -0.156517 
1.2544 0.00195682 -0.268046 
1.0621 0.00746267 0.442045 
1.07454 0.00647981 -0.329804 
1.31132 0.000477872 -0.0450452 
1.31163 0.00782876 -0.0424068 
1.05554 0.001975 0.382345 
1.05567 0.00795196 -0.421458 
1.28357 0.00198547 0.198539 
1.10667 0.00774035 0.237001 
1.10361 0.00750006 -0.431153 
1.19238 0.00549435 0.373628 
1.14933 0.00428343 0.0142874 
1.18541 0.00315557 -0.375527 
1.10532 0.00755056 0.439381 
1.11565 0.00304701 -0.211172 
1.27666 0.00211491 -0.214374 
1.05226 0.00725398 0.434855 
1.062 0.00502169 -0.364109 
1.31248 0.00623207 0.0253333 
1.0644 0.00734596 0.351456 
1.06139 0.00123377 -0.431437 
1.26129 0.00730304 0.256615 
1.12329 0.00820663 0.183444 
1.12344 0.0067344 -0.423164 
1.16788 0.00231292 0.399886 
1.1473 0.00146018 -0.0520163 
1.21151 0.00341608 -0.34294 
1.08912 0.00109002 0.443 
1.09843 0.000788107 -0.261195 
1.29493 0.00503365 -0.154213 
1.04887 0.0032155 0.421242 
1.05485 0.00707794 -0.391453 
1.30694 0.00463611 0.0923909 
1.07842 0.00764548 0.313928 
1.07572 0.00712724 -0.434318 
1.23813 0.00209179 0.30545 
1.13803 0.00384221 0.122643 
1.14391 0.00213506 -0.411382 
1.14206 0.00756971 0.420096 
1.13998 0.00679671 -0.112829 
1.23783 0.00444232 -0.300937 
1.07378 0.000372951 0.4431 
1.08351 0.00362648 -0.303656 
1.30689 0.00453915 -0.0902863 
1.04939 0.0057952 0.401544 
1.05097 0.00187213 -0.412841 
1.29502 0.00387731 0.156803 
1.09658 0.00183135 0.269043 
1.09103 0.00711407 -0.434101 
1.21198 0.00182069 0.348247 
1.14705 0.000958179 0.0582472 
1.16703 0.000381987 -0.393429 
1.16975 0.00844443 -0.391457 
1.12162 0.00232394 0.432056 
1.12639 0.00256869 -0.1734 
1.26113 0.000314646 -0.252887 
1.26294 0.00787698 -0.250516 
1.0594 0.00546262 0.440017 
1.06976 0.00422442 -0.341246 
1.31248 0.00296931 -0.0234675 
1.05654 0.00695461 0.374268 
1.05753 0.00765644 -0.424756 
1.27677 0.00614276 0.217603 
1.11187 0.00786762 0.221361 
1.10722 0.00118975 -0.430493 
1.1861 0.000579244 0.381574 
1.18343 0.00853888 0.383564 
1.14947 0.00632154 -0.00474029 
1.19434 0.0066204 -0.365747 
1.10174 0.00108972 0.440083 
