1.05175 0.776868 -0.0559038 
1.04819 0.785614 -0.0541591 
1.13404 0.780091 0.167717 
1.13159 0.78865 0.16782 
0.736932 0.783562 0.306913 
1.12997 0.776824 -0.1328 
1.12765 0.785128 -0.130194 
1.12529 0.793448 -0.12763 
1.01435 0.784373 0.297697 
1.01172 0.793819 0.296462 
0.785852 0.777371 0.212466 
0.781231 0.788201 0.209893 
1.1822 0.783816 -0.130555 
1.18038 0.791872 -0.128084 
0.89109 0.785508 0.373559 
0.877019 0.777385 0.110187 
0.872188 0.787286 0.108895 
1.21227 0.77742 -0.0610614 
1.21039 0.785373 -0.0591457 
1.2085 0.793341 -0.057263 
0.793728 0.78549 0.384207 
0.99016 0.782396 0.00610368 
0.985876 0.791517 0.00676006 
1.18136 0.780411 0.0824056 
1.17909 0.788633 0.0832276 
0.73887 0.779688 0.349825 
0.735085 0.791415 0.346511 
1.08891 0.783264 -0.0982683 
1.08594 0.791795 -0.0960006 
1.08524 0.777633 0.230951 
1.08268 0.78654 0.230465 
0.75305 0.77764 0.267837 
0.748681 0.788936 0.264842 
1.15462 0.781815 -0.139451 
1.1526 0.789998 -0.136846 
0.957904 0.784726 0.339915 
0.821718 0.777609 0.16665 
0.816949 0.788025 0.164549 
1.20107 0.7789 -0.110687 
1.1993 0.786875 -0.108392 
0.844451 0.784503 0.384747 
0.927183 0.778632 0.0652536 
0.922477 0.788159 0.0647849 
1.2057 0.78215 -0.00110956 
1.20364 0.790182 0.000348135 
0.763668 0.780265 0.375169 
0.760199 0.79184 0.371977 
1.03786 0.783485 -0.0424813 
1.03412 0.792318 -0.0409791 
1.14599 0.777233 0.150831 
1.14357 0.785705 0.151095 
0.734581 0.785342 0.315886 
1.1229 0.77681 -0.128521 
1.12048 0.78515 -0.125944 
1.11802 0.793508 -0.123411 
1.02853 0.784355 0.285413 
1.02592 0.793691 0.284319 
0.774112 0.786615 0.221627 
1.17856 0.776967 -0.136075 
1.17674 0.785035 -0.13354 
1.17488 0.793116 -0.131037 
0.904283 0.783863 0.36909 
0.862542 0.782424 0.120683 
0.857711 0.79245 0.119164 
1.21095 0.780129 -0.0729104 
1.2091 0.788081 -0.0709126 
0.8029 0.785789 0.385376 
0.979188 0.778511 0.0180673 
0.974802 0.787697 0.0185294 
1.18836 0.779587 0.0650129 
1.18613 0.787757 0.0659748 
0.740253 0.785503 0.354647 
1.07893 0.785236 -0.08783 
1.0758 0.793827 -0.0856934 
1.09712 0.78192 0.215492 
1.0946 0.790744 0.21514 
0.748268 0.778327 0.278278 
0.74396 0.789705 0.275217 
1.14938 0.777766 -0.139876 
1.1473 0.785971 -0.137248 
0.973219 0.780337 0.331059 
0.970525 0.790105 0.32944 
0.80905 0.784175 0.176797 
1.19617 0.783093 -0.116094 
1.19439 0.79109 -0.113759 
0.857771 0.777202 0.384761 
0.854794 0.787947 0.382214 
0.912315 0.782261 0.0764289 
0.907559 0.791895 0.0757021 
1.20891 0.779547 -0.0174754 
1.20689 0.787549 -0.0158878 
0.771853 0.776852 0.379494 
0.768429 0.788354 0.376363 
1.02736 0.780913 -0.030641 
1.02348 0.789808 -0.0293153 
1.15466 0.783393 0.134027 
1.15229 0.791807 0.134413 
0.732838 0.787888 0.324194 
1.11331 0.78411 -0.120933 
1.11074 0.792505 -0.118438 
1.04229 0.785506 0.272386 
0.767252 0.785801 0.23309 
1.17306 0.777391 -0.138489 
1.1712 0.785483 -0.135924 
1.16931 0.79359 -0.133391 
0.917362 0.784003 0.363234 
0.853171 0.777849 0.132637 
0.848341 0.787955 0.130983 
1.20909 0.781643 -0.08378 
1.20727 0.789598 -0.0817032 
0.812341 0.786881 0.385739 
0.963891 0.783326 0.0303425 
0.959394 0.792613 0.0305188 
1.19445 0.778591 0.0477234 
1.19226 0.786715 0.0488227 
0.746224 0.780113 0.3619 
0.742572 0.791811 0.358611 
1.07213 0.777214 -0.0789919 
1.06889 0.78584 -0.0769332 
1.11104 0.777758 0.199888 
1.10853 0.786479 0.199704 
0.744136 0.779091 0.288465 
0.739892 0.790545 0.285344 
1.14218 0.780758 -0.137245 
1.14001 0.789002 -0.134631 
0.988336 0.777056 0.32117 
0.985649 0.7867 0.319695 
0.801399 0.780615 0.189066 
0.796704 0.791258 0.186691 
1.19287 0.778342 -0.123255 
1.1911 0.786348 -0.120851 
0.868163 0.781637 0.381336 
0.865246 0.792296 0.378854 
0.897494 0.786091 0.0872784 
1.20945 0.784482 -0.0317229 
1.20748 0.792474 -0.0300429 
0.776922 0.785732 0.379987 
1.01668 0.77803 -0.0186709 
1.01267 0.786986 -0.0175289 
1.16476 0.781706 0.116719 
1.16241 0.790048 0.117257 
0.735699 0.779639 0.335005 
0.731781 0.791343 0.331702 
1.10616 0.781858 -0.115078 
1.10348 0.790291 -0.112629 
1.05818 0.778612 0.259464 
1.05559 0.787721 0.258681 
0.760771 0.785659 0.244259 
1.16755 0.776864 -0.140328 
1.16565 0.784982 -0.137735 
1.16371 0.793114 -0.135175 
0.930333 0.785781 0.35604 
0.839327 0.783654 0.142977 
0.83452 0.793893 0.141117 
1.20679 0.781789 -0.093716 
1.20499 0.789748 -0.0915628 
0.825174 0.777557 0.388131 
0.822066 0.788593 0.385352 
0.953206 0.778372 0.0421962 
0.948634 0.787724 0.0421869 
1.19971 0.777261 0.030566 
1.19756 0.785344 0.0318006 
1.19541 0.793445 0.032999 
0.749319 0.786792 0.3651 
1.0588 0.785264 -0.0656862 
1.05536 0.793973 -0.0638441 
1.1219 0.782628 0.18371 
1.11943 0.791274 0.183656 
0.740626 0.78 0.298349 
0.736447 0.791526 0.295174 
1.13501 0.782709 -0.13416 
1.13275 0.79099 -0.131565 
1.00052 0.784398 0.309022 
0.997878 0.793952 0.307653 
0.793924 0.777531 0.201274 
0.789262 0.788262 0.198803 
1.18766 0.780829 -0.127438 
1.18587 0.788859 -0.124996 
0.881505 0.776733 0.379325 
0.878606 0.787269 0.376952 
0.887545 0.780494 0.098967 
0.882729 0.790313 0.0978375 
1.21131 0.780884 -0.0470197 
1.20938 0.788854 -0.0452164 
0.785635 0.784103 0.382803 
1.00172 0.783879 -0.00564735 
0.997547 0.792931 -0.0047834 
1.1738 0.78053 0.0992835 
1.17149 0.788807 0.0999694 
0.73535 0.783983 0.341647 
1.09908 0.778226 -0.108349 
1.09628 0.786697 -0.105955 
1.07099 0.781793 0.245026 
1.06842 0.790809 0.244379 
0.754797 0.786006 0.255143 
1.16015 0.78336 -0.139025 
1.15817 0.791517 -0.136439 
0.945942 0.778973 0.349478 
0.943202 0.788963 0.347619 
0.830706 0.779463 0.155137 
0.825913 0.789787 0.153158 
1.20412 0.780506 -0.102815 
1.20234 0.788472 -0.100587 
0.835112 0.779862 0.386983 
0.83206 0.790812 0.384268 
0.938129 0.782309 0.0539049 
0.933477 0.791764 0.0536218 
1.20212 0.783566 0.0149366 
1.20002 0.791629 0.0162691 
0.75668 0.782195 0.37084 
0.75316 0.793828 0.367601 
1.04863 0.783765 -0.0541739 
1.04504 0.792534 -0.0524923 
1.13461 0.77924 0.167221 
1.13216 0.787794 0.167332 
0.737701 0.781233 0.307838 
0.733591 0.792824 0.304613 
1.12786 0.783679 -0.130536 
1.1255 0.791998 -0.127966 
1.01508 0.783243 0.297495 
1.01245 0.792682 0.296268 
0.781967 0.785918 0.21077 
1.18231 0.782677 -0.131016 
1.18049 0.790732 -0.12854 
0.891894 0.7839 0.373785 
0.872895 0.785106 0.109508 
1.21059 0.784527 -0.0597254 
1.2087 0.792493 -0.0578364 
0.794563 0.783497 0.384778 
0.990716 0.780424 0.00630531 
0.986435 0.78954 0.00697491 
1.18178 0.779657 0.0818247 
1.17951 0.787876 0.0826541 
0.739678 0.777451 0.35065 
0.735886 0.789167 0.347347 
1.08922 0.781594 -0.0984442 
1.08626 0.790123 -0.0961686 
1.08589 0.776703 0.230562 
1.08333 0.785605 0.230085 
0.749428 0.786636 0.265766 
1.15476 0.780513 -0.139855 
1.15274 0.788694 -0.137244 
0.958671 0.783418 0.339879 
0.95597 0.793307 0.338125 
0.817692 0.785771 0.165341 
1.20118 0.777866 -0.111193 
1.19942 0.78584 -0.108893 
1.19763 0.793827 -0.106624 
0.845279 0.782684 0.385148 
0.842284 0.793546 0.382497 
0.923146 0.786033 0.0652263 
1.20599 0.781367 -0.00172069 
1.20393 0.789397 -0.00025604 
0.764516 0.778124 0.37586 
0.76104 0.789688 0.37268 
1.03832 0.781609 -0.0424564 
1.03458 0.790438 -0.0409432 
1.14412 0.784875 0.150582 
1.14172 0.793365 0.150818 
0.735352 0.783021 0.316803 
1.1207 0.783667 -0.12626 
1.11824 0.792023 -0.12372 
1.02925 0.783273 0.285172 
1.02663 0.792603 0.284086 
0.774846 0.784337 0.222515 
1.17685 0.783873 -0.133988 
1.17499 0.791953 -0.13148 
0.905079 0.782325 0.36926 
0.902273 0.792663 0.367058 
0.863257 0.780238 0.121329 
0.858424 0.790256 0.119824 
1.21112 0.779254 -0.0734776 
1.20927 0.787205 -0.0714737 
0.803732 0.783836 0.385912 
0.975384 0.785692 0.0187857 
1.18875 0.778836 0.0644218 
1.18652 0.787003 0.065391 
0.74107 0.783279 0.35545 
1.07928 0.783514 -0.0879642 
1.07615 0.792101 -0.0858192 
1.09776 0.781011 0.215077 
1.09523 0.78983 0.214733 
0.744712 0.787391 0.276147 
1.14746 0.78463 -0.137637 
1.14535 0.79285 -0.13504 
0.973981 0.779077 0.330974 
0.971283 0.788838 0.329363 
0.809796 0.781909 0.177612 
0.805068 0.792456 0.175346 
1.19629 0.782026 -0.116587 
1.19451 0.790022 -0.114246 
0.855616 0.786166 0.38258 
0.912997 0.780119 0.0769067 
0.90824 0.789747 0.0761942 
1.20917 0.778755 -0.0180882 
1.20715 0.786755 -0.0164937 
0.769271 0.786238 0.377033 
1.02784 0.779014 -0.0305759 
1.02397 0.787904 -0.0292387 
1.15518 0.782589 0.133491 
1.15281 0.790999 0.133884 
0.733613 0.785582 0.325098 
1.11355 0.782587 -0.121219 
1.11098 0.790981 -0.118716 
1.04299 0.78447 0.272108 
1.0404 0.793696 0.271161 
0.767985 0.783525 0.233987 
1.17131 0.784293 -0.136359 
1.16942 0.792398 -0.133821 
0.918151 0.782533 0.36335 
0.915375 0.792759 0.361252 
0.849063 0.785753 0.131675 
1.20924 0.780731 -0.0843284 
1.20743 0.788684 -0.0822456 
0.813172 0.784964 0.386241 
0.964496 0.781292 0.0306393 
0.960002 0.790573 0.0308297 
1.19481 0.777837 0.0471236 
1.19262 0.785958 0.04823 
1.19043 0.794098 0.0493 
0.747056 0.777911 0.36267 
0.743397 0.789599 0.359393 
1.06927 0.784069 -0.077027 
1.06599 0.792715 -0.0750237 
1.11166 0.77687 0.199441 
1.10915 0.785586 0.199265 
0.7449 0.776774 0.289389 
0.74065 0.788219 0.286278 
1.14235 0.779381 -0.137626 
1.14019 0.787623 -0.135006 
0.9864 0.78548 0.319573 
0.802144 0.778343 0.189901 
0.797446 0.788977 0.187537 
1.19298 0.777249 -0.123741 
1.19121 0.785254 -0.121331 
1.18941 0.793273 -0.118952 
0.868983 0.779912 0.381655 
0.86606 0.790561 0.379182 
0.898186 0.783933 0.087806 
0.893394 0.793672 0.0868434 
1.20969 0.783677 -0.0323264 
1.20772 0.791667 -0.0306398 
0.777763 0.783658 0.380624 
1.01318 0.785062 -0.017411 
1.00913 0.794044 -0.016343 
1.16524 0.780926 0.116164 
1.1629 0.789264 0.11671 
0.736485 0.777361 0.335881 
0.732561 0.789054 0.332589 
1.10642 0.780291 -0.11533 
1.10374 0.788722 -0.112874 
1.05887 0.777623 0.259142 
1.05627 0.786725 0.258368 
0.761506 0.783382 0.245165 
1.16577 0.783759 -0.138158 
1.16384 0.791889 -0.135592 
0.931113 0.784371 0.356102 
0.840058 0.781439 0.1437 
0.835248 0.79167 0.141852 
1.20692 0.780835 -0.0942474 
1.20513 0.788793 -0.0920883 
0.822895 0.786707 0.385823 
0.949264 0.785655 0.0425372 
1.19789 0.784581 0.0312 
1.19575 0.792679 0.0324055 
0.750156 0.784602 0.365851 
1.05921 0.783451 -0.0657403 
1.05577 0.792156 -0.0638884 
1.1225 0.781757 0.18324 
1.12003 0.790399 0.183195 
0.741393 0.777676 0.299275 
0.737209 0.789191 0.296109 
1.1352 0.781297 -0.134523 
1.13294 0.789576 -0.131922 
1.00126 0.783226 0.308857 
0.998615 0.792773 0.307497 
0.790001 0.785981 0.199665 
1.18777 0.779714 -0.127911 
1.18598 0.787743 -0.125464 
0.879416 0.785599 0.377229 
0.888245 0.778329 0.0995298 
0.883428 0.788141 0.098414 
1.21152 0.780065 -0.0476164 
1.2096 0.788032 -0.0458067 
0.786472 0.782072 0.383405 
0.783183 0.793459 0.380352 
1.00225 0.781934 -0.00548789 
0.998082 0.790981 -0.00461116 
1.17425 0.779769 0.0987132 
1.17194 0.788042 0.0994066 
0.736143 0.781724 0.342502 
0.732302 0.793456 0.339179 
1.09657 0.78508 -0.106165 
1.09373 0.793569 -0.103817 
1.07165 0.780837 0.244672 
1.06909 0.789847 0.244033 
0.755537 0.783722 0.256057 
1.16028 0.782099 -0.139437 
1.15831 0.790255 -0.136846 
0.946718 0.777624 0.349482 
0.943974 0.787606 0.347632 
0.831445 0.777234 0.155889 
0.826649 0.78755 0.153922 
1.20425 0.779512 -0.103332 
1.20247 0.787476 -0.101099 
0.835946 0.778017 0.387412 
0.832887 0.788957 0.384707 
0.938779 0.780213 0.0542934 
0.934128 0.789662 0.0540248 
1.20243 0.782794 0.0143293 
1.20033 0.790855 0.0156687 
0.757525 0.78003 0.37156 
0.753998 0.791651 0.368332 
1.04906 0.781917 -0.0541887 
1.04547 0.790682 -0.0524966 
1.13519 0.778393 0.166723 
1.13274 0.786942 0.166843 
0.738471 0.778909 0.30876 
0.734355 0.790489 0.305546 
1.12806 0.782233 -0.130878 
1.12571 0.790549 -0.128301 
1.01581 0.782119 0.297289 
1.01317 0.791552 0.296071 
0.782702 0.78364 0.211645 
1.18242 0.781541 -0.131477 
1.1806 0.789595 -0.128995 
0.892697 0.782299 0.374008 
0.889859 0.792744 0.371709 
0.873601 0.78293 0.110119 
0.868773 0.792861 0.108767 
1.21078 0.783684 -0.0603053 
1.20889 0.791648 -0.0584099 
0.795398 0.78151 0.385345 
0.79216 0.792817 0.382352 
0.991271 0.778454 0.00650629 
0.986992 0.787565 0.007189 
1.1822 0.778907 0.0812422 
1.17993 0.787123 0.082079 
0.736688 0.786924 0.34818 
1.08954 0.779926 -0.0986194 
1.08658 0.788452 -0.0963359 
1.08399 0.784675 0.229701 
1.08145 0.793597 0.229196 
0.750174 0.78434 0.266687 
1.1549 0.779213 -0.140258 
1.15288 0.787393 -0.137642 
0.959439 0.782115 0.339839 
0.956733 0.791997 0.338094 
0.818433 0.78352 0.166131 
0.813677 0.793972 0.16398 
1.2013 0.776834 -0.1117 
1.19954 0.784806 -0.109394 
1.19775 0.792792 -0.107119 
0.846108 0.780871 0.385544 
0.843107 0.791724 0.382904 
0.923813 0.783909 0.0656664 
0.9191 0.793463 0.0651323 
1.20627 0.780587 -0.00233273 
1.20421 0.788615 -0.000861144 
0.761882 0.787542 0.37338 
1.03878 0.779734 -0.0424316 
1.03505 0.788559 -0.0409074 
1.14467 0.784049 0.150067 
1.14226 0.792535 0.15031 
0.736124 0.780705 0.317717 
0.73208 0.792345 0.314457 
1.12092 0.782185 -0.126576 
1.11847 0.790538 -0.124029 
1.02996 0.782197 0.284927 
1.02735 0.791521 0.283849 
0.775578 0.782062 0.223402 
0.771017 0.793025 0.220696 
1.17696 0.782714 -0.134436 
1.17511 0.790792 -0.131922 
0.905875 0.780795 0.369427 
0.903064 0.791124 0.367234 
0.863971 0.778055 0.121974 
0.859136 0.788066 0.120482 
1.21129 0.778381 -0.0740448 
1.20944 0.786331 -0.0720347 
0.804566 0.78189 0.386444 
0.801381 0.793116 0.383512 
0.975965 0.783689 0.0190411 
0.97156 0.7929 0.0194365 
1.18914 0.778089 0.0638293 
1.18691 0.786253 0.0648058 
0.741888 0.781061 0.356249 
0.738177 0.792785 0.352938 
1.07962 0.781793 -0.0880979 
1.0765 0.790377 -0.0859445 
1.09839 0.780106 0.214659 
1.09587 0.78892 0.214323 
0.745465 0.785081 0.277075 
1.14761 0.78329 -0.138027 
1.14551 0.791508 -0.135423 
0.974743 0.777823 0.330885 
0.972041 0.787577 0.329283 
0.81054 0.779647 0.178425 
0.805809 0.790186 0.176171 
1.1964 0.780961 -0.117079 
1.19462 0.788956 -0.114733 
0.856439 0.784392 0.382942 
0.913677 0.77798 0.077383 
0.90892 0.787602 0.0766848 
1.20943 0.777967 -0.0187016 
1.20742 0.785964 -0.0171004 
1.2054 0.793978 -0.015534 
0.770113 0.784129 0.3777 
1.02833 0.777117 -0.030511 
1.02445 0.786003 -0.0291623 
1.1557 0.78179 0.132953 
1.15332 0.790196 0.133354 
0.734387 0.78328 0.325999 
1.11379 0.781066 -0.121504 
1.11123 0.789457 -0.118995 
1.04369 0.783439 0.271826 
1.04109 0.79266 0.270887 
0.768717 0.781254 0.234883 
0.764201 0.792311 0.232091 
1.17143 0.783106 -0.136794 
1.16954 0.79121 -0.13425 
0.918939 0.781069 0.363461 
0.916159 0.791287 0.361372 
0.849784 0.783553 0.132365 
0.844962 0.793693 0.130656 
1.20939 0.779821 -0.0848767 
1.20758 0.787772 -0.0827878 
0.814004 0.783053 0.386739 
0.965101 0.779259 0.0309352 
0.960608 0.788535 0.0311395 
1.19516 0.777087 0.0465224 
1.19297 0.785206 0.047636 
1.19079 0.793343 0.0487133 
0.744223 0.787392 0.360171 
1.06965 0.782299 -0.0771203 
1.06637 0.790942 -0.075108 
1.10977 0.784698 0.198823 
1.10728 0.793433 0.198619 
0.741408 0.785896 0.28721 
1.14251 0.778005 -0.138006 
1.14036 0.786246 -0.13538 
0.98715 0.784266 0.319447 
0.984489 0.793926 0.317953 
0.798187 0.786701 0.188381 
1.19132 0.784163 -0.121811 
1.18953 0.79218 -0.119426 
0.869804 0.778194 0.381969 
0.866875 0.788834 0.379507 
