1.02988 0.785278 0.0548142 
1.04221 0.782013 0.188121 
1.03919 0.791164 0.18766 
0.879995 0.781253 0.210783 
0.87596 0.791484 0.20904 
1.09666 0.784735 0.0322535 
1.09363 0.793393 0.0332211 
0.938702 0.785115 0.264048 
0.957972 0.777759 0.118609 
0.953882 0.787287 0.118041 
1.10091 0.777185 0.101029 
1.09803 0.785884 0.101478 
0.873054 0.782489 0.260749 
0.869344 0.792897 0.258747 
1.05319 0.777382 0.0405515 
1.0497 0.786269 0.0412854 
1.01779 0.783025 0.212522 
1.01472 0.792362 0.211768 
0.891016 0.784887 0.189443 
1.10482 0.783419 0.0405003 
1.10188 0.792041 0.04143 
0.918048 0.783807 0.270342 
0.914681 0.793912 0.268631 
0.979374 0.78346 0.0967062 
0.97538 0.792836 0.0964468 
1.08621 0.7823 0.127839 
1.0833 0.791118 0.128008 
0.868421 0.78408 0.248576 
1.06957 0.780363 0.0319582 
1.06625 0.789158 0.0328371 
0.993951 0.779448 0.233999 
0.99082 0.788964 0.23299 
0.909269 0.780653 0.168163 
0.905127 0.790584 0.16687 
1.1081 0.784716 0.0542076 
1.10521 0.793335 0.0550285 
0.901491 0.778477 0.272948 
0.898009 0.788697 0.271123 
1.00574 0.77729 0.0763084 
1.00188 0.786479 0.0764363 
1.06987 0.778269 0.155391 
1.06691 0.787208 0.155303 
0.87148 0.780006 0.233821 
0.867551 0.790353 0.231918 
1.08264 0.784849 0.0290621 
1.07947 0.793577 0.0300046 
0.968284 0.782099 0.250531 
0.965095 0.791815 0.249262 
0.930347 0.77786 0.146028 
0.9262 0.787606 0.14505 
1.10849 0.780342 0.0724699 
1.10562 0.788974 0.0731596 
0.886547 0.778663 0.270369 
0.88296 0.788987 0.268444 
1.02499 0.785437 0.058414 
1.04648 0.78458 0.182214 
1.04348 0.793701 0.181806 
0.878331 0.779936 0.215419 
0.874311 0.790188 0.213647 
1.09524 0.782521 0.0308282 
1.09219 0.791182 0.0318118 
0.944683 0.782193 0.26249 
0.941419 0.792092 0.261004 
0.949652 0.784993 0.123088 
1.10218 0.779936 0.0955472 
1.09931 0.788626 0.0960338 
0.874077 0.784257 0.262509 
1.0483 0.778935 0.043366 
1.04478 0.787854 0.044042 
1.02271 0.784784 0.207191 
1.01966 0.794084 0.206492 
0.888631 0.783001 0.194481 
0.884545 0.793135 0.192876 
1.10372 0.782572 0.0380833 
1.10076 0.791195 0.0390331 
0.92403 0.77936 0.270105 
0.920671 0.789414 0.26845 
0.974829 0.78157 0.101494 
0.97081 0.790977 0.101171 
1.08851 0.785425 0.121861 
0.868607 0.784725 0.251438 
1.0647 0.783506 0.0337783 
1.06134 0.792333 0.0346052 
0.999356 0.780042 0.229558 
0.99624 0.789517 0.228605 
0.906217 0.778369 0.173418 
0.902078 0.788327 0.17208 
1.1075 0.785194 0.0507822 
1.1046 0.793813 0.0516276 
0.903824 0.78285 0.272171 
0.900379 0.793059 0.270352 
0.997125 0.785316 0.080785 
1.07314 0.781365 0.149219 
1.07019 0.790282 0.149179 
0.870794 0.779653 0.237628 
0.866886 0.790014 0.235706 
1.08108 0.780831 0.02889 
1.07787 0.789562 0.0298438 
0.974042 0.781184 0.247304 
0.970865 0.790855 0.246092 
0.922553 0.785173 0.150282 
1.10862 0.782028 0.0680282 
1.10575 0.790656 0.0687479 
0.888408 0.781862 0.270717 
0.884854 0.792179 0.268795 
1.02013 0.785318 0.0621734 
1.0536 0.778208 0.176552 
1.0506 0.78727 0.17624 
0.876835 0.778772 0.219935 
0.872831 0.789043 0.218136 
1.09378 0.779991 0.0296208 
1.09071 0.788656 0.0306197 
0.950638 0.779646 0.260611 
0.947384 0.789495 0.259182 
0.945517 0.782636 0.128197 
0.941402 0.792263 0.127441 
1.10324 0.782537 0.0902371 
1.10036 0.791217 0.0907595 
0.875279 0.786284 0.264011 
1.04341 0.780157 0.0463727 
1.03985 0.789107 0.0469893 
1.03055 0.777511 0.202313 
1.02749 0.786747 0.201713 
0.886401 0.781223 0.199453 
0.882326 0.791381 0.197813 
1.10252 0.781422 0.0358862 
1.09955 0.790049 0.0368552 
0.926672 0.785266 0.267955 
0.970348 0.779557 0.106369 
0.966306 0.788995 0.105982 
1.09349 0.77974 0.115685 
1.09059 0.7885 0.115985 
0.868988 0.785613 0.254064 
1.06319 0.777477 0.0349697 
1.0598 0.786305 0.0358037 
1.00466 0.780928 0.224889 
1.00156 0.790363 0.223992 
0.899172 0.786132 0.177273 
1.10967 0.776786 0.0466673 
1.10676 0.78538 0.0475857 
1.10385 0.794001 0.0484546 
0.90969 0.777328 0.272911 
0.906251 0.787485 0.271148 
0.99241 0.783962 0.0852491 
0.988484 0.793247 0.0851777 
1.07621 0.784494 0.143072 
1.07327 0.793389 0.14308 
0.870296 0.779507 0.241245 
0.866411 0.78988 0.239305 
1.07629 0.785192 0.0299183 
1.07305 0.793955 0.0308254 
0.979733 0.780627 0.243786 
0.97657 0.790254 0.24263 
0.919032 0.78275 0.155539 
0.914887 0.792595 0.154391 
1.10857 0.783463 0.0638096 
1.10569 0.792088 0.064558 
0.890403 0.785318 0.270813 
1.01528 0.784935 0.0660841 
1.0115 0.794069 0.0663315 
1.05753 0.781033 0.170478 
1.05454 0.790068 0.170216 
0.875511 0.77777 0.224317 
0.871525 0.788059 0.222492 
1.0923 0.777141 0.0286334 
1.0892 0.785809 0.0296469 
0.956559 0.777475 0.258412 
0.953317 0.787276 0.25704 
0.941483 0.78023 0.133362 
0.937355 0.789887 0.132548 
1.10407 0.784965 0.0851112 
1.1012 0.793639 0.0856679 
0.880302 0.778209 0.267214 
0.876653 0.788571 0.265255 
1.03852 0.781056 0.0495655 
1.03492 0.790037 0.0501216 
1.03519 0.779694 0.196653 
1.03215 0.788896 0.196107 
0.884328 0.779563 0.204347 
0.880265 0.789744 0.202674 
1.10126 0.77997 0.0339072 
1.09827 0.7886 0.0348946 
0.932675 0.781475 0.267142 
0.929362 0.791465 0.265555 
0.965938 0.777435 0.111324 
0.961875 0.786902 0.110874 
1.09533 0.782755 0.109885 
1.09244 0.791502 0.110225 
0.869562 0.786748 0.256447 
1.05831 0.779898 0.0372532 
1.05488 0.788758 0.0380325 
1.00987 0.782087 0.220009 
1.00678 0.791484 0.219168 
0.896412 0.78401 0.182439 
0.892299 0.794065 0.180954 
1.10882 0.776677 0.0436753 
1.1059 0.785273 0.0446165 
1.10298 0.793895 0.0455079 
0.912164 0.782241 0.271636 
0.908761 0.792388 0.269882 
0.987739 0.782432 0.0898215 
0.983785 0.791748 0.0896848 
1.08199 0.778791 0.13687 
1.07906 0.787639 0.136968 
0.86999 0.779576 0.24466 
0.866128 0.789961 0.242704 
1.07472 0.780461 0.0302326 
1.07145 0.789227 0.0311493 
0.985351 0.780417 0.239987 
0.982202 0.79 0.238889 
0.915642 0.780349 0.160812 
0.911494 0.790222 0.159615 
1.10834 0.784634 0.0598178 
1.10546 0.793257 0.0605937 
0.896038 0.778774 0.272522 
0.892523 0.789033 0.270658 
1.01046 0.784305 0.0701379 
1.00665 0.793469 0.0703204 
1.06128 0.783948 0.16437 
1.05832 0.792956 0.164159 
0.874364 0.77694 0.228553 
0.870396 0.787246 0.226704 
1.08767 0.782634 0.0288962 
1.08455 0.791333 0.0298687 
0.95921 0.785435 0.254582 
0.937556 0.777789 0.138577 
0.933418 0.787476 0.137706 
1.10756 0.778561 0.0795438 
1.10469 0.787202 0.0801805 
0.88181 0.78076 0.2682 
0.878193 0.791118 0.266242 
1.03364 0.781643 0.0529375 
1.02999 0.790655 0.053432 
1.03969 0.782043 0.190883 
1.03666 0.791213 0.190391 
0.882415 0.778031 0.209152 
0.878365 0.788234 0.207446 
1.09994 0.778213 0.0321455 
1.09692 0.786846 0.0331505 
0.938671 0.778048 0.26601 
0.935368 0.787987 0.264479 
0.957523 0.784714 0.115842 
1.09983 0.776968 0.103794 
1.09695 0.785676 0.104219 
0.874063 0.777746 0.26056 
0.870327 0.788136 0.258581 
1.05341 0.781975 0.0397391 
1.04994 0.790866 0.0404622 
1.01496 0.7835 0.214937 
1.01189 0.792859 0.214151 
0.8938 0.781971 0.187568 
0.889694 0.792052 0.186043 
1.10494 0.784869 0.0418725 
1.102 0.793493 0.0427854 
0.918109 0.777332 0.271813 
0.914713 0.787427 0.270115 
0.983119 0.780741 0.0944954 
0.979137 0.790089 0.0942938 
1.08463 0.781953 0.130779 
1.08171 0.790783 0.130922 
0.869877 0.779871 0.247861 
0.866039 0.790265 0.245891 
1.06988 0.784129 0.0317166 
1.06657 0.792927 0.0325836 
0.990889 0.78054 0.235922 
0.987754 0.790081 0.23488 
0.912386 0.777981 0.166093 
0.908238 0.787883 0.164847 
1.11084 0.776934 0.0552044 
1.10796 0.785531 0.056055 
0.89824 0.782755 0.272114 
0.89476 0.793005 0.270256 
1.00567 0.783444 0.0743264 
1.00182 0.792639 0.0744437 
1.06782 0.777982 0.158364 
1.06486 0.786937 0.158247 
0.869448 0.786615 0.230757 
1.08613 0.779124 0.0283713 
1.08298 0.787827 0.0293565 
0.965054 0.783968 0.251812 
0.961862 0.793711 0.25051 
0.929594 0.785042 0.142907 
1.10798 0.780592 0.0747861 
1.10511 0.789228 0.0754547 
0.883475 0.78357 0.268929 
0.879891 0.793923 0.266971 
1.02876 0.78193 0.0564813 
1.02508 0.790973 0.0569132 
1.04404 0.78454 0.185021 
1.04103 0.793679 0.184582 
0.876629 0.78686 0.212118 
1.09553 0.784782 0.0316227 
1.09249 0.793445 0.0325916 
0.941359 0.784879 0.263084 
0.953255 0.782443 0.12088 
0.94916 0.79201 0.120239 
1.10121 0.779783 0.0982393 
1.09833 0.78848 0.0987021 
0.874986 0.779389 0.262446 
0.871279 0.78978 0.260461 
1.0485 0.783711 0.0424237 
1.04499 0.792633 0.0430889 
1.01994 0.785148 0.209691 
0.891338 0.780027 0.192648 
0.88724 0.790132 0.191084 
1.10387 0.784167 0.0393514 
1.10092 0.792793 0.0402848 
0.920689 0.782806 0.270037 
0.91733 0.79289 0.268349 
0.978554 0.778905 0.0992645 
0.974547 0.788283 0.0989984 
1.08704 0.785094 0.124765 
1.08413 0.793907 0.124951 
0.869959 0.780398 0.250839 
0.866146 0.7908 0.248857 
1.06833 0.778658 0.0325307 
1.065 0.787458 0.0334058 
0.99634 0.780981 0.231604 
0.993219 0.79048 0.230618 
0.90512 0.785589 0.170078 
1.11031 0.77755 0.0516459 
1.10742 0.786147 0.0525219 
0.904021 0.776797 0.273263 
0.900547 0.786996 0.27146 
1.00091 0.782367 0.0786417 
0.997026 0.791593 0.0786937 
1.07119 0.781053 0.152192 
1.06824 0.789984 0.152123 
0.868684 0.786175 0.23464 
1.08141 0.783978 0.0290736 
1.07822 0.792711 0.0300145 
0.970843 0.782871 0.248737 
0.967664 0.792569 0.247492 
0.92589 0.782598 0.148145 
0.921746 0.792384 0.147099 
1.1082 0.782394 0.0702427 
1.10533 0.791026 0.0709418 
0.885288 0.78664 0.269401 
1.0239 0.781932 0.060189 
1.02018 0.791006 0.0605575 
1.05124 0.778089 0.179428 
1.04823 0.787169 0.179084 
0.875061 0.785634 0.216676 
1.09408 0.782406 0.030312 
1.09102 0.791073 0.0312965 
0.947329 0.782143 0.261367 
0.944074 0.792022 0.259905 
0.94908 0.780103 0.125983 
0.944969 0.789701 0.125282 
1.10237 0.782457 0.0928496 
1.0995 0.791146 0.0933487 
0.87609 0.78129 0.264074 
0.872414 0.791682 0.262087 
1.04359 0.785111 0.0453022 
1.04004 0.794065 0.0459083 
1.02785 0.777754 0.204921 
1.02479 0.78701 0.204289 
0.889029 0.778186 0.197667 
0.884941 0.788316 0.196067 
1.10271 0.783164 0.037051 
1.09975 0.791792 0.038004 
0.926678 0.778533 0.269645 
0.923328 0.788565 0.268013 
0.974051 0.776939 0.104123 
0.970019 0.786347 0.103793 
1.09213 0.779423 0.118569 
1.08923 0.788194 0.118843 
0.870236 0.781165 0.253584 
0.866449 0.791574 0.251591 
1.06346 0.781612 0.0344772 
1.06009 0.790443 0.0352997 
1.0017 0.781723 0.227051 
0.998591 0.791182 0.226121 
0.902143 0.783352 0.175297 
0.898015 0.793352 0.173897 
1.10965 0.777877 0.0483179 
1.10675 0.786475 0.0492182 
0.906391 0.781309 0.272356 
0.902952 0.791497 0.27056 
0.996182 0.781091 0.0830761 
0.992272 0.790348 0.0830627 
1.07436 0.784165 0.146037 
1.07142 0.793075 0.146016 
0.868108 0.785935 0.238339 
1.07984 0.779777 0.0290244 
1.07662 0.788514 0.0299763 
0.976569 0.782137 0.245366 
0.973403 0.791789 0.244177 
0.92231 0.780157 0.153411 
0.918161 0.789973 0.152313 
1.10823 0.783951 0.0659197 
1.10536 0.792581 0.066648 
0.890788 0.779671 0.271522 
0.88724 0.789968 0.26962 
1.01906 0.781663 0.0640522 
1.0153 0.790768 0.0643567 
1.05525 0.780861 0.173381 
1.05226 0.789913 0.173089 
0.873664 0.784564 0.221108 
1.09261 0.779712 0.02922 
1.08952 0.788382 0.0302194 
0.953269 0.779784 0.25933 
0.950025 0.789614 0.257925 
0.945002 0.777708 0.131145 
0.940877 0.787336 0.130384 
1.10331 0.784971 0.0876379 
1.10044 0.793651 0.088172 
0.877371 0.783453 0.265444 
0.873725 0.793843 0.263454 
1.04226 0.77723 0.0477589 
1.03867 0.786184 0.0483691 
1.03256 0.779846 0.199328 
1.02951 0.789068 0.19875 
0.882799 0.786612 0.200979 
1.10148 0.781859 0.0349693 
1.0985 0.79049 0.0359411 
0.929332 0.784594 0.267362 
0.96556 0.784295 0.10867 
0.961509 0.793771 0.108208 
1.09408 0.782475 0.112716 
1.09119 0.791231 0.11303 
0.870706 0.782179 0.256088 
0.866947 0.792592 0.254087 
1.05857 0.78422 0.0366288 
1.05515 0.793082 0.037397 
1.00695 0.782748 0.222278 
1.00386 0.792167 0.221404 
0.89931 0.781184 0.180494 
0.895187 0.791209 0.179052 
1.10886 0.777912 0.0452189 
1.10594 0.78651 0.0461426 
0.908847 0.786087 0.271204 
0.991501 0.779632 0.0876221 
0.987561 0.78892 0.0875434 
1.08025 0.778441 0.139847 
1.07732 0.787302 0.139917 
0.867723 0.785907 0.241842 
1.07504 0.783959 0.0301756 
1.07179 0.792727 0.03108 
0.982225 0.781755 0.241708 
0.979072 0.791363 0.240576 
0.918857 0.777733 0.158697 
0.914705 0.787577 0.157548 
1.10809 0.785251 0.0618217 
1.10521 0.793878 0.0625781 
0.892836 0.783264 0.271486 
0.889323 0.793553 0.269589 
1.01424 0.781138 0.0680627 
1.01045 0.790275 0.0683026 
1.05909 0.783731 0.167294 
1.05612 0.792756 0.167053 
0.872442 0.78366 0.2254 
0.86848 0.793987 0.223528 
1.09111 0.776693 0.0283493 
1.088 0.785367 0.0293628 
1.08488 0.794068 0.0303216 
0.959172 0.777802 0.256974 
0.95594 0.787584 0.255626 
0.93689 0.784928 0.13554 
1.1069 0.778654 0.0820015 
1.10404 0.787302 0.082616 
0.878819 0.785875 0.266555 
1.03738 0.777954 0.0510686 
1.03376 0.786939 0.0516179 
1.03713 0.782112 0.193616 
1.0341 0.791302 0.193092 
0.880816 0.785031 0.205808 
1.10018 0.78025 0.0331051 
1.09718 0.788884 0.0340948 
0.935333 0.780984 0.266392 
0.932029 0.790953 0.264827 
0.961177 0.782139 0.113627 
0.957106 0.791646 0.113102 
1.0987 0.776726 0.106588 
1.09581 0.785443 0.106988 
0.871369 0.783443 0.258346 
0.867637 0.79386 0.256337 
1.0571 0.777618 0.0382091 
1.05365 0.786482 0.0389833 
1.0121 0.784036 0.217304 
1.00903 0.793417 0.216485 
0.896624 0.779094 0.185658 
0.892507 0.789145 0.184175 
1.10795 0.77765 0.0423471 
1.10503 0.78625 0.0432931 
0.914779 0.781008 0.271539 
0.911384 0.791133 0.269808 
0.986866 0.778006 0.0922728 
0.982898 0.787324 0.092129 
1.08299 0.781605 0.133731 
1.08007 0.790447 0.133846 
0.867531 0.786098 0.245139 
1.07348 0.779038 0.0306167 
1.07019 0.787809 0.0315305 
0.987804 0.781713 0.237778 
0.984666 0.791279 0.236702 
0.911383 0.785209 0.162796 
1.11066 0.777681 0.0571203 
1.10778 0.786281 0.0579517 
0.898512 0.776877 0.273043 
0.895004 0.787115 0.271201 
1.00945 0.780375 0.072212 
1.00562 0.789542 0.072387 
1.06573 0.777712 0.16133 
1.06276 0.786683 0.161183 
0.871398 0.782934 0.229541 
0.867456 0.793277 0.227645 
1.08646 0.782021 0.0287302 
1.08332 0.790725 0.0297019 
0.96181 0.785931 0.253014 
0.933015 0.782492 0.140743 
0.928878 0.792219 0.139802 
1.10742 0.780789 0.0771475 
1.10455 0.789432 0.0777945 
0.884041 0.778219 0.269347 
0.880429 0.788558 0.267408 
1.03252 0.778373 0.0545541 
1.02886 0.787389 0.0550415 
1.04155 0.784536 0.187803 
1.03854 0.793694 0.187332 
0.878995 0.783582 0.210542 
0.874966 0.793824 0.208785 
1.09883 0.778333 0.0314579 
1.0958 0.786971 0.0324648 
0.941324 0.77774 0.265101 
0.93803 0.787659 0.263594 
0.956875 0.779895 0.118655 
0.952785 0.789432 0.118069 
1.10019 0.779599 0.100964 
1.09731 0.788305 0.101403 
0.87222 0.784962 0.260352 
1.05221 0.779506 0.04082 
1.04872 0.788401 0.0415374 
1.01714 0.785568 0.212147 
0.894087 0.777093 0.190778 
0.889977 0.78717 0.189256 
1.10694 0.77709 0.0397001 
1.104 0.785693 0.0406674 
0.91735 0.786341 0.269888 
0.978289 0.785576 0.0968131 
1.08551 0.784756 0.127684 
1.0826 0.793581 0.127843 
0.867534 0.786517 0.248218 
1.06863 0.782519 0.0322261 
1.06531 0.791322 0.0330895 
0.9933 0.781997 0.233587 
0.990176 0.791521 0.232568 
0.908197 0.782881 0.168047 
0.904059 0.792824 0.166738 
1.1102 0.778434 0.0534537 
1.10731 0.787034 0.0543111 
