1.18243 0.00515013 -0.170962 
1.26248 0.00308471 0.0435302 
1.18485 0.0034508 0.128597 
1.20358 0.000978491 -0.206747 
1.21939 0.000497806 0.194624 
1.21773 0.00829625 0.19726 
1.19074 0.00258866 -0.0614892 
1.25386 0.000662631 -0.0967631 
1.25464 0.00829144 -0.0939627 
1.18025 0.00495311 0.210354 
1.18363 0.00796725 -0.195982 
1.25436 0.00521099 0.0998304 
1.18911 0.00670362 0.0790532 
1.21852 0.00194446 -0.189059 
1.20258 0.0077164 0.21595 
1.18739 0.00651064 -0.11167 
1.26226 0.00347372 -0.0410175 
1.17906 0.00637702 0.186445 
1.18753 0.000873974 -0.210989 
1.24127 0.00529523 0.147481 
1.19215 0.00529926 0.0221569 
1.23404 0.000940101 -0.159992 
1.23534 0.00866161 -0.157271 
1.19166 0.00082017 0.220788 
1.18343 0.00509256 -0.155308 
1.26392 0.00360457 0.0176416 
1.18329 0.000655402 0.147499 
1.18183 0.00865034 0.150411 
1.19933 0.00770734 -0.208465 
1.22538 0.00619 0.184247 
1.19196 0.00468518 -0.0357483 
1.24914 0.00587213 -0.11677 
1.18263 0.00363228 0.216481 
1.18194 0.0039841 -0.187399 
1.25874 0.00436551 0.0754941 
1.18773 0.00167555 0.100661 
1.21237 0.00500526 -0.197217 
1.21062 0.00125439 0.206845 
1.1887 0.002253 -0.0911325 
1.25937 0.00334273 -0.0662204 
1.18015 0.000634213 0.196989 
1.1783 0.00864319 0.199709 
1.18457 0.0013844 -0.206852 
1.2481 0.00152996 0.126135 
1.19108 0.00706044 0.0484011 
1.22697 0.000589123 -0.17474 
1.2284 0.00834507 -0.172043 
1.19559 0.0059236 0.220764 
1.18469 0.00350511 -0.137945 
1.26403 0.00424652 -0.00840674 
1.1803 0.00719615 0.167727 
1.19357 0.00466774 -0.211107 
1.23258 0.00604974 0.16945 
1.19247 0.00641677 -0.00949161 
1.24253 0.00193495 -0.138081 
1.18557 0.00434486 0.220637 
1.18247 0.0060916 -0.174081 
1.26186 0.00432139 0.0502674 
1.18505 0.00548995 0.124222 
1.20623 0.00617729 -0.203681 
1.21681 0.00455346 0.198632 
1.1906 0.00511284 -0.0664271 
1.2552 0.00237832 -0.090526 
1.17994 0.00481517 0.208302 
1.18396 0.00787045 -0.198038 
1.25295 0.00689398 0.106072 
1.19006 0.00125053 0.0709994 
1.22103 0.00605373 -0.185045 
1.2017 0.00498416 0.216394 
1.1861 0.000597267 -0.119058 
1.18724 0.008575 -0.116045 
1.26281 0.00472594 -0.0342834 
1.17905 0.00728355 0.183329 
1.19 0.00764154 -0.209302 
1.24049 0.000105803 0.150186 
1.23922 0.00780023 0.152901 
1.1924 6.5348e-05 0.0137808 
1.19222 0.0080158 0.0169604 
1.23622 0.00394627 -0.154997 
1.189 0.00704838 0.222874 
1.18338 0.00643643 -0.158862 
1.26366 0.00476638 0.0244699 
1.18346 0.00240243 0.143459 
1.20018 0.00547727 -0.208459 
1.22447 0.00198652 0.186035 
1.19188 0.00733021 -0.0408439 
1.24982 0.000264754 -0.11364 
1.25074 0.00791198 -0.110858 
1.18218 0.00299904 0.214917 
1.18213 0.00436792 -0.189936 
1.25767 0.0058008 0.0820041 
1.18793 0.00400722 0.0959354 
1.21332 0.00177525 -0.196288 
1.20793 0.00591984 0.210313 
1.18852 0.00455406 -0.09579 
1.26027 0.00475298 -0.0596596 
1.18 0.00109301 0.194329 
1.18506 0.000678978 -0.208296 
1.18689 0.00865408 -0.205614 
1.24635 0.00362315 0.131959 
1.19167 0.00176393 0.0401178 
1.22933 0.00408323 -0.170186 
1.19479 0.00374712 0.220685 
1.18457 0.00520218 -0.141891 
1.26413 0.00540459 -0.00156929 
1.18199 0.00059786 0.161216 
1.18042 0.00859902 0.164079 
1.19433 0.00289237 -0.211524 
1.23171 0.00139218 0.171655 
1.19232 0.00117802 -0.0178564 
1.24443 0.00437533 -0.13256 
1.18499 0.00321981 0.219552 
1.18255 0.00692821 -0.177092 
1.26113 0.00558809 0.0569691 
1.18527 0.00759239 0.119775 
1.20714 0.00339441 -0.203162 
1.21588 0.000919903 0.199897 
1.19046 0.00759981 -0.0713189 
1.25645 0.00402379 -0.0842155 
1.17967 0.00479667 0.206131 
1.18433 0.0076544 -0.199975 
1.25238 0.00101225 0.109465 
1.25144 0.00865067 0.112236 
1.19023 0.00379572 0.0660118 
1.22197 0.002255 -0.183604 
1.20083 0.00235891 0.216734 
1.18593 0.00259556 -0.123349 
1.26327 0.00595066 -0.0275187 
1.18077 0.00028624 0.177303 
1.17907 0.00829305 0.180105 
1.19065 0.00633199 -0.210169 
1.23843 0.00271173 0.155514 
1.19243 0.00278786 0.00857695 
1.23833 0.00683317 -0.149892 
1.18831 0.00544568 0.222253 
1.18335 0.00768657 -0.162314 
1.26329 0.00594014 0.031283 
1.18364 0.00422535 0.139335 
1.20103 0.00313964 -0.208349 
1.22197 0.00567008 0.190373 
1.19134 0.00199655 -0.049064 
1.2514 0.00222333 -0.10765 
1.18176 0.00248654 0.213233 
1.18236 0.00463669 -0.192357 
1.2565 0.0072901 0.0884541 
1.18814 0.00638677 0.0911535 
1.21589 0.0062566 -0.192599 
1.20702 0.00284921 0.211066 
1.18836 0.0068023 -0.100385 
1.26108 0.00611714 -0.0530485 
1.17989 0.00166432 0.191555 
1.18743 0.00782672 -0.206949 
1.24451 0.00581246 0.137687 
1.19178 0.0044414 0.0349673 
1.23162 0.00745195 -0.165516 
1.194 0.00168009 0.220499 
1.18446 0.006818 -0.145746 
1.26413 0.0065572 0.00527338 
1.18211 0.00208955 0.157462 
1.19511 0.00100649 -0.211834 
1.22938 0.0045827 0.17644 
1.19227 0.00387838 -0.0230251 
1.24625 0.00671082 -0.126936 
1.18444 0.00221336 0.21835 
1.18265 0.00765756 -0.17999 
1.26031 0.00688946 0.0636303 
1.18665 0.00177627 0.11224 
1.20806 0.000504722 -0.202539 
1.20975 0.00835631 -0.199887 
1.21325 0.00521636 0.203692 
1.18957 0.0020844 -0.0792707 
1.25761 0.00560385 -0.0778359 
1.17943 0.00489672 0.203841 
1.18473 0.00731872 -0.201792 
1.25085 0.00284021 0.115557 
1.1904 0.00637316 0.0609859 
1.22442 0.00612213 -0.179378 
1.19809 0.00774039 0.219569 
1.18577 0.00452538 -0.127562 
1.26363 0.00715236 -0.0207285 
1.1808 0.00139598 0.173964 
1.19134 0.00490771 -0.210923 
1.23629 0.00543118 0.160733 
1.19245 0.00551286 0.00337142 
1.23917 0.00190624 -0.147418 
1.18764 0.00395747 0.221519 
1.18179 0.000843375 -0.168516 
1.26283 0.00713026 0.0380758 
1.18383 0.00612107 0.135128 
1.20191 0.000694893 -0.208136 
1.20366 0.00857869 -0.20549 
1.22105 0.00169052 0.191956 
1.19123 0.00458926 -0.0540898 
1.25288 0.00409745 -0.101574 
1.18138 0.00209484 0.211429 
1.18261 0.00478905 -0.194659 
1.25603 0.0012168 0.0920481 
1.18923 0.00084485 0.0832278 
1.21684 0.00280475 -0.191471 
1.20429 0.0077527 0.214322 
1.18716 0.00102176 -0.107957 
1.2618 0.00743991 -0.0463919 
1.17981 0.00234608 0.188668 
1.18799 0.00688093 -0.208167 
1.24378 0.000423152 0.140585 
1.24258 0.00810194 0.143315 
1.19188 0.00713486 0.0297983 
1.23253 0.00296769 -0.163454 
1.1913 0.00765917 0.222806 
1.18294 0.000357545 -0.152418 
1.18438 0.00834944 -0.149509 
1.26412 0.000124783 0.00927242 
1.26402 0.00770864 0.0121161 
1.18224 0.0036667 0.153615 
1.19772 0.00692662 -0.209398 
1.22849 0.000144152 0.178441 
1.22698 0.00789702 0.181108 
1.19222 0.00656441 -0.0281749 
1.24698 0.00128488 -0.123986 
1.18392 0.00132632 0.217031 
1.18109 0.00027846 -0.185559 
1.18278 0.00827742 -0.182776 
1.25998 0.00062694 0.067431 
1.25939 0.00823021 0.0702461 
1.18686 0.00399705 0.107649 
1.21069 0.00535467 -0.199171 
1.21232 0.00180499 0.204756 
1.18941 0.0044871 -0.0840541 
1.25867 0.00712331 -0.0713918 
1.17922 0.00511416 0.201433 
1.18516 0.00686324 -0.20349 
1.24923 0.0047509 0.121565 
1.19114 0.0010228 0.0527813 
1.22536 0.0020983 -0.177733 
1.19725 0.00533453 0.219709 
1.18562 0.00638359 -0.131694 
1.26377 0.000750401 -0.0167621 
1.26389 0.00833546 -0.0139178 
1.18085 0.00260334 0.170521 
1.19204 0.00336977 -0.211566 
1.23545 0.000548155 0.163148 
1.23407 0.0082669 0.165841 
1.19246 0.000287161 -0.00501434 
1.19247 0.00823704 -0.00183181 
1.24119 0.00457163 -0.142109 
1.187 0.00258485 0.220672 
1.1818 0.00189775 -0.17175 
1.26264 0.000750203 0.0420112 
1.26227 0.00834117 0.0448432 
1.18532 0.000101372 0.127867 
1.18404 0.0080865 0.130843 
1.20455 0.00602232 -0.205182 
1.21849 0.0056154 0.196079 
1.19111 0.0071513 -0.0590771 
1.25428 0.00589172 -0.0954164 
1.18103 0.00182377 0.209506 
1.1829 0.00482385 -0.196842 
1.25474 0.00282273 0.0983737 
1.18941 0.00331181 0.0783365 
1.21937 0.00704549 -0.187571 
1.2034 0.00490095 0.214877 
1.18698 0.00315449 -0.112409 
1.26209 0.00113374 -0.0425328 
1.26242 0.00872595 -0.0396948 
1.17976 0.00313607 0.185668 
1.18859 0.00581747 -0.20927 
1.24183 0.00280729 0.146125 
1.19224 0.0018897 0.0214396 
1.23475 0.00610031 -0.158573 
1.19056 0.00581791 0.222413 
1.18286 0.00180134 -0.156076 
1.26399 0.00127862 0.0161119 
1.1824 0.00532621 0.149677 
1.19855 0.00481783 -0.209504 
1.22608 0.00357154 0.183011 
1.19183 0.00128054 -0.0364696 
1.24869 0.00343003 -0.11818 
1.18343 0.000559307 0.215594 
1.18148 0.00854901 0.218229 
1.18124 0.000787831 -0.18822 
1.25903 0.00200739 0.0740036 
1.18708 0.00627203 0.102994 
1.21162 0.00224568 -0.198352 
1.20964 0.00634119 0.208337 
1.18925 0.00684338 -0.0887815 
1.25911 0.000981673 -0.0677125 
1.25964 0.00858699 -0.0648879 
1.17905 0.00544762 0.198908 
1.18563 0.00628802 -0.205069 
1.24753 0.00674889 0.127482 
1.19127 0.00365591 0.0476852 
1.22775 0.00572356 -0.173293 
1.19642 0.00303667 0.219744 
1.18418 0.000180665 -0.138695 
1.1855 0.00816708 -0.135741 
1.264 0.00192014 -0.00993674 
1.18093 0.00390543 0.166977 
1.19277 0.00171923 -0.2121 
1.23322 0.00349166 0.16816 
1.19244 0.00300718 -0.0102108 
1.24313 0.00712535 -0.136693 
1.18639 0.00132888 0.219711 
1.18183 0.00285016 -0.174877 
1.26204 0.0019836 0.0487531 
1.18552 0.00213425 0.123497 
1.20545 0.00335925 -0.204772 
1.21756 0.00185976 0.197458 
1.19035 0.0017209 -0.0671526 
1.25559 0.00761085 -0.0891811 
1.18072 0.00167293 0.207463 
1.18323 0.0047402 -0.198906 
1.25335 0.00449688 0.104626 
1.1896 0.0058175 0.0733993 
1.22032 0.0033701 -0.186242 
1.20252 0.00215609 0.215328 
1.18682 0.00522524 -0.116788 
1.26268 0.00239014 -0.0358032 
1.17974 0.00403189 0.18256 
1.18921 0.00463723 -0.210258 
1.23981 0.00529857 0.151561 
1.1923 0.00460562 0.0162434 
1.23562 0.00139776 -0.156307 
1.18984 0.00408887 0.22191 
1.1828 0.00315475 -0.159635 
1.26375 0.00243948 0.022942 
1.18258 0.00706498 0.145652 
1.19939 0.00260089 -0.209505 
1.22361 0.00712467 0.187464 
