0.715012 1.5708 0.0995306 
0.715163 1.57294 0.0988902 
0.715317 1.57508 0.09825 
0.715473 1.57721 0.0976098 
0.715632 1.57935 0.0969698 
0.807823 1.56979 -0.120941 
0.980567 1.57175 0.0688425 
0.666717 1.56895 0.0310114 
0.917271 1.56517 -0.0990762 
0.916415 1.57572 -0.101457 
0.877345 1.56539 0.11898 
0.878353 1.57629 0.116268 
0.677398 1.57254 -0.0566901 
1.0074 1.56812 -0.0423819 
1.00705 1.57791 -0.043981 
0.769327 1.56847 0.120521 
0.747631 1.5706 -0.109452 
1.01976 1.56949 0.0297212 
1.02007 1.57919 0.0282321 
0.687592 1.57131 0.0764008 
0.852721 1.56458 -0.117609 
0.851716 1.57575 -0.120489 
0.941606 1.57233 0.0920625 
0.664492 1.57498 -0.0073093 
0.958961 1.56436 -0.0781933 
0.958271 1.57455 -0.0802193 
0.83242 1.56959 0.125395 
0.699459 1.566 -0.0820269 
0.698723 1.5791 -0.0859748 
1.0253 1.56504 -0.0131126 
1.02519 1.57469 -0.0145499 
0.730122 1.56456 0.109246 
0.731052 1.5772 0.10551 
0.788857 1.56372 -0.117225 
0.78784 1.57561 -0.12055 
0.995614 1.57102 0.0573289 
0.670656 1.56455 0.0480392 
0.671072 1.57808 0.0438685 
0.896909 1.57105 -0.108092 
0.89793 1.56764 0.112064 
0.898906 1.57835 0.109513 
0.671246 1.56789 -0.0405878 
0.994392 1.56994 -0.0548495 
0.78872 1.57197 0.122985 
0.730811 1.56969 -0.102652 
1.02555 1.56679 0.0166774 
1.02573 1.57643 0.0152398 
0.698591 1.56736 0.0890375 
0.832089 1.56725 -0.120336 
0.831084 1.57865 -0.123363 
0.959625 1.5657 0.0831992 
0.960366 1.57587 0.0811651 
0.66444 1.5709 0.0106814 
0.940265 1.56749 -0.0888048 
0.939509 1.57784 -0.0909951 
0.853284 1.57284 0.122324 
0.687783 1.57495 -0.0732661 
1.0193 1.56219 -0.026043 
1.01906 1.57189 -0.0275316 
0.747091 1.56408 0.115819 
0.748066 1.57648 0.1122 
0.769657 1.56674 -0.11447 
0.768683 1.57887 -0.117925 
1.00803 1.56329 0.0463037 
1.00844 1.57307 0.0447023 
0.677186 1.57354 0.0599082 
0.876529 1.57274 -0.114664 
0.917588 1.56352 0.105101 
0.918481 1.57405 0.102707 
0.667121 1.56335 -0.0234757 
0.666873 1.57695 -0.0276743 
0.979224 1.56892 -0.066162 
0.978669 1.57894 -0.068014 
0.807891 1.5664 0.1264 
0.808959 1.57804 0.123193 
0.715547 1.56732 -0.0940181 
1.02771 1.565 0.00327252 
1.02775 1.57463 0.00185531 
0.711691 1.56411 0.0997702 
0.712545 1.57701 0.0959051 
0.812166 1.56562 -0.120001 
0.811149 1.57724 -0.123166 
0.977316 1.57193 0.0710666 
0.666109 1.56672 0.0284616 
0.92101 1.56744 -0.097894 
0.920182 1.57795 -0.100246 
0.873601 1.56954 0.119007 
0.67901 1.57042 -0.0588324 
1.0097 1.56714 -0.039707 
1.00937 1.57691 -0.0412847 
0.765321 1.56526 0.12058 
0.766341 1.57742 0.117084 
0.75138 1.56778 -0.109789 
1.01812 1.56801 0.0326034 
1.01845 1.57771 0.0310983 
0.685502 1.56914 0.0745734 
0.856339 1.56988 -0.118326 
0.93708 1.56338 0.0959347 
0.937904 1.57374 0.093703 
0.664723 1.5727 -0.00994796 
0.962478 1.56515 -0.0762646 
0.961809 1.57531 -0.0782606 
0.827876 1.56459 0.126953 
0.828933 1.576 0.123883 
0.702097 1.56383 -0.0834751 
0.701331 1.57689 -0.0874041 
1.0261 1.56325 -0.0101284 
1.02601 1.57289 -0.0115582 
0.727606 1.57464 0.104802 
0.792007 1.57198 -0.120069 
0.992741 1.57066 0.0597788 
0.669628 1.56236 0.0456466 
0.670003 1.57591 0.0414678 
0.90158 1.56348 -0.104891 
0.900665 1.57418 -0.107398 
0.894157 1.57084 0.1127 
0.67241 1.56575 -0.0429648 
0.672008 1.57927 -0.0471198 
0.997205 1.56951 -0.0523916 
0.996775 1.57939 -0.0540835 
0.784529 1.56837 0.123426 
0.734278 1.56713 -0.103319 
1.02464 1.56501 0.0196662 
1.02483 1.57466 0.0182194 
0.696047 1.56512 0.0875573 
0.69681 1.57825 0.0835794 
0.836624 1.56222 -0.118756 
0.83559 1.57357 -0.12175 
0.95605 1.56649 0.0851576 
0.956812 1.57669 0.0830929 
0.664302 1.56862 0.00803843 
0.943941 1.56886 -0.0871516 
0.94321 1.57918 -0.0893116 
0.848609 1.56704 0.124437 
0.849668 1.57824 0.121514 
0.689952 1.57281 -0.0750471 
1.02061 1.57035 -0.0246412 
0.744317 1.57367 0.111831 
0.773672 1.56356 -0.114406 
0.772672 1.57565 -0.117834 
1.00563 1.56235 0.0489893 
1.00606 1.57215 0.0473652 
0.675666 1.57139 0.0577309 
0.881211 1.56592 -0.111892 
0.880262 1.57681 -0.11456 
0.913803 1.56582 0.106276 
0.914722 1.57639 0.103852 
0.667577 1.57475 -0.0302093 
0.982426 1.56905 -0.0639366 
0.981891 1.57905 -0.0657603 
0.803547 1.56223 0.12732 
0.804587 1.57393 0.124083 
0.718669 1.56499 -0.0950351 
0.717821 1.57781 -0.0988444 
1.02757 1.56311 0.00629629 
1.02763 1.57275 0.0048773 
0.709549 1.57469 0.0947722 
0.815507 1.5729 -0.122104 
0.973352 1.56216 0.0751612 
0.974002 1.57222 0.0732449 
0.66559 1.56448 0.0258898 
0.665805 1.5781 0.021678 
0.92475 1.56953 -0.0966173 
0.868876 1.56292 0.121669 
0.869883 1.57391 0.118892 
0.680722 1.56831 -0.0609227 
1.01189 1.56605 -0.0369936 
1.01157 1.57581 -0.0385508 
0.761363 1.56211 0.120573 
0.762355 1.57432 0.117051 
0.755185 1.56491 -0.110065 
0.754226 1.57723 -0.113619 
1.01635 1.5666 0.0354589 
1.01668 1.57631 0.0339365 
0.683514 1.56697 0.0726848 
0.860994 1.56387 -0.116074 
0.859996 1.57495 -0.118893 
0.93334 1.56491 0.0975305 
0.934187 1.5753 0.0952684 
0.665039 1.57044 -0.0125772 
0.965953 1.56583 -0.0742839 
0.965306 1.57596 -0.0762501 
0.824403 1.57118 0.12531 
0.70403 1.57466 -0.0887646 
1.02667 1.57106 -0.00855657 
0.724236 1.57212 0.10403 
0.796214 1.56826 -0.119508 
0.989782 1.57041 0.0621848 
0.669031 1.57373 0.0390323 
0.905317 1.56644 -0.104107 
0.904432 1.57711 -0.106587 
0.889428 1.56345 0.115831 
0.890398 1.57424 0.113211 
0.673671 1.56362 -0.0453025 
0.673229 1.57712 -0.0494477 
0.999925 1.56898 -0.0498889 
0.999514 1.57883 -0.051556 
0.78038 1.56485 0.123792 
0.781418 1.57682 0.120398 
0.737812 1.56454 -0.103925 
0.736894 1.57709 -0.1076 
1.02356 1.56327 0.0226422 
1.02377 1.57293 0.0211846 
0.693599 1.56289 0.0860088 
0.69433 1.57606 0.0820133 
0.840136 1.56835 -0.12004 
0.95244 1.5674 0.0870601 
0.953224 1.57763 0.0849648 
0.664248 1.56633 0.00539029 
0.947598 1.5701 -0.0854312 
0.844998 1.57263 0.123497 
0.692219 1.57067 -0.0767639 
1.02201 1.56875 -0.0217275 
1.02185 1.57843 -0.0231955 
0.74063 1.57091 0.1114 
0.776703 1.57236 -0.117677 
1.00358 1.57135 0.049988 
0.674248 1.56923 0.0555057 
0.884932 1.56981 -0.11168 
0.910021 1.5683 0.107346 
0.910968 1.57889 0.104893 
0.668371 1.57255 -0.0327181 
0.985558 1.56908 -0.0616649 
0.985044 1.57905 -0.0634608 
0.800258 1.56992 0.124884 
0.72187 1.56263 -0.0959857 
0.720995 1.5754 -0.0997726 
1.02734 1.57087 0.00789656 
0.706641 1.57239 0.0935703 
0.819908 1.56844 -0.120947 
0.96996 1.56252 0.0773228 
0.970631 1.57261 0.0753768 
0.66516 1.56223 0.0232986 
0.665331 1.57585 0.0190833 
0.928488 1.57147 -0.0952507 
0.865151 1.56747 0.121436 
0.866193 1.57849 0.118633 
0.682535 1.5662 -0.0629586 
1.01395 1.56486 -0.0342436 
1.01365 1.57461 -0.0357815 
0.758419 1.57127 0.116955 
0.758056 1.57427 -0.113809 
1.01443 1.56527 0.0382853 
1.01479 1.575 0.0367444 
0.681628 1.5648 0.0707366 
0.682247 1.57816 0.0666513 
0.864648 1.56876 -0.116518 
0.929589 1.56658 0.0990463 
0.93046 1.57701 0.096754 
0.665441 1.56819 -0.0151944 
0.969382 1.5664 -0.0722529 
0.968757 1.5765 -0.0741895 
0.819916 1.56649 0.12664 
0.820987 1.57799 0.123515 
0.706818 1.57242 -0.0900563 
1.02717 1.56921 -0.00554692 
1.02716 1.57885 -0.00696856 
0.720942 1.56964 0.103192 
0.800462 1.56446 -0.118864 
0.799442 1.57621 -0.12211 
0.986742 1.57027 0.0645464 
0.668153 1.57154 0.0365646 
0.909064 1.56922 -0.103211 
0.885654 1.56702 0.116241 
0.886655 1.57784 0.113594 
0.674548 1.57498 -0.0517332 
1.00255 1.56833 -0.0473423 
1.00215 1.57816 -0.0489852 
0.777284 1.57343 0.120663 
0.740467 1.5744 -0.108119 
1.02256 1.57126 0.0241331 
0.691947 1.57387 0.0803804 
0.84472 1.56299 -0.118234 
0.843697 1.57425 -0.12117 
0.9488 1.56842 0.0889036 
0.949606 1.57868 0.0867776 
0.664279 1.56405 0.00273973 
0.664277 1.57769 -0.00148274 
0.951231 1.57122 -0.0836474 
0.840366 1.56716 0.125385 
0.841433 1.57844 0.122403 
0.694583 1.56853 -0.0784154 
1.02327 1.56709 -0.018793 
1.02312 1.57676 -0.020249 
0.737007 1.56818 0.110908 
0.780776 1.56901 -0.11745 
1.00098 1.57065 0.0525695 
0.672931 1.56707 0.0532352 
0.889622 1.5627 -0.108734 
0.88867 1.5735 -0.111335 
0.906244 1.57096 0.108308 
0.669258 1.57038 -0.035198 
0.988617 1.569 -0.0593473 
0.988122 1.57895 -0.0611157 
0.795972 1.56601 0.125599 
0.797032 1.57779 0.122311 
0.724246 1.57296 -0.100635 
1.02689 1.56902 0.0109113 
1.02703 1.57865 0.00948691 
0.703823 1.57011 0.092299 
0.824352 1.56386 -0.119695 
0.823323 1.57534 -0.122775 
0.966515 1.56299 0.0794371 
0.967206 1.5731 0.077461 
0.664943 1.5736 0.0164725 
0.933034 1.56283 -0.0915513 
0.932221 1.57324 -0.093799 
0.861456 1.57224 0.121055 
0.684447 1.5641 -0.064938 
0.683838 1.57743 -0.0689989 
1.01588 1.56358 -0.0314592 
1.0156 1.57331 -0.0329789 
0.754533 1.56827 0.116798 
0.761937 1.57126 -0.113939 
1.01239 1.56404 0.0410802 
1.01277 1.57378 0.0395195 
0.679845 1.56263 0.068731 
0.680427 1.57602 0.0646323 
0.869327 1.56243 -0.114058 
0.868333 1.57344 -0.116814 
0.925831 1.56841 0.100477 
0.926727 1.57887 0.0981549 
0.665929 1.56595 -0.0177967 
0.97276 1.56686 -0.070173 
0.972156 1.57694 -0.0720803 
0.816515 1.57348 0.124717 
0.709693 1.57017 -0.0912793 
1.02751 1.56734 -0.00253114 
1.02751 1.57698 -0.00394968 
0.717729 1.56719 0.102287 
0.803705 1.57225 -0.121352 
0.983626 1.57024 0.0668636 
0.667368 1.56934 0.034067 
0.912818 1.57181 -0.102207 
0.881897 1.57079 0.116518 
0.675966 1.57285 -0.0539738 
1.00507 1.56756 -0.0447527 
1.00469 1.57738 -0.0463723 
0.773194 1.57009 0.120858 
0.744104 1.57168 -0.108578 
1.02121 1.56963 0.0270625 
1.02149 1.57931 0.0255866 
0.689662 1.5717 0.0786818 
0.848288 1.5687 -0.119234 
0.945133 1.56957 0.0906846 
0.664347 1.57541 -0.00413202 
0.954835 1.57221 -0.0818038 
0.83681 1.57316 0.12416 
0.697041 1.56638 -0.0800005 
0.696326 1.57952 -0.0839662 
1.02437 1.56538 -0.0158402 
1.02425 1.57504 -0.0172856 
0.733451 1.5655 0.110354 
0.734397 1.57808 0.106641 
0.784891 1.56559 -0.117151 
0.783889 1.57753 -0.120503 
0.998292 1.57006 0.0551088 
0.671713 1.5649 0.0509217 
0.672158 1.57842 0.0467593 
0.893345 1.56622 -0.108288 
0.892426 1.57699 -0.110862 
0.901538 1.56313 0.111682 
0.902476 1.5738 0.109156 
0.670238 1.56821 -0.0376464 
0.991597 1.56881 -0.0569838 
0.991122 1.57873 -0.0587254 
0.791728 1.56219 0.12623 
0.792761 1.57402 0.122914 
0.727572 1.57048 -0.101432 
1.02629 1.56718 0.0139197 
1.02644 1.57682 0.0124891 
0.701096 1.56784 0.0909584 
0.82778 1.57057 -0.121394 
0.963021 1.56356 0.0815026 
0.963732 1.5737 0.0794962 
0.664642 1.57133 0.0138483 
0.936733 1.56449 -0.0900491 
0.935945 1.57487 -0.0922668 
0.856751 1.56611 0.12339 
0.857796 1.57722 0.120525 
0.685815 1.57529 -0.0709049 
1.01769 1.56222 -0.0286425 
1.01743 1.57193 -0.0301453 
0.750701 1.56531 0.116578 
0.751692 1.57766 0.112984 
0.765865 1.5682 -0.114006 
1.01023 1.5629 0.0438414 
1.01062 1.57266 0.0422599 
0.67871 1.57387 0.0625587 
0.873005 1.56693 -0.114236 
0.872046 1.5779 -0.116967 
0.922068 1.5704 0.101819 
0.666505 1.56372 -0.0203814 
0.666289 1.57734 -0.0245851 
0.976083 1.56722 -0.0680454 
0.9755 1.57727 -0.0699236 
0.812088 1.56908 0.125824 
0.712653 1.56789 -0.0924338 
1.02769 1.56547 0.000488979 
1.02771 1.5751 -0.000928117 
0.714597 1.56476 0.101314 
0.715468 1.57762 0.0974695 
0.80801 1.56819 -0.120505 
0.980439 1.57031 0.069136 
0.666676 1.56712 0.0315422 
0.917443 1.56367 -0.0987202 
0.916578 1.57422 -0.101099 
0.877162 1.56386 0.119374 
0.87816 1.57476 0.11666 
0.677484 1.57073 -0.0561671 
1.00748 1.56669 -0.0421212 
1.00712 1.57649 -0.0437185 
0.769148 1.56682 0.120985 
0.770183 1.57893 0.117516 
0.7478 1.56891 -0.108977 
1.0197 1.56808 0.0299704 
1.02 1.57777 0.0284798 
0.687477 1.56952 0.0769187 
0.852913 1.56302 -0.117203 
0.851899 1.5742 -0.120081 
0.941445 1.57085 0.092399 
0.6645 1.57313 -0.00677751 
0.959106 1.5629 -0.0778801 
0.958407 1.57309 -0.0799034 
0.832229 1.56802 0.125819 
0.833306 1.57939 0.12278 
0.699593 1.56423 -0.0815184 
0.698846 1.57733 -0.0854657 
1.02533 1.56362 -0.0128712 
1.02522 1.57328 -0.0143077 
0.729965 1.56285 0.109736 
0.730884 1.57549 0.106 
0.789046 1.56209 -0.116779 
0.788019 1.57398 -0.120102 
0.995505 1.56959 0.0576051 
0.996059 1.57947 0.0558959 
0.670595 1.56272 0.0485676 
0.670999 1.57626 0.0443966 
0.897084 1.56954 -0.107718 
0.897751 1.56613 0.112442 
0.898718 1.57684 0.109888 
0.671313 1.56606 -0.0400609 
0.994494 1.5685 -0.0545747 
0.994038 1.5784 -0.0562901 
0.788532 1.57034 0.123435 
0.730972 1.56797 -0.102165 
1.02552 1.56537 0.0169197 
1.02569 1.57502 0.0154814 
0.698462 1.56559 0.0895485 
0.699246 1.57868 0.0855882 
0.832279 1.56568 -0.119916 
0.831265 1.57708 -0.122942 
0.959482 1.56424 0.0835173 
0.960215 1.57441 0.0814804 
0.664426 1.56905 0.0112133 
0.940421 1.56601 -0.0884712 
0.939657 1.57636 -0.0906589 
0.85309 1.57129 0.122734 
