0.808222 1.5708 0.023462 
0.808263 1.57275 0.022938 
0.808306 1.57471 0.0224141 
0.808351 1.57667 0.0218903 
0.808398 1.57862 0.0213665 
0.833393 1.56928 -0.0243632 
0.860947 1.56602 0.0235688 
0.861155 1.57719 0.0208226 
0.793846 1.57166 -0.00299417 
0.871123 1.56752 -0.00992963 
0.871053 1.57859 -0.0125948 
0.818718 1.5723 0.0269652 
0.821368 1.56798 -0.0228396 
0.869547 1.5688 0.0168657 
0.793438 1.57038 0.00551491 
0.863183 1.57095 -0.0170426 
0.830546 1.5701 0.0291923 
0.810612 1.5624 -0.0178808 
0.810425 1.57412 -0.0210053 
0.874947 1.56337 0.0109712 
0.875025 1.57439 0.00833472 
0.796518 1.56957 0.0135874 
0.852821 1.57063 -0.021635 
0.842906 1.57255 0.027845 
0.801804 1.56514 -0.0131199 
0.801682 1.57696 -0.0163101 
0.876663 1.5704 0.0015289 
0.802879 1.57033 0.0201808 
0.841074 1.5657 -0.0229919 
0.840873 1.57707 -0.0258878 
0.854513 1.56849 0.025854 
0.795883 1.5655 -0.00617403 
0.795824 1.57739 -0.00940839 
0.874405 1.56627 -0.00518001 
0.874366 1.5773 -0.00781968 
0.812056 1.57366 0.0244366 
0.828753 1.56726 -0.023666 
0.828559 1.57877 -0.026655 
0.864578 1.56892 0.0207323 
0.793283 1.5645 0.0020633 
0.793286 1.57642 -0.00119066 
0.868417 1.57145 -0.0134329 
0.823064 1.56885 0.0287769 
0.817101 1.56422 -0.0207809 
0.816905 1.57587 -0.0238571 
0.872079 1.57291 0.0132367 
0.79418 1.56327 0.0105323 
0.794246 1.57518 0.00728453 
0.859602 1.56241 -0.01694 
0.859428 1.57359 -0.0196939 
0.835213 1.56842 0.0296293 
0.806866 1.56894 -0.0177498 
0.876081 1.5682 0.00688494 
0.876164 1.57921 0.00425786 
0.798515 1.56296 0.0181376 
0.798645 1.57481 0.0149214 
0.848401 1.57161 -0.02314 
0.847502 1.57271 0.0269167 
0.799121 1.5707 -0.0120889 
0.876268 1.56435 -9.54707e-06 
0.876258 1.57536 -0.00263486 
0.805984 1.56464 0.023896 
0.80618 1.57641 0.020735 
0.836397 1.5648 -0.023146 
0.836188 1.57623 -0.0260772 
0.858637 1.57043 0.0236721 
0.794458 1.57044 -0.00454856 
0.87251 1.57075 -0.00904585 
0.816022 1.56926 0.0270421 
0.824214 1.56454 -0.0224339 
0.824007 1.5761 -0.0254568 
0.86783 1.57233 0.0175594 
0.793213 1.56922 0.0039032 
0.865404 1.56381 -0.0139447 
0.865268 1.57494 -0.016654 
0.827579 1.56607 0.0300651 
0.827842 1.57759 0.0270646 
0.812863 1.57155 -0.0213335 
0.873995 1.56632 0.0120422 
0.874107 1.57735 0.00939837 
0.795471 1.5682 0.0121756 
0.855548 1.56441 -0.0191597 
0.855371 1.57564 -0.021945 
0.839903 1.56745 0.02953 
0.840173 1.57883 0.0266227 
0.803669 1.56329 -0.0140796 
0.803522 1.57509 -0.0172559 
0.876616 1.56214 0.0053503 
0.876636 1.57315 0.00272733 
0.801081 1.5685 0.0191993 
0.843834 1.5719 -0.0241536 
0.851748 1.56231 0.0283096 
0.851966 1.57357 0.0254919 
0.797009 1.56411 -0.00757148 
0.796925 1.57599 -0.0107974 
0.875275 1.5692 -0.00410141 
0.80964 1.57115 0.0240645 
0.831729 1.56319 -0.0227651 
0.831509 1.57467 -0.0257314 
0.862474 1.57297 0.0210823 
0.793591 1.56333 0.00045507 
0.79357 1.57525 -0.00279653 
0.870203 1.56385 -0.0100376 
0.870102 1.57493 -0.0127097 
0.820243 1.56545 0.0291549 
0.820492 1.57705 0.0260995 
0.819609 1.57277 -0.0237325 
0.87051 1.56512 0.0167681 
0.870652 1.57618 0.0140965 
0.793693 1.57397 0.00571777 
0.861864 1.56677 -0.0168097 
0.861727 1.57793 -0.0195466 
0.832209 1.56398 0.0308187 
0.832461 1.57545 0.0278527 
0.80911 1.56668 -0.0183401 
0.808957 1.57841 -0.021476 
0.87548 1.57102 0.00803193 
0.797289 1.5733 0.0136448 
0.851252 1.56578 -0.0209386 
0.85107 1.57705 -0.023757 
0.844554 1.56719 0.0289035 
0.844817 1.57853 0.0260314 
0.800706 1.56905 -0.0132343 
0.876576 1.56712 0.00117219 
0.876599 1.57813 -0.00145076 
0.803945 1.56256 0.0231378 
0.804116 1.57435 0.0199615 
0.839178 1.57147 -0.0246529 
0.856023 1.56388 0.026384 
0.856237 1.57509 0.0235994 
0.795267 1.56916 -0.00605281 
0.873787 1.56281 -0.00542961 
0.873717 1.57385 -0.00807397 
0.813432 1.56642 0.0269483 
0.81367 1.5781 0.0238424 
0.826894 1.5724 -0.0248479 
0.86579 1.56493 0.0208354 
0.865966 1.57605 0.0181268 
0.79319 1.56807 0.00228156 
0.867321 1.5676 -0.0134282 
0.867221 1.57871 -0.016123 
0.824666 1.56228 0.0307534 
0.824902 1.57383 0.0277307 
0.815419 1.5688 -0.0214988 
0.872853 1.56937 0.0130446 
0.794617 1.56689 0.0106949 
0.794717 1.5788 0.00745046 
0.857988 1.56917 -0.0192992 
0.836896 1.56259 0.0310342 
0.837138 1.57401 0.0281034 
0.805522 1.57307 -0.0180712 
0.876346 1.56489 0.00654167 
0.876398 1.5759 0.00391653 
0.799453 1.56679 0.0180992 
0.799617 1.57863 0.0148902 
0.846771 1.56647 -0.0222433 
0.846584 1.57779 -0.025096 
0.84911 1.56765 0.0277666 
0.849367 1.57893 0.0249294 
0.798321 1.56264 -0.00888552 
0.798214 1.5745 -0.0121017 
0.875945 1.57204 -0.00297083 
0.807358 1.56882 0.0235375 
0.834492 1.57033 -0.0246225 
0.860045 1.56607 0.0240271 
0.860257 1.57724 0.0212739 
0.794099 1.56214 -0.00112638 
0.794054 1.57405 -0.00437413 
0.87169 1.56718 -0.00921653 
0.871624 1.57824 -0.0118773 
0.817508 1.56225 0.0293548 
0.817731 1.57389 0.0262789 
0.8224 1.56946 -0.0234318 
0.868884 1.56853 0.0175347 
0.793339 1.57279 0.00411865 
0.864017 1.5709 -0.0165174 
0.829461 1.57128 0.028834 
0.811489 1.56425 -0.018779 
0.811311 1.57596 -0.0218971 
0.874597 1.56289 0.0117718 
0.874678 1.57392 0.00913246 
0.796119 1.57188 0.0122796 
0.853833 1.57096 -0.0213722 
0.841816 1.57328 0.0278204 
0.802463 1.56727 -0.0142658 
0.802349 1.57908 -0.0174512 
0.876674 1.56986 0.00236886 
0.80221 1.57244 0.0190546 
0.842166 1.56647 -0.0230468 
0.841972 1.57784 -0.0259344 
0.853509 1.56878 0.0261439 
0.79627 1.56782 -0.00749365 
0.874772 1.56581 -0.00439127 
0.874736 1.57683 -0.0070281 
0.810958 1.56377 0.0266889 
0.811171 1.57548 0.0235645 
0.829836 1.56848 -0.0240552 
0.863757 1.56884 0.021279 
0.793369 1.56691 0.000664208 
0.793381 1.57883 -0.00258903 
0.869096 1.5712 -0.012781 
0.822028 1.57029 0.0282146 
0.818082 1.56585 -0.021496 
0.817895 1.57749 -0.0245649 
0.871529 1.57255 0.013964 
0.79396 1.56565 0.00915863 
0.794035 1.57756 0.00590935 
0.860512 1.56249 -0.0165126 
0.860342 1.57367 -0.0192595 
0.834114 1.56942 0.029401 
0.807672 1.57091 -0.0187473 
0.875867 1.56768 0.00771054 
0.875952 1.5787 0.00508171 
0.798004 1.5652 0.0168911 
0.798143 1.57706 0.0136714 
0.849457 1.5721 -0.0229918 
0.846435 1.57328 0.0270156 
0.799684 1.57291 -0.0133093 
0.876416 1.56382 0.000821375 
0.876409 1.57483 -0.00180283 
0.80522 1.56664 0.0228627 
0.805424 1.57842 0.0196961 
0.837497 1.56575 -0.0233289 
0.837293 1.57717 -0.0262519 
0.857693 1.57057 0.0240667 
0.794736 1.5728 -0.00590961 
0.873004 1.57036 -0.0082987 
0.815068 1.57094 0.0262849 
0.825267 1.56592 -0.0229516 
0.825068 1.57748 -0.0259667 
0.867104 1.57213 0.0181834 
0.793186 1.57163 0.00250121 
0.86618 1.56369 -0.0133716 
0.866048 1.5748 -0.0160749 
0.826507 1.56735 0.0296304 
0.826776 1.57888 0.0266221 
0.81379 1.57332 -0.0221589 
0.873566 1.56588 0.0128193 
0.873681 1.57692 0.010172 
0.79514 1.57054 0.0108381 
0.856524 1.56465 -0.0188334 
0.856352 1.57586 -0.0216113 
0.838803 1.56828 0.0294308 
0.804384 1.56536 -0.0151735 
0.804246 1.57715 -0.0183445 
0.87656 1.57261 0.00356563 
0.800471 1.57066 0.0180233 
0.844919 1.57256 -0.0241266 
0.850712 1.5627 0.0285342 
0.850935 1.57397 0.0257086 
0.797462 1.5664 -0.00885833 
0.797387 1.57827 -0.0120809 
0.875561 1.5687 -0.00329185 
0.808799 1.57304 0.0231278 
0.83282 1.56431 -0.0230778 
0.832607 1.57578 -0.026036 
0.861603 1.57297 0.0215719 
0.793748 1.56573 -0.000934663 
0.793737 1.57764 -0.00418504 
0.870812 1.56355 -0.00934865 
0.870715 1.57462 -0.0120161 
0.819232 1.56698 0.0285187 
0.819488 1.57859 0.025456 
0.82084 1.5627 -0.0213201 
0.820627 1.5743 -0.0243682 
0.869887 1.56481 0.017463 
0.870033 1.57588 0.0147866 
0.793501 1.56445 0.0075803 
0.793552 1.57636 0.00432769 
0.862728 1.56677 -0.0163211 
0.862596 1.57792 -0.0190513 
0.831114 1.56508 0.0305137 
0.831372 1.57657 0.0275397 
0.809963 1.56857 -0.0192762 
0.875183 1.57053 0.0088422 
0.796737 1.56371 0.0155861 
0.796852 1.57559 0.012357 
0.85228 1.56617 -0.0207223 
0.852104 1.57743 -0.0235328 
0.843469 1.56786 0.0289304 
0.843737 1.5792 0.0260502 
0.801331 1.57121 -0.0144092 
0.876639 1.56658 0.00201038 
0.876665 1.57759 -0.000612134 
0.803235 1.56463 0.0220481 
0.803414 1.57642 0.0188668 
0.840278 1.57231 -0.0247519 
0.855038 1.56411 0.0267185 
0.855257 1.57533 0.0239263 
0.795614 1.5715 -0.00738944 
0.874201 1.56238 -0.00465682 
0.874135 1.57341 -0.00729797 
0.812515 1.56818 0.0261222 
0.828196 1.56216 -0.0222893 
0.827971 1.57368 -0.0252821 
0.865002 1.5648 0.0214158 
0.865182 1.57592 0.018701 
0.793235 1.57048 0.000879667 
0.868039 1.5674 -0.0128054 
0.867943 1.5785 -0.0154945 
0.823611 1.56365 0.030243 
0.823854 1.57521 0.0272126 
0.816383 1.57048 -0.0222556 
0.872348 1.56898 0.0137929 
0.794356 1.56926 0.0093331 
0.858927 1.56931 -0.0189055 
0.835792 1.56352 0.0308591 
0.83604 1.57495 0.0279201 
0.806461 1.56331 -0.0159482 
0.806298 1.57508 -0.0191037 
0.876182 1.56437 0.00737421 
0.876237 1.57538 0.00474771 
0.798905 1.569 0.0168777 
0.847837 1.56703 -0.0221444 
0.847656 1.57834 -0.024989 
0.848052 1.56814 0.027915 
0.848315 1.57944 0.0250697 
0.79884 1.56489 -0.0101346 
0.798741 1.57674 -0.013347 
0.876148 1.57153 -0.00214579 
0.806565 1.57078 0.0225391 
0.835594 1.57134 -0.0248505 
0.859125 1.56615 0.0244625 
0.859342 1.57734 0.0217022 
0.794327 1.56452 -0.00250104 
0.794291 1.57643 -0.00574706 
0.87223 1.56682 -0.00849036 
0.872166 1.57787 -0.0111469 
0.816527 1.56387 0.0286465 
0.816758 1.57552 0.0255634 
0.823443 1.5709 -0.0239938 
0.868196 1.56829 0.0181879 
0.868377 1.57938 0.0154985 
0.793243 1.56328 0.00597384 
0.79327 1.5752 0.00271939 
0.864831 1.57081 -0.015972 
0.828382 1.5725 0.0284444 
0.812385 1.56607 -0.0196507 
0.812215 1.57777 -0.0227621 
0.874215 1.56243 0.0125644 
0.8743 1.57346 0.00992199 
0.795658 1.56231 0.0141961 
0.795749 1.5742 0.0109591 
0.854833 1.57125 -0.0210828 
0.840483 1.56268 0.030669 
0.840723 1.57406 0.0277653 
0.803146 1.56938 -0.015391 
0.876651 1.56932 0.00320885 
0.801411 1.56275 0.0211025 
0.801566 1.57457 0.0179077 
0.843256 1.5672 -0.0230712 
0.843068 1.57856 -0.0259506 
0.852494 1.56911 0.0264071 
0.796684 1.57013 -0.00880057 
0.875107 1.56534 -0.00359429 
0.875075 1.57636 -0.00622852 
0.810083 1.56561 0.0257964 
0.810303 1.57733 0.0226657 
0.830925 1.56965 -0.0244131 
0.862916 1.56879 0.0218053 
0.793485 1.56931 -0.000731766 
0.86975 1.57093 -0.0121133 
0.821002 1.57177 0.027622 
0.819077 1.56745 -0.0221819 
0.818897 1.57907 -0.0252434 
0.870952 1.57221 0.0146783 
0.793769 1.56804 0.00777805 
0.861404 1.56255 -0.0160621 
0.861239 1.57371 -0.0188022 
0.833017 1.57047 0.0291413 
0.808498 1.57284 -0.0197201 
0.875619 1.56718 0.00853118 
0.875707 1.57819 0.00590033 
0.797519 1.56746 0.0156286 
0.797667 1.57933 0.0124054 
0.850504 1.57255 -0.0228152 
0.845127 1.56255 0.0299535 
0.845361 1.57388 0.0270851 
0.800397 1.56327 -0.0113111 
0.800274 1.57511 -0.0145117 
0.876531 1.56329 0.0016556 
0.876527 1.5743 -0.000967753 
0.804479 1.56867 0.021806 
0.838596 1.56665 -0.0234808 
0.838399 1.57806 -0.0263955 
0.856734 1.57075 0.0244367 
0.795103 1.56326 -0.00402117 
0.795043 1.57516 -0.00726137 
0.87347 1.56995 -0.00754038 
0.81413 1.57265 0.0254993 
0.826329 1.56727 -0.0234386 
0.826137 1.57881 -0.0264458 
0.866355 1.57196 0.0187898 
0.793186 1.56212 0.00435337 
0.793189 1.57404 0.00109859 
0.866933 1.56353 -0.0127797 
0.866805 1.57464 -0.0154772 
0.825442 1.56866 0.0291647 
0.814928 1.56338 -0.0198643 
0.814733 1.57505 -0.0229566 
0.873107 1.56546 0.0135865 
0.873225 1.5765 0.0109355 
0.794839 1.57289 0.00949005 
0.857486 1.56485 -0.0184818 
0.857318 1.57605 -0.0212523 
0.837702 1.56916 0.0293005 
0.805122 1.56741 -0.0162451 
0.804992 1.57919 -0.0194107 
0.876452 1.57208 0.00440197 
0.799887 1.57285 0.0168283 
0.845998 1.57318 -0.0240698 
0.849666 1.56312 0.0287309 
0.849894 1.5744 0.0258973 
0.797943 1.56867 -0.0101304 
0.875815 1.5682 -0.00247599 
0.875815 1.57922 -0.00510475 
0.807782 1.56322 0.0253135 
0.807978 1.57497 0.0221656 
0.833915 1.56539 -0.0233591 
0.833709 1.57685 -0.0263091 
0.860714 1.573 0.0220395 
0.793935 1.56812 -0.00231895 
0.871395 1.56322 -0.0086455 
0.871301 1.57428 -0.0113084 
0.818234 1.56854 0.0278529 
0.821862 1.5642 -0.0219334 
0.821657 1.57579 -0.0249739 
0.869238 1.56452 0.0181433 
0.869388 1.5756 0.0154617 
0.793381 1.56685 0.00618661 
0.793441 1.57877 0.00293323 
0.863573 1.56674 -0.0158111 
0.863445 1.57788 -0.0185348 
0.830024 1.56623 0.0301774 
0.830288 1.57773 0.0271953 
0.810835 1.57044 -0.0201863 
0.874853 1.57005 0.00964551 
0.796318 1.56601 0.0142874 
0.796442 1.57789 0.0110554 
0.853297 1.56653 -0.0204786 
0.853126 1.57778 -0.0232814 
0.842379 1.56856 0.0289272 
0.80198 1.57335 -0.0155644 
0.876668 1.56604 0.00284988 
0.876697 1.57705 0.000227535 
0.802549 1.56672 0.0209366 
0.802737 1.57852 0.0177504 
0.841376 1.5731 -0.0248202 
0.85404 1.56437 0.0270271 
0.854264 1.57561 0.0242272 
0.79599 1.57383 -0.00871462 
0.874523 1.57296 -0.00651272 
