1.21682 0.00671494 -0.0618046 
1.24022 0.00448441 0.0274979 
1.21424 0.00308514 0.0402074 
1.22998 0.0058696 -0.0692016 
1.2255 0.000759426 0.0858772 
1.22469 0.00853689 0.0888042 
1.21523 0.00335785 -0.0457808 
1.24118 0.000998764 0.00115078 
1.24114 0.00869799 0.00409694 
1.21464 0.00513613 0.061911 
1.22518 0.00472885 -0.0770143 
1.23035 0.00103544 0.0768546 
1.2146 0.004657 -0.0233549 
1.24006 0.00497195 -0.0220395 
1.21621 0.00287001 0.0769231 
1.22121 0.00613122 -0.0767303 
1.2347 0.0059969 0.0632616 
1.21425 0.00418023 0.00101749 
1.23719 0.00701501 -0.043349 
1.21852 0.00514561 0.0872893 
1.21781 0.00230424 -0.0712266 
1.23851 0.00701759 0.0430359 
1.21415 0.00344387 0.0256997 
1.2329 0.00566425 -0.0613781 
1.2223 0.00474297 0.0895275 
1.21583 0.00149236 -0.0578562 
1.24086 0.00280664 0.0174231 
1.21432 0.00397715 0.0490234 
1.22829 0.00760698 -0.0721752 
1.22723 0.00184108 0.0836034 
1.21496 0.00459972 -0.0373725 
1.241 0.00713561 -0.00610269 
1.21486 0.00722442 0.0694542 
1.22349 0.00448944 -0.078058 
1.23197 0.00398215 0.0727566 
1.21444 0.00504692 -0.0140181 
1.23905 0.00285899 -0.0317079 
1.21667 0.00658984 0.0827736 
1.2197 0.00387182 -0.0757702 
1.23654 0.00278884 0.0546966 
1.21418 0.00428937 0.0106713 
1.23551 0.00375349 -0.051909 
1.22004 0.00296567 0.0882362 
1.21723 0.0059506 -0.0653464 
1.23968 0.00493696 0.0333646 
1.21416 0.00385958 0.035027 
1.23072 0.000788768 -0.0683961 
1.2313 0.008538 -0.0654531 
1.22401 0.00458732 0.0884651 
1.21548 0.0035215 -0.0502894 
1.24117 0.00125242 0.00722145 
1.21445 0.00526695 0.0574133 
1.22592 0.000833055 -0.0773766 
1.22658 0.00860625 -0.0744273 
1.22894 0.00365825 0.0806072 
1.21474 0.0054517 -0.0285415 
1.24051 0.00544019 -0.0161751 
1.21585 0.00206331 0.0733952 
1.22186 0.00347558 -0.0783381 
1.23349 0.00756993 0.0680289 
1.21431 0.00526054 -0.00448483 
1.23773 0.000369648 -0.0410129 
1.23806 0.00808493 -0.0380684 
1.21801 0.00319744 0.0849313 
1.2183 0.000857606 -0.074059 
1.21896 0.00867032 -0.0710709 
1.23809 7.85304e-05 0.0456466 
1.23767 0.00779322 0.0485818 
1.21413 0.00444655 0.0202758 
1.2341 0.00765289 -0.056979 
1.22165 0.00155799 0.0884176 
1.21616 0.00111348 -0.061792 
1.24052 0.0031345 0.0234156 
1.21421 0.00454438 0.0440641 
1.22905 0.00296557 -0.0718043 
1.22575 0.00519797 0.0866477 
1.21518 0.00504268 -0.0421796 
1.24113 0.00742254 -6.31189e-05 
1.21462 0.00702851 0.0653004 
1.2242 0.00106546 -0.0788905 
1.23061 0.00618179 0.0769181 
1.21456 0.00599297 -0.0193707 
1.23969 0.0035154 -0.0260258 
1.21626 0.00536643 0.079679 
1.22029 0.0016876 -0.0778521 
1.23548 0.004019 0.0597964 
1.21421 0.00538307 0.005152 
1.23655 0.00514404 -0.0469359 
1.21946 0.000549603 0.0863486 
1.21864 0.00835816 0.0893004 
1.21768 0.0049331 -0.0686256 
1.23902 0.00549563 0.0391253 
1.21411 0.00473726 0.0297369 
1.23204 0.00319362 -0.0643932 
1.22332 0.000927179 0.0878306 
1.2225 0.00871573 0.0907625 
1.21576 0.00349007 -0.054592 
1.24103 0.00151558 0.0132809 
1.21429 0.00557884 0.0527253 
1.22734 0.00442045 -0.0745082 
1.22748 0.00655828 0.0840932 
1.21492 0.0061271 -0.0335992 
1.24085 0.00582086 -0.0102257 
1.21553 0.00150025 0.0696151 
1.22253 0.000527333 -0.0796464 
1.22322 0.00831781 -0.0766871 
1.23286 0.00163372 0.0696487 
1.2144 0.00630584 -0.00994768 
1.23855 0.00126872 -0.0355652 
1.21753 0.00153121 0.0822834 
1.21951 0.00694442 -0.0736272 
1.2372 0.00101016 0.0510378 
1.21413 0.00550043 0.0147978 
1.23477 0.00167053 -0.0552936 
1.22021 0.00646713 0.0899539 
1.21652 0.000500984 -0.0654838 
1.2171 0.00832351 -0.0624738 
1.24006 0.00353236 0.0293372 
1.21412 0.00524579 0.0389627 
1.23041 0.00580555 -0.0682189 
1.22504 0.00106919 0.086481 
1.21542 0.00531792 -0.0468082 
1.24114 0.00768179 0.0060024 
1.21442 0.00703984 0.0609301 
1.22563 0.00512863 -0.0764817 
1.22992 0.000888877 0.0779034 
1.22919 0.00864406 0.0808268 
1.2147 0.00685131 -0.0246276 
1.24022 0.00404895 -0.0202245 
1.2159 0.00440441 0.0763145 
1.22162 0.00701282 -0.0766723 
1.23433 0.005456 0.0646953 
1.21427 0.00647473 -0.000363641 
1.23749 0.00633129 -0.0417678 
1.21812 0.00623444 0.087126 
1.21816 0.00365233 -0.0716322 
1.23826 0.00618184 0.0447594 
1.21408 0.00569847 0.0243579 
1.23329 0.00533801 -0.0601422 
1.22185 0.00535101 0.0898398 
1.21608 0.00324786 -0.0586733 
1.24077 0.00181152 0.0193061 
1.21416 0.00605443 0.0478647 
1.22873 0.00771512 -0.0713597 
1.22677 0.00197205 0.0843822 
1.21513 0.00666417 -0.0385084 
1.24106 0.00613653 -0.00421349 
1.21525 0.00116799 0.0655956 
1.22393 0.00507301 -0.0777054 
1.23155 0.00367606 0.0739613 
1.21451 0.00729584 -0.0153493 
1.23927 0.00201172 -0.0299666 
1.21708 0.00014036 0.079352 
1.21632 0.00796159 0.0823289 
1.22009 0.0049359 -0.0758926 
1.23621 0.00212059 0.0562541 
1.21416 0.00658522 0.00928764 
1.23586 0.00319505 -0.0504484 
1.21962 0.00387215 0.0882532 
1.21754 0.00746265 -0.0659179 
1.23949 0.00402271 0.035166 
1.21406 0.00606232 0.0337389 
1.23115 0.000622982 -0.0673135 
1.23172 0.00837011 -0.0643709 
1.22355 0.00501107 0.0889585 
1.2157 0.00540819 -0.0512411 
1.24114 0.000237133 0.00912556 
1.24103 0.00793667 0.0120707 
1.21425 0.0072425 0.0563591 
1.22637 0.00112155 -0.076734 
1.2285 0.0036162 0.0815551 
1.21487 0.00760224 -0.0297679 
1.24064 0.00448121 -0.0143249 
1.21556 0.00369322 0.0726906 
1.22228 0.00424406 -0.0781673 
1.2331 0.00711537 0.0693789 
1.21435 0.00754392 -0.00585351 
1.23833 0.00733249 -0.0364205 
1.21763 0.00439592 0.0846584 
1.21867 0.0020997 -0.074358 
1.23738 0.00701619 0.0502473 
1.21408 0.00672326 0.0189114 
1.23447 0.00723322 -0.0556536 
1.22121 0.00227964 0.0886169 
1.21644 0.00278034 -0.0625188 
1.24039 0.00216333 0.0252743 
1.21407 0.00667561 0.04285 
1.22949 0.00296738 -0.0708842 
1.22528 0.00544025 0.0873189 
1.21536 0.00704448 -0.0432504 
1.24116 0.00641016 0.00183888 
1.21499 0.00105239 0.0613506 
1.22465 0.00153613 -0.078426 
1.23018 0.0059744 0.0780275 
1.21445 0.000375005 -0.0237337 
1.21465 0.00821038 -0.0206682 
1.23988 0.00261886 -0.0242364 
1.21594 0.00684029 0.0791318 
1.2207 0.00264012 -0.0778629 
1.23513 0.00342753 0.061279 
1.21422 0.00768051 0.00376733 
1.23686 0.00450627 -0.0453988 
1.21906 0.0015684 0.0862535 
1.21801 0.00634453 -0.0690955 
1.2388 0.00462742 0.0408808 
1.21402 0.00697453 0.0284132 
1.23245 0.00292748 -0.0632145 
1.22287 0.0014637 0.0882121 
1.216 0.00529718 -0.0554622 
1.24096 0.000510027 0.0151747 
1.2408 0.0082105 0.0181187 
1.21411 0.00761961 0.0516044 
1.22779 0.00459694 -0.0737579 
1.22702 0.00662375 0.0849374 
1.21474 0.000393141 -0.0378253 
1.21507 0.00822646 -0.0347719 
1.24094 0.00483444 -0.00834872 
1.21526 0.00322085 0.068819 
1.22296 0.00118242 -0.0793627 
1.23246 0.0012687 0.07091 
1.21435 0.000734067 -0.0143661 
1.21446 0.00857025 -0.0112957 
1.2388 0.000455897 -0.0338571 
1.23907 0.0081661 -0.0309116 
1.21717 0.00283696 0.0819032 
1.21921 0.000268143 -0.0767962 
1.21988 0.00807597 -0.0738177 
1.2369 0.000297693 0.0526385 
1.23641 0.00801826 0.0555708 
1.2141 0.00779143 0.013419 
1.23513 0.00116417 -0.0538828 
1.21978 0.00730452 0.0900404 
1.21682 0.00207421 -0.0661156 
1.2399 0.00259376 0.031163 
1.214 0.00742366 0.0377005 
1.23084 0.00570156 -0.0671974 
1.22458 0.00142227 0.0870426 
1.21563 0.00725031 -0.0478073 
1.24113 0.00666497 0.00790838 
1.21478 0.00113819 0.0568953 
1.22607 0.00548499 -0.0759067 
1.22948 0.000781786 0.0789137 
1.22875 0.00853917 0.0818374 
1.21457 0.00119499 -0.0289454 
1.24038 0.00311127 -0.0183949 
1.21559 0.00597645 0.0756686 
1.22133 5.38814e-05 -0.079535 
1.22203 0.00785053 -0.076571 
1.23396 0.00494738 0.0660974 
1.21428 0.000929089 -0.00481374 
1.23778 0.00562059 -0.0401601 
1.21773 0.00736614 0.0869205 
1.2185 0.00495962 -0.0719973 
1.238 0.00536761 0.0464614 
1.21424 0.000125316 0.0199395 
1.21402 0.00796259 0.0230065 
1.23368 0.00497563 -0.0588713 
1.2214 0.00600324 0.0901088 
1.21635 0.00496962 -0.0594563 
1.24067 0.000824522 0.0211808 
1.24045 0.00852651 0.0241233 
1.21445 0.000317522 0.0436387 
1.21401 0.0081535 0.046684 
1.22854 2.15715e-05 -0.0734473 
1.22917 0.00778162 -0.0705038 
1.22632 0.00214523 0.08512 
1.21492 0.000873023 -0.0426683 
1.21529 0.00870517 -0.0396203 
1.24111 0.00513137 -0.00231831 
1.215 0.00297396 0.0647131 
1.22437 0.00561262 -0.0773098 
1.23113 0.00340713 0.0751298 
1.21444 0.00169789 -0.0197367 
1.23948 0.00114476 -0.0282059 
1.21674 0.00155042 0.0788673 
1.22048 0.00595682 -0.0759724 
1.23588 0.00148089 0.0577835 
1.21423 0.00104544 0.00483016 
1.23619 0.00260567 -0.0489577 
1.21921 0.00482245 0.088227 
1.21724 0.00111757 -0.069452 
1.23928 0.00312508 0.0369507 
1.21427 0.000442281 0.029376 
1.21396 0.00827937 0.0324362 
1.23157 0.000418523 -0.0661934 
1.23213 0.00816358 -0.0632512 
1.22309 0.00547861 0.0894091 
1.21592 0.00726474 -0.0521623 
1.24098 0.00692428 0.0139718 
1.21459 0.00140906 0.0522462 
1.22682 0.00136716 -0.0760498 
1.22805 0.00361482 0.0824635 
1.21472 0.00190022 -0.0340325 
1.24075 0.00351079 -0.0124634 
1.21528 0.00535895 0.0719503 
1.22271 0.00496848 -0.0779532 
1.23271 0.00669513 0.0706954 
1.21434 0.00198451 -0.0102871 
1.23859 0.00655574 -0.0347488 
1.21726 0.00563641 0.0843441 
1.21904 0.00329991 -0.0746156 
1.23709 0.00626351 0.0518888 
1.21421 0.00116905 0.0144709 
1.23484 0.00677924 -0.0542948 
1.22078 0.00304549 0.0887728 
1.21672 0.00441145 -0.0632097 
1.24025 0.00120359 0.0271212 
1.21433 0.000989135 0.0385657 
1.22992 0.00292853 -0.0699248 
1.22482 0.0057255 0.0879483 
1.21514 0.00118938 -0.0473367 
1.24117 0.00539507 0.00374349 
1.21477 0.00293795 0.0603874 
1.2251 0.00196311 -0.0779188 
1.22974 0.00580567 0.0790993 
1.21455 0.00257869 -0.0250159 
1.24006 0.00170569 -0.0224306 
1.21635 0.000527586 0.0755595 
1.21562 0.00835277 0.0785464 
1.22111 0.00354898 -0.0778306 
1.23477 0.00286698 0.0627313 
1.21426 0.00213948 -0.000688401 
1.23717 0.00383994 -0.0438339 
1.21867 0.00263051 0.0861158 
1.21834 0.00771593 -0.0695257 
1.23856 0.00377889 0.0426167 
1.21421 0.00138572 0.0240139 
1.23285 0.00262417 -0.0619999 
