1.02066 0.777573 0.0957199 
1.01703 0.786718 0.0957889 
1.01974 0.778782 0.181897 
1.01651 0.788062 0.181352 
0.928181 0.783299 0.184537 
0.924304 0.793162 0.183308 
1.06251 0.785099 0.0892951 
1.05928 0.794014 0.0896291 
0.948603 0.778452 0.228233 
0.945127 0.788262 0.226951 
0.991543 0.778125 0.117521 
0.987748 0.787469 0.117221 
1.04468 0.782121 0.150116 
1.04152 0.791212 0.149915 
0.919951 0.779256 0.208631 
0.916156 0.789218 0.207229 
1.0525 0.77913 0.0825215 
1.04913 0.788084 0.08288 
0.975114 0.781101 0.21654 
0.971762 0.79072 0.215496 
0.961825 0.77949 0.144616 
0.957933 0.789057 0.143901 
1.06318 0.776949 0.11935 
1.06002 0.785887 0.119488 
0.920566 0.785758 0.223375 
1.02986 0.783274 0.0891302 
1.02631 0.792367 0.0892871 
1.00615 0.779902 0.194384 
1.00289 0.789286 0.193675 
0.93795 0.778624 0.173141 
0.934045 0.788392 0.172068 
1.06559 0.782187 0.0960264 
1.0624 0.791089 0.0963341 
0.935981 0.785919 0.228559 
1.00365 0.780472 0.106967 
0.99992 0.789733 0.106823 
1.03463 0.780514 0.164368 
1.03144 0.789682 0.16402 
0.922008 0.781239 0.198741 
0.918172 0.791169 0.197398 
1.05762 0.783066 0.083968 
1.05431 0.791999 0.0843269 
0.962231 0.781497 0.222911 
0.95883 0.791211 0.221744 
0.972169 0.784864 0.131984 
1.0544 0.785087 0.132395 
1.05125 0.794102 0.132362 
0.918759 0.782589 0.218118 
0.915039 0.792586 0.216651 
1.0426 0.776743 0.0845105 
1.03913 0.78575 0.084807 
0.99141 0.783277 0.205103 
0.988118 0.792776 0.204225 
0.945369 0.784372 0.160154 
0.941467 0.794078 0.159195 
1.06408 0.785564 0.105201 
0.927598 0.78649 0.227561 
1.01619 0.780581 0.0979091 
1.01253 0.789758 0.0979195 
1.02288 0.779688 0.178232 
1.01966 0.788946 0.177726 
0.92577 0.784877 0.187445 
1.06204 0.783856 0.0877932 
1.05879 0.79277 0.0881414 
0.949233 0.785046 0.226637 
0.98728 0.779821 0.120515 
0.98347 0.789197 0.120155 
1.04678 0.783487 0.146247 
1.04362 0.792563 0.14608 
0.918616 0.78188 0.210621 
0.91484 0.79186 0.209191 
1.04823 0.784897 0.0828477 
1.04484 0.793881 0.0831574 
0.979132 0.779862 0.214548 
0.97579 0.78945 0.213546 
0.958106 0.780634 0.147932 
0.954209 0.790232 0.147162 
1.06405 0.77782 0.116063 
1.0609 0.786749 0.116226 
0.923946 0.779928 0.225422 
0.920294 0.7899 0.223969 
1.02894 0.777993 0.0906221 
1.02536 0.787086 0.0907825 
1.00964 0.780312 0.191083 
1.00639 0.789671 0.190414 
0.935091 0.779916 0.176305 
0.931192 0.789711 0.175188 
1.06544 0.781704 0.093919 
1.06224 0.790604 0.0942443 
0.939968 0.781873 0.228978 
0.936457 0.791748 0.22762 
0.999248 0.782663 0.109649 
0.995502 0.791957 0.109445 
1.03723 0.781793 0.160485 
1.03404 0.790942 0.160173 
0.920193 0.783332 0.201203 
0.916372 0.793284 0.199826 
1.05686 0.780767 0.0832689 
1.05354 0.7897 0.0836383 
0.966343 0.779401 0.221629 
0.962952 0.789083 0.220504 
0.972033 0.776693 0.135747 
0.96816 0.786178 0.13518 
1.05897 0.777316 0.128733 
1.05582 0.78629 0.128779 
0.918037 0.786026 0.219364 
1.03818 0.781387 0.0856336 
1.03469 0.790426 0.0858767 
0.995188 0.783028 0.202321 
0.991906 0.792499 0.201484 
0.942101 0.785532 0.163421 
1.06751 0.776862 0.102255 
1.06433 0.785754 0.102544 
0.931371 0.781635 0.228715 
0.927801 0.791567 0.227297 
1.01171 0.783405 0.100201 
1.00804 0.792615 0.100152 
1.02591 0.780697 0.1745 
1.0227 0.789932 0.174033 
0.927359 0.776682 0.191514 
0.923487 0.786553 0.190265 
1.06149 0.782395 0.0864575 
1.05823 0.791309 0.0868191 
0.953352 0.782072 0.226108 
0.949914 0.791853 0.22486 
0.983062 0.781416 0.123562 
0.979238 0.790824 0.123143 
1.04874 0.784844 0.142414 
1.04558 0.793904 0.14228 
0.917417 0.784671 0.212458 
1.04731 0.781461 0.0829955 
1.0439 0.790446 0.0833124 
0.983108 0.778851 0.212368 
0.979776 0.788408 0.211409 
0.954474 0.781763 0.15125 
0.950574 0.791392 0.150427 
1.06479 0.778566 0.112895 
1.06163 0.787489 0.113083 
0.92377 0.784261 0.225845 
1.02445 0.781564 0.092451 
1.02086 0.790689 0.0925542 
1.01305 0.780872 0.187671 
1.00981 0.790205 0.187043 
0.93235 0.781274 0.17941 
0.928458 0.791096 0.178249 
1.0652 0.781023 0.0919703 
1.06198 0.78992 0.0923123 
0.943993 0.778065 0.229179 
0.940489 0.787906 0.227861 
0.994874 0.784714 0.112407 
0.991111 0.794041 0.112143 
1.03969 0.783113 0.156592 
1.03652 0.792244 0.156316 
0.918512 0.785565 0.203538 
1.05606 0.778232 0.0827447 
1.05273 0.787165 0.0831241 
0.970437 0.777547 0.220142 
0.967055 0.787196 0.219058 
0.968103 0.777925 0.139025 
0.964222 0.787442 0.138401 
1.06024 0.778454 0.125175 
1.05709 0.787418 0.125249 
0.921143 0.779671 0.22189 
0.917448 0.789654 0.220433 
1.03723 0.776771 0.086641 
1.03372 0.78581 0.0868888 
0.998897 0.78297 0.199387 
0.995625 0.792412 0.198592 
0.942853 0.777 0.167654 
0.938941 0.786724 0.166658 
1.06765 0.776883 0.0997232 
1.06447 0.785771 0.100032 
0.935209 0.777012 0.229653 
0.931644 0.786911 0.228273 
1.01094 0.776845 0.102636 
1.00724 0.786053 0.102589 
1.02883 0.781795 0.170714 
1.02563 0.791009 0.170286 
0.925193 0.778443 0.194275 
0.921333 0.788338 0.192989 
1.06088 0.780713 0.08529 
1.05761 0.789626 0.0856644 
0.957477 0.779343 0.225364 
0.954047 0.78909 0.224158 
0.978893 0.782922 0.126656 
0.975056 0.792362 0.126179 
1.05371 0.777159 0.138682 
1.05055 0.786176 0.138629 
0.920111 0.777661 0.215564 
0.916355 0.787634 0.214135 
1.04638 0.777774 0.0833245 
1.04295 0.786761 0.0836481 
0.987036 0.778062 0.210007 
0.983714 0.787589 0.209089 
0.950935 0.782889 0.154563 
0.947033 0.792547 0.153687 
1.06539 0.779176 0.109854 
1.06223 0.788093 0.110066 
0.927332 0.778845 0.227512 
0.923711 0.788796 0.226078 
1.01995 0.784933 0.0943955 
1.01634 0.79409 0.0944407 
1.01636 0.781569 0.18416 
1.01313 0.790877 0.183572 
0.929731 0.782707 0.182447 
0.925848 0.792554 0.181245 
1.06486 0.780136 0.0901828 
1.06164 0.789032 0.0905406 
0.944553 0.784305 0.227886 
0.994315 0.777314 0.115496 
0.990531 0.786637 0.115235 
1.04202 0.784459 0.152703 
1.03886 0.793573 0.152462 
0.920774 0.777993 0.207123 
0.916967 0.787944 0.20574 
1.05188 0.784389 0.082786 
1.04852 0.793353 0.0831183 
0.971132 0.78555 0.217411 
0.964246 0.779116 0.142322 
0.960359 0.788664 0.141641 
1.06136 0.779503 0.121714 
1.05821 0.788458 0.121815 
0.92066 0.78348 0.222796 
0.91699 0.793475 0.221319 
1.03277 0.780944 0.0880803 
1.02924 0.790016 0.0882729 
1.00253 0.783093 0.196313 
0.99927 0.792508 0.195559 
0.939801 0.778204 0.1709 
0.935892 0.787955 0.169856 
1.06768 0.776723 0.0973426 
1.06449 0.785608 0.097671 
0.935545 0.782489 0.229033 
0.932009 0.792394 0.22764 
1.00651 0.779295 0.105175 
1.00279 0.788536 0.105068 
1.03163 0.78297 0.166886 
1.02844 0.792162 0.166495 
0.923156 0.780322 0.19693 
0.91931 0.790238 0.195608 
1.06022 0.778804 0.0842928 
1.05692 0.787717 0.0846792 
0.9616 0.776858 0.224408 
0.95818 0.786572 0.223244 
0.974779 0.784348 0.129793 
0.970931 0.79382 0.129257 
1.05537 0.778467 0.134923 
1.05221 0.787471 0.134901 
0.919164 0.780787 0.217101 
0.915429 0.790775 0.215647 
1.042 0.782823 0.0841652 
1.03855 0.791841 0.0844369 
0.99091 0.777488 0.207472 
0.987598 0.786985 0.206596 
0.947493 0.78402 0.157864 
0.943591 0.793707 0.156936 
1.06586 0.779639 0.106946 
1.0627 0.78855 0.107181 
0.927358 0.783575 0.227569 
0.923765 0.793536 0.22612 
1.01909 0.778948 0.0964029 
1.01545 0.788105 0.0964507 
1.01958 0.78239 0.180562 
1.01636 0.791675 0.180013 
0.927235 0.784223 0.18541 
0.923362 0.794096 0.184166 
1.06444 0.77904 0.0885585 
1.06121 0.787935 0.0889313 
0.948642 0.780944 0.227693 
0.945176 0.790757 0.226407 
0.990025 0.779086 0.118447 
0.986225 0.788441 0.118126 
1.04739 0.776752 0.148988 
1.04422 0.785819 0.148829 
0.919346 0.780508 0.209214 
0.915558 0.790477 0.2078 
1.05101 0.78137 0.0826258 
1.04763 0.790335 0.0829666 
0.975179 0.78414 0.215566 
0.971837 0.793761 0.214519 
0.96047 0.780277 0.145631 
0.956576 0.789856 0.144895 
1.06233 0.780449 0.118359 
1.05918 0.789395 0.118486 
0.923972 0.77752 0.224961 
0.920304 0.787486 0.223518 
1.02829 0.784903 0.0896459 
1.02473 0.794007 0.0897823 
1.00609 0.783385 0.19311 
1.00284 0.792773 0.192396 
0.936862 0.779458 0.174098 
0.932959 0.789236 0.173009 
1.0644 0.785256 0.0954632 
0.939497 0.778302 0.229575 
0.935967 0.788174 0.228222 
1.00209 0.781589 0.107799 
0.998357 0.790863 0.107633 
1.03432 0.784207 0.163029 
1.03113 0.79338 0.162675 
0.921251 0.782325 0.199472 
0.91742 0.792264 0.198116 
1.05619 0.785578 0.0838654 
0.962305 0.784298 0.222119 
0.958915 0.794015 0.220948 
0.970725 0.785705 0.132965 
1.05688 0.779721 0.131234 
1.05373 0.788714 0.131242 
0.918351 0.784096 0.218466 
0.91464 0.794099 0.21699 
1.04105 0.778632 0.0848641 
1.03758 0.78765 0.0851413 
0.994725 0.777121 0.204771 
0.991423 0.786589 0.203936 
0.944153 0.785165 0.161146 
1.0662 0.779945 0.104177 
1.06303 0.788851 0.104434 
0.931081 0.778583 0.228847 
0.927492 0.788511 0.227435 
1.01461 0.781898 0.0986225 
1.01095 0.791087 0.0986114 
1.02269 0.783322 0.176889 
1.01947 0.792584 0.176379 
0.924864 0.785833 0.188289 
1.06395 0.777729 0.0870997 
1.0607 0.786624 0.0874867 
0.952748 0.777826 0.227285 
0.94929 0.787605 0.22604 
0.985775 0.78075 0.121455 
0.98196 0.790138 0.121074 
1.04944 0.778127 0.145108 
1.04627 0.787178 0.144983 
0.918055 0.783185 0.211155 
0.914286 0.793172 0.209714 
1.05011 0.778104 0.0826452 
1.04672 0.78707 0.0829938 
0.979187 0.782962 0.21353 
0.975856 0.792552 0.212524 
0.956777 0.781416 0.148946 
0.952879 0.791026 0.148156 
1.06317 0.781279 0.115117 
1.06001 0.790217 0.11527 
0.923715 0.781715 0.225513 
0.920073 0.791692 0.224052 
1.02736 0.779546 0.0911941 
1.02378 0.78865 0.0913338 
1.00956 0.783835 0.189787 
1.00632 0.793197 0.189114 
0.93404 0.780771 0.177243 
0.930144 0.790576 0.176109 
1.06422 0.784711 0.0934119 
1.06101 0.79362 0.0937236 
0.939969 0.784191 0.228586 
0.936469 0.79407 0.227223 
0.997698 0.783737 0.110503 
0.993946 0.793042 0.110277 
1.03687 0.785493 0.159154 
0.919479 0.784462 0.201893 
1.05542 0.783205 0.083225 
1.05209 0.792148 0.0835776 
0.966415 0.782267 0.220787 
0.963035 0.791951 0.219657 
0.970613 0.777507 0.136755 
0.966738 0.787004 0.136166 
1.05825 0.78091 0.127626 
1.0551 0.789891 0.127662 
0.921383 0.777618 0.221101 
0.917673 0.787593 0.219656 
1.03662 0.783207 0.0860269 
1.03312 0.792258 0.0862502 
0.998474 0.776952 0.201913 
0.995184 0.786391 0.20112 
0.940919 0.786336 0.164402 
1.06642 0.780084 0.101552 
1.06325 0.788986 0.101829 
0.931289 0.783717 0.228534 
0.927728 0.793653 0.227109 
1.01014 0.784667 0.100943 
1.00646 0.793889 0.100872 
1.02569 0.784353 0.173152 
1.02249 0.793592 0.172681 
0.92649 0.777663 0.192341 
0.922622 0.787543 0.191078 
1.06013 0.785093 0.0862087 
1.05687 0.794017 0.0865549 
0.953414 0.784697 0.225457 
0.98157 0.782317 0.124515 
0.977743 0.791737 0.124075 
1.05135 0.779486 0.141268 
1.04819 0.788523 0.141175 
0.9169 0.78603 0.212941 
1.04579 0.783555 0.0832012 
1.04237 0.792552 0.0834995 
0.983152 0.782011 0.211307 
0.979831 0.791571 0.210344 
0.953174 0.782545 0.152261 
0.949273 0.792185 0.151418 
1.06386 0.781981 0.111998 
1.0607 0.790912 0.112175 
0.923578 0.786112 0.225875 
1.02287 0.783054 0.0930575 
1.01927 0.79219 0.0931397 
1.01294 0.784431 0.186357 
1.00971 0.793768 0.185724 
0.931337 0.782153 0.180325 
0.927449 0.791985 0.179149 
1.06394 0.783964 0.0915197 
1.06072 0.792872 0.0918477 
0.944007 0.780447 0.228733 
0.940514 0.790292 0.227411 
0.993332 0.785748 0.113281 
1.04248 0.777711 0.155508 
1.0393 0.786816 0.155274 
0.921659 0.776802 0.205551 
0.917841 0.786741 0.204186 
1.0546 0.780594 0.0827599 
1.05126 0.789538 0.0831222 
0.970505 0.780477 0.219251 
0.967134 0.790129 0.218163 
0.966705 0.778727 0.140037 
0.962822 0.788255 0.139392 
1.05947 0.782018 0.124107 
1.05632 0.790989 0.124172 
0.920813 0.781294 0.222132 
0.917126 0.791283 0.220666 
1.03567 0.778512 0.0870928 
1.03215 0.787563 0.0873207 
1.00215 0.77697 0.198907 
0.998874 0.786382 0.198156 
0.941704 0.777806 0.168639 
0.937793 0.78754 0.167625 
1.06652 0.780048 0.0990749 
1.06334 0.788945 0.0993716 
0.935147 0.779156 0.229418 
0.931592 0.789059 0.228031 
1.00937 0.778044 0.103426 
1.00567 0.787264 0.103358 
1.02857 0.785469 0.169366 
0.924364 0.779461 0.195068 
0.92051 0.789365 0.193768 
1.0595 0.78334 0.0850993 
1.05622 0.792263 0.0854578 
0.957543 0.782033 0.224662 
0.954124 0.791783 0.223451 
0.977418 0.783798 0.127621 
0.973578 0.79325 0.127122 
1.05311 0.780817 0.137479 
1.04995 0.789841 0.137418 
0.919631 0.77907 0.216004 
0.915882 0.789049 0.214565 
1.04485 0.77979 0.0835899 
1.04142 0.788787 0.0838947 
0.987068 0.78128 0.208905 
0.983756 0.79081 0.207983 
0.949665 0.783673 0.155568 
0.945763 0.793342 0.154673 
1.06442 0.782544 0.109007 
1.06126 0.791469 0.109207 
0.927168 0.780756 0.227488 
0.923556 0.790712 0.226047 
1.02199 0.777224 0.0949498 
1.01837 0.786361 0.0950349 
1.01622 0.785159 0.182832 
0.928757 0.783612 0.183338 
0.924878 0.79347 0.18212 
1.06358 0.783012 0.0897891 
1.06035 0.791918 0.0901325 
0.948075 0.776943 0.228663 
0.944589 0.786754 0.227381 
0.992789 0.778298 0.11641 
0.989 0.787633 0.116126 
1.04476 0.779074 0.1516 
1.04159 0.788162 0.151401 
0.920139 0.779211 0.207738 
0.916339 0.789169 0.206342 
1.05376 0.777741 0.082472 
1.0504 0.786686 0.0828433 
0.974567 0.778926 0.217514 
0.971205 0.788546 0.216468 
0.962873 0.779909 0.143336 
0.958984 0.789468 0.142635 
1.06055 0.783032 0.120688 
1.0574 0.791994 0.12078 
0.920371 0.785165 0.22298 
1.0312 0.782619 0.0885699 
1.02766 0.791702 0.0887422 
1.00576 0.777164 0.195765 
1.00249 0.786549 0.195054 
0.938687 0.779026 0.171869 
0.934781 0.788788 0.170808 
1.06652 0.779828 0.0967495 
1.06333 0.788722 0.0970651 
0.935512 0.784699 0.228736 
1.00495 0.780445 0.10599 
1.00122 0.789698 0.105862 
1.03454 0.77749 0.165889 
1.03134 0.786657 0.165541 
0.922369 0.781379 0.197687 
0.918529 0.791305 0.196352 
1.05881 0.781358 0.0841604 
1.05551 0.790282 0.0845306 
0.961668 0.779613 0.223654 
0.958258 0.789329 0.222485 
0.973322 0.785203 0.130767 
1.05473 0.782105 0.133752 
1.05157 0.791116 0.133721 
0.918727 0.782253 0.217487 
0.915001 0.792248 0.216024 
1.04046 0.78477 0.0844713 
1.037 0.793799 0.0847238 
0.990927 0.780762 0.206332 
0.987626 0.790262 0.205452 
0.946255 0.784808 0.158861 
1.06484 0.782957 0.10615 
1.06168 0.791876 0.106373 
0.92723 0.785552 0.227484 
1.01751 0.780305 0.0970948 
1.01387 0.789473 0.0971214 
1.02264 0.776751 0.179729 
1.01941 0.786008 0.179223 
0.926301 0.785158 0.186273 
1.06313 0.781848 0.0882222 
1.05989 0.790754 0.0885802 
0.948687 0.783458 0.227135 
0.945232 0.793273 0.225844 
0.98851 0.780037 0.119377 
0.984706 0.789404 0.119034 
1.04691 0.780445 0.147712 
1.04374 0.789518 0.147547 
0.918756 0.781776 0.209781 
0.914975 0.791753 0.208356 
1.04951 0.78359 0.0827426 
1.04613 0.792566 0.0830654 
0.978596 0.77761 0.215581 
0.975244 0.787199 0.214577 
0.959122 0.781063 0.146645 
0.955227 0.790653 0.145889 
1.06148 0.78394 0.117378 
1.05833 0.792894 0.117495 
0.923715 0.779263 0.225092 
0.920056 0.789235 0.223641 
1.03027 0.777428 0.0899962 
1.02671 0.786512 0.0901721 
1.00928 0.777524 0.192497 
1.00602 0.786883 0.191827 
0.935785 0.780299 0.175049 
0.931885 0.790088 0.173943 
1.06641 0.779417 0.0945792 
1.06321 0.78831 0.0949128 
0.939481 0.780575 0.229224 
0.935961 0.790451 0.227866 
1.00054 0.782693 0.108637 
0.996797 0.791978 0.10845 
1.03718 0.778757 0.162001 
1.03399 0.787904 0.161689 
0.920507 0.783425 0.20019 
0.916682 0.793372 0.198821 
1.05807 0.779146 0.0833941 
1.05476 0.78807 0.0837753 
0.965783 0.777436 0.222437 
0.962382 0.78712 0.22131 
