1.04216 0.778768 0.00979302 
1.0385 0.787664 0.0107623 
1.07575 0.782439 0.185104 
1.07297 0.791376 0.184838 
0.823717 0.778364 0.248157 
0.819598 0.789081 0.245813 
1.12052 0.777094 -0.0358386 
1.11774 0.785544 -0.0341526 
1.11494 0.794017 -0.0325175 
0.956605 0.783764 0.290507 
0.953597 0.793618 0.288965 
0.891788 0.782729 0.146936 
0.887376 0.792702 0.145585 
1.15258 0.783626 0.0107747 
1.15008 0.791958 0.012078 
0.856334 0.783764 0.317641 
1.00288 0.782715 0.043766 
0.998876 0.791863 0.0441373 
1.11099 0.780656 0.136405 
1.10829 0.789332 0.136627 
0.816062 0.779543 0.277311 
0.812128 0.79041 0.27481 
1.09761 0.777529 -0.0304151 
1.09458 0.7861 -0.028826 
0.999971 0.782327 0.260892 
0.997045 0.791838 0.259769 
0.861886 0.778021 0.184708 
0.85752 0.788278 0.182924 
1.14825 0.779058 -0.0167299 
1.14572 0.787385 -0.0151855 
0.888724 0.779755 0.31742 
0.885478 0.790152 0.315323 
0.963785 0.779528 0.0801406 
0.959534 0.788937 0.0798985 
1.13615 0.781693 0.0868066 
1.13355 0.79018 0.0874752 
0.821144 0.778615 0.299902 
0.817399 0.789504 0.297373 
1.06884 0.779391 -0.012459 
1.06547 0.788127 -0.0111455 
1.04217 0.785102 0.221531 
0.837356 0.77805 0.22082 
0.833108 0.788583 0.218683 
1.1352 0.777896 -0.0316897 
1.13257 0.786276 -0.0300253 
0.925486 0.778362 0.307515 
0.922372 0.78846 0.305711 
0.922187 0.78241 0.11692 
0.917799 0.79213 0.116027 
1.15077 0.780095 0.040833 
1.14824 0.78846 0.0419012 
0.838185 0.777006 0.314098 
0.834623 0.787791 0.311658 
1.03336 0.783731 0.0162477 
1.02962 0.792686 0.0170803 
1.08405 0.778608 0.176237 
1.08127 0.78748 0.17608 
0.819281 0.78421 0.252838 
1.11528 0.781086 -0.0349388 
1.11245 0.789567 -0.0332841 
0.964757 0.783054 0.285825 
0.961764 0.792842 0.284359 
0.88406 0.785474 0.153528 
1.15399 0.77776 0.00381495 
1.15149 0.786074 0.00519778 
0.861145 0.785661 0.317658 
0.997934 0.776937 0.0502965 
0.993883 0.786112 0.0505985 
1.11749 0.777737 0.126886 
1.11481 0.786363 0.127211 
0.813349 0.786968 0.280416 
1.09233 0.778713 -0.0278165 
1.08923 0.787314 -0.0262707 
1.00749 0.784515 0.25391 
1.00458 0.793969 0.252862 
0.855141 0.781616 0.190987 
0.8508 0.791944 0.189105 
1.14626 0.778939 -0.0204007 
1.14372 0.787274 -0.0188266 
0.893941 0.783743 0.315473 
0.890736 0.794103 0.313408 
0.954911 0.782106 0.0870087 
0.950624 0.79158 0.0866238 
1.1406 0.778828 0.0774599 
1.13801 0.787279 0.0782221 
0.823956 0.777009 0.303545 
0.820242 0.787882 0.301031 
1.06363 0.777554 -0.00810857 
1.0602 0.786319 -0.00685181 
1.05159 0.780094 0.213679 
1.04875 0.789208 0.213121 
0.831766 0.782819 0.226398 
0.827559 0.793421 0.22418 
1.13015 0.783805 -0.0320549 
1.12747 0.792216 -0.0304141 
0.930794 0.785042 0.30327 
0.913807 0.78483 0.12364 
1.15081 0.784371 0.0336766 
1.14829 0.792733 0.0347876 
0.8423 0.777376 0.315655 
0.838774 0.788131 0.313239 
1.02827 0.779373 0.0219913 
1.02447 0.788355 0.0227572 
1.08927 0.783825 0.167106 
1.08652 0.792663 0.167016 
0.819222 0.779572 0.259649 
0.815173 0.790361 0.257228 
1.10999 0.784604 -0.0337512 
1.10711 0.793116 -0.0321304 
0.972813 0.782947 0.280655 
0.969837 0.792671 0.279265 
0.880918 0.7783 0.161551 
0.87651 0.78837 0.160043 
1.15269 0.779725 -0.00141015 
1.15019 0.788043 7.75829e-06 
0.869425 0.777367 0.319561 
0.866072 0.787914 0.317328 
0.988965 0.780092 0.0572412 
0.984858 0.789329 0.0573973 
1.12093 0.783507 0.11772 
1.11827 0.792111 0.118104 
0.814872 0.783845 0.285686 
1.08705 0.779328 -0.0248851 
1.08389 0.787959 -0.0233853 
1.01776 0.777765 0.247536 
1.01486 0.787134 0.246603 
0.848607 0.785442 0.197129 
1.14417 0.778358 -0.0237431 
1.14161 0.7867 -0.0221404 
0.902413 0.777889 0.315123 
0.899215 0.788173 0.313134 
0.946093 0.784622 0.0938175 
1.14209 0.784265 0.0690695 
1.13951 0.792706 0.0698814 
0.823362 0.786631 0.304291 
1.05497 0.78397 -0.0022437 
1.05145 0.792792 -0.00111267 
1.05794 0.784479 0.205051 
1.05512 0.79355 0.204564 
0.830635 0.777237 0.233999 
0.826442 0.787857 0.231762 
1.12771 0.780894 -0.0338085 
1.125 0.789313 -0.0321448 
0.939171 0.782267 0.300285 
0.936113 0.792259 0.298591 
0.909973 0.777491 0.131382 
0.905561 0.787305 0.130306 
1.15308 0.779931 0.0256902 
1.15057 0.78827 0.0268849 
0.846603 0.778108 0.316841 
0.843114 0.788834 0.314451 
1.01938 0.783631 0.0286766 
1.01551 0.792673 0.0293011 
1.09694 0.780389 0.157941 
1.09421 0.789168 0.157958 
0.815406 0.785979 0.263793 
1.10759 0.779106 -0.0339062 
1.10467 0.787625 -0.032268 
0.980762 0.783419 0.275022 
0.977804 0.79308 0.273707 
0.873539 0.781295 0.168089 
0.869146 0.791436 0.166473 
1.1512 0.781204 -0.00625309 
1.14869 0.789527 -0.00480147 
0.874415 0.780018 0.318853 
0.871102 0.79053 0.316649 
0.97998 0.783093 0.064142 
0.975822 0.792393 0.0641518 
1.12667 0.780727 0.108189 
1.12403 0.789287 0.108672 
0.816698 0.781056 0.290601 
0.812877 0.791961 0.28806 
1.08177 0.779367 -0.021618 
1.07855 0.788028 -0.0201669 
1.02495 0.780829 0.239867 
1.02207 0.790145 0.239008 
0.846598 0.779085 0.205127 
0.842295 0.789509 0.203124 
1.14198 0.777325 -0.0267714 
1.1394 0.785675 -0.025141 
1.13681 0.794046 -0.0235566 
0.907695 0.782821 0.312346 
0.904539 0.793068 0.310389 
0.941691 0.777529 0.101157 
0.937347 0.787096 0.100569 
1.14578 0.78109 0.0600493 
1.14323 0.7895 0.0609515 
0.826747 0.785753 0.307153 
1.04978 0.781101 0.00266846 
1.0462 0.789952 0.00373784 
1.06687 0.78007 0.19668 
1.06406 0.789071 0.196305 
0.825548 0.782483 0.239209 
0.821399 0.79317 0.236897 
1.12526 0.77753 -0.0352857 
1.12253 0.785958 -0.0335998 
0.947491 0.780137 0.296761 
0.944447 0.79006 0.295143 
0.901875 0.779974 0.138117 
0.89746 0.789858 0.136918 
1.15255 0.783422 0.0192351 
1.15004 0.791761 0.0204695 
0.851078 0.779199 0.317664 
0.847625 0.789892 0.3153 
1.01435 0.778543 0.0348235 
1.01042 0.787613 0.0353795 
1.10427 0.777151 0.148611 
1.10155 0.785875 0.148733 
0.815919 0.781861 0.270095 
0.811945 0.792713 0.267608 
1.10229 0.781578 -0.0320807 
1.09931 0.790128 -0.0304804 
0.988595 0.78444 0.268954 
0.985656 0.794041 0.267715 
0.866351 0.784476 0.17453 
1.14953 0.782195 -0.0107233 
1.14702 0.790523 -0.00923927 
0.879494 0.783044 0.317788 
0.876222 0.79352 0.315616 
0.970995 0.785962 0.0709909 
1.13201 0.777983 0.0986498 
1.12938 0.786501 0.0992297 
0.818827 0.778615 0.295143 
0.815034 0.789509 0.292612 
1.07651 0.778829 -0.018015 
1.07323 0.787519 -0.0166151 
1.03197 0.784244 0.231945 
1.02911 0.79351 0.23116 
0.840482 0.78333 0.211049 
0.836213 0.793824 0.208958 
1.13712 0.784207 -0.0278414 
1.1345 0.792586 -0.0262309 
0.916164 0.778067 0.311031 
0.913018 0.78824 0.309152 
0.933058 0.779916 0.107991 
0.928692 0.789549 0.107267 
1.14912 0.777705 0.0511913 
1.14657 0.786086 0.0521822 
0.830381 0.785248 0.309618 
1.04464 0.777737 0.00787257 
1.041 0.786617 0.00887881 
1.07274 0.784885 0.187771 
1.06996 0.793845 0.187466 
0.824885 0.777313 0.246496 
0.820754 0.788013 0.24417 
1.12005 0.782136 -0.0347751 
1.11727 0.790594 -0.033118 
0.955742 0.778645 0.292708 
0.952712 0.788501 0.291166 
0.89393 0.782559 0.144791 
0.889517 0.792513 0.143472 
1.15426 0.778156 0.0118497 
1.15176 0.786476 0.0131652 
0.855705 0.780643 0.318132 
0.85229 0.791304 0.315796 
1.0054 0.78222 0.04167 
1.00142 0.791351 0.0420814 
1.10853 0.782758 0.139368 
1.10584 0.791453 0.139553 
0.816721 0.778024 0.276109 
0.812771 0.788879 0.273622 
1.09697 0.783513 -0.0299395 
1.09394 0.792094 -0.02838 
0.996301 0.785979 0.262483 
0.863733 0.777623 0.182619 
0.859361 0.787861 0.180862 
1.14772 0.782701 -0.0148327 
1.14519 0.791036 -0.0133176 
0.884653 0.786462 0.316359 
0.96627 0.77933 0.0779858 
0.96203 0.788721 0.0777833 
1.13434 0.783709 0.0898121 
1.13174 0.792211 0.0904457 
0.817489 0.787413 0.296782 
1.07128 0.777719 -0.0140788 
1.06793 0.786439 -0.0127325 
1.04168 0.778785 0.224476 
1.03881 0.787973 0.223804 
0.838861 0.777315 0.21891 
0.834604 0.787829 0.216794 
1.13477 0.782303 -0.0302523 
1.13213 0.79069 -0.0286166 
0.921476 0.78403 0.307378 
0.924524 0.782304 0.11477 
0.920141 0.792005 0.113913 
1.14957 0.782418 0.0436009 
1.14704 0.790794 0.0446366 
0.834246 0.785115 0.311693 
1.03586 0.782816 0.014297 
1.03214 0.791754 0.0151678 
1.08113 0.780966 0.17899 
1.07836 0.789862 0.178794 
0.820353 0.783071 0.25126 
0.81627 0.793835 0.248864 
1.1176 0.777829 -0.0356635 
1.11479 0.786295 -0.0339863 
0.963913 0.77778 0.28814 
0.960898 0.78757 0.286674 
0.88615 0.785266 0.151397 
1.15324 0.780749 0.00613146 
1.15074 0.789071 0.00748391 
0.860467 0.78244 0.31825 
0.857091 0.793066 0.315942 
0.996413 0.785683 0.0485009 
1.11515 0.779792 0.129892 
1.11246 0.788437 0.130179 
0.813893 0.785342 0.279327 
1.09165 0.784895 -0.027475 
1.08855 0.793506 -0.025959 
1.0068 0.778545 0.256691 
1.00387 0.787999 0.255642 
0.856925 0.781153 0.188932 
0.852577 0.791463 0.187076 
1.14577 0.782732 -0.0185951 
1.14322 0.791074 -0.01705 
0.893107 0.779929 0.31662 
0.889881 0.790291 0.314555 
0.957379 0.781936 0.0848631 
0.953102 0.791392 0.0845173 
1.13891 0.780866 0.080453 
1.13632 0.789331 0.0811806 
0.820236 0.785681 0.300559 
1.06267 0.784796 -0.00852436 
1.05923 0.793573 -0.00729903 
1.0483 0.782838 0.216076 
1.04547 0.79198 0.215477 
0.833195 0.782005 0.224546 
0.828976 0.79259 0.222349 
1.13238 0.779963 -0.0323816 
1.12972 0.788359 -0.0307215 
0.929904 0.780454 0.305063 
0.926812 0.790518 0.303293 
0.916105 0.784717 0.121497 
1.15223 0.778451 0.035232 
1.14971 0.786802 0.0363535 
0.838326 0.78535 0.313386 
1.03076 0.77858 0.0199783 
1.02699 0.787546 0.0207828 
1.08922 0.777293 0.169986 
1.08645 0.786127 0.169899 
0.820208 0.778356 0.258142 
0.816145 0.78913 0.255738 
1.11234 0.781489 -0.0345581 
1.10947 0.789985 -0.0329136 
0.97199 0.777525 0.283077 
0.968993 0.78725 0.281686 
0.882954 0.778067 0.159408 
0.878544 0.788117 0.15793 
1.152 0.782866 0.000802132 
1.1495 0.791192 0.00218999 
0.865351 0.784591 0.318021 
0.991483 0.779737 0.0551055 
0.987392 0.788957 0.0553018 
1.12138 0.776947 0.120333 
1.11871 0.785543 0.120722 
0.815315 0.782119 0.284703 
0.81145 0.79302 0.282166 
1.08945 0.777094 -0.02621 
1.08632 0.78571 -0.0246813 
1.0142 0.781065 0.249439 
1.0113 0.790464 0.248465 
0.850326 0.784911 0.195112 
1.1437 0.782297 -0.0220249 
1.14114 0.790646 -0.0204511 
0.898354 0.784229 0.314396 
0.948539 0.784473 0.0916809 
0.944231 0.793994 0.0911935 
1.14309 0.777922 0.0711857 
1.14051 0.786353 0.0720057 
0.823264 0.78432 0.303939 
1.05744 0.782605 -0.00399841 
1.05394 0.791412 -0.00283219 
1.05756 0.778066 0.208008 
1.05473 0.787135 0.207521 
0.827789 0.786964 0.229973 
1.12995 0.777185 -0.0342338 
1.12727 0.785589 -0.0325503 
1.12457 0.794015 -0.0309153 
0.93829 0.777518 0.302204 
0.93521 0.787512 0.30051 
0.912225 0.777381 0.129213 
0.907815 0.787177 0.128172 
1.15207 0.782472 0.0283025 
1.14955 0.790821 0.0294657 
0.8426 0.785949 0.314705 
1.02189 0.782934 0.0266451 
1.01804 0.79196 0.0273089 
1.09423 0.782617 0.160805 
1.09149 0.791418 0.160783 
0.816287 0.784668 0.26238 
1.10704 0.784659 -0.0331589 
1.10412 0.793187 -0.0315499 
0.979964 0.777854 0.277543 
0.976984 0.787517 0.276228 
0.875519 0.781011 0.165968 
0.871122 0.791133 0.16438 
1.15057 0.784499 -0.00414334 
1.14805 0.792829 -0.00272148 
0.87034 0.787102 0.317443 
0.982497 0.782787 0.0620113 
0.978354 0.79207 0.0620614 
1.12457 0.782738 0.111213 
1.12193 0.791314 0.11166 
0.817041 0.779227 0.289728 
0.813202 0.790121 0.287198 
1.08419 0.777305 -0.0230357 
1.08099 0.78595 -0.0215545 
1.02145 0.783989 0.241889 
1.01857 0.793335 0.240989 
0.848258 0.778503 0.203127 
0.843946 0.788907 0.201147 
1.14153 0.781406 -0.0251367 
1.13895 0.789763 -0.0235351 
0.906831 0.778737 0.313726 
0.903653 0.788986 0.31177 
0.944103 0.777413 0.0989906 
0.939767 0.786962 0.0984409 
1.14433 0.783229 0.0629534 
1.14177 0.791651 0.063822 
0.82656 0.783331 0.306919 
1.05225 0.779888 0.000835447 
1.0487 0.788723 0.00194079 
1.06375 0.78262 0.199256 
1.06094 0.791646 0.19884 
0.826821 0.781526 0.237469 
0.82266 0.792196 0.235176 
1.12481 0.782371 -0.0341034 
1.12208 0.790806 -0.0324463 
0.943555 0.785151 0.297186 
0.904082 0.779843 0.135959 
0.899668 0.789708 0.134793 
1.15413 0.777766 0.020501 
1.15162 0.786093 0.021747 
0.847051 0.786905 0.315659 
1.01685 0.777949 0.0327397 
1.01295 0.787002 0.0333352 
1.10167 0.779313 0.151537 
1.09894 0.788057 0.151621 
0.816707 0.780465 0.268767 
0.812718 0.791303 0.266295 
1.10466 0.778784 -0.0330831 
1.1017 0.787318 -0.0314574 
0.987823 0.778743 0.271565 
0.984862 0.788344 0.270325 
0.868272 0.784138 0.172432 
1.15146 0.777328 -0.0102119 
1.14895 0.785643 -0.00871341 
1.14643 0.793979 -0.00725891 
0.878717 0.779507 0.318683 
0.875423 0.789984 0.316513 
0.973507 0.785699 0.0688674 
1.13004 0.779982 0.101686 
1.12741 0.788516 0.10223 
0.819069 0.776678 0.294385 
0.815258 0.787564 0.291864 
1.07894 0.776939 -0.0195246 
1.07568 0.785614 -0.0180936 
1.03142 0.778012 0.23486 
1.02853 0.787277 0.234074 
0.842072 0.782674 0.209095 
0.837794 0.79315 0.207027 
1.13927 0.780071 -0.0279438 
1.13668 0.788436 -0.0263156 
0.912131 0.784011 0.310654 
0.93544 0.779809 0.105833 
0.93108 0.789424 0.105146 
1.14778 0.77991 0.0540539 
1.14523 0.788303 0.0550117 
0.830111 0.782717 0.309502 
0.826512 0.793568 0.307 
1.0435 0.785532 0.00700846 
1.0725 0.778405 0.190709 
1.0697 0.787363 0.190404 
0.821937 0.786972 0.242504 
1.12235 0.778692 -0.0353782 
1.11959 0.787134 -0.0336996 
0.951835 0.783433 0.29333 
0.948814 0.793324 0.291746 
0.896088 0.782398 0.142644 
0.891674 0.792333 0.141357 
1.15342 0.780958 0.0142895 
1.15092 0.789286 0.0155743 
0.855096 0.777555 0.31859 
0.851661 0.788215 0.316257 
1.00792 0.781703 0.0395784 
1.00396 0.790817 0.0400298 
1.10604 0.784881 0.142311 
1.10334 0.793596 0.142459 
0.813447 0.78738 0.2724 
1.09936 0.78088 -0.0310312 
1.09635 0.789445 -0.0294451 
0.995559 0.780157 0.265174 
0.992617 0.7897 0.264009 
0.865599 0.777245 0.180523 
0.861221 0.787463 0.178793 
1.14969 0.777982 -0.0144495 
1.14717 0.786303 -0.0129193 
0.883842 0.78281 0.317361 
0.880589 0.79325 0.315221 
0.968758 0.77912 0.0758311 
0.964531 0.788494 0.0756682 
1.13511 0.777232 0.0921738 
1.13249 0.785726 0.0928142 
0.817615 0.78536 0.296151 
1.07039 0.784703 -0.0143001 
1.06704 0.793435 -0.0129847 
1.0383 0.781675 0.226742 
1.03544 0.790891 0.22603 
0.836121 0.787099 0.214891 
1.13695 0.778298 -0.0304579 
1.13434 0.78667 -0.0288039 
0.920591 0.779649 0.309005 
0.917467 0.789788 0.307159 
0.926872 0.782199 0.11262 
0.922494 0.791881 0.111799 
1.14833 0.784715 0.0463811 
1.1458 0.793102 0.0473842 
0.833898 0.782475 0.311692 
0.830333 0.793301 0.309212 
1.03835 0.781866 0.0123579 
1.03465 0.790788 0.0132665 
1.07818 0.783356 0.181712 
1.07541 0.792275 0.181476 
0.821455 0.781959 0.249656 
0.817358 0.792707 0.247278 
1.11711 0.782984 -0.0346688 
1.1143 0.791458 -0.0330205 
0.960038 0.782346 0.288954 
0.957033 0.792171 0.287445 
0.888255 0.785069 0.149265 
1.15247 0.783696 0.00846684 
1.14997 0.792027 0.0097888 
0.859809 0.779251 0.318809 
0.856412 0.789878 0.316505 
0.998942 0.785233 0.0464063 
1.11277 0.781865 0.13288 
1.11008 0.790528 0.13313 
0.814471 0.783749 0.278204 
1.09405 0.782428 -0.0286575 
1.09098 0.791023 -0.0271137 
1.00316 0.782064 0.258402 
1.00024 0.79155 0.257312 
0.858728 0.780711 0.186868 
0.854374 0.791001 0.185038 
1.14779 0.778156 -0.018335 
1.14526 0.786483 -0.0167743 
0.88904 0.786518 0.315667 
0.959853 0.781756 0.0827176 
0.955587 0.791195 0.0824109 
