0.778395 1.5708 0.047804 
0.778471 1.57281 0.0472419 
0.778549 1.57482 0.04668 
0.778629 1.57683 0.0461182 
0.778712 1.57885 0.0455565 
0.829173 1.56923 -0.0551201 
0.894403 1.57268 0.0418627 
0.749017 1.56625 -0.00107666 
0.749006 1.57871 -0.00466208 
0.904214 1.56764 -0.0310819 
0.903961 1.57837 -0.0334976 
0.81587 1.56495 0.0606034 
0.816385 1.57658 0.0575032 
0.78898 1.5736 -0.0489719 
0.92041 1.57055 0.0185068 
0.755679 1.56653 0.0282869 
0.755929 1.5789 0.0247494 
0.867811 1.57117 -0.0499405 
0.858518 1.56588 0.0576462 
0.859018 1.57705 0.0548653 
0.759996 1.57154 -0.0285329 
0.923308 1.56872 -0.00833371 
0.923263 1.57927 -0.0105941 
0.78093 1.56208 0.0516957 
0.781343 1.57413 0.0483411 
0.825633 1.56697 -0.0544415 
0.825172 1.57851 -0.0574638 
0.897018 1.564 0.0420864 
0.897375 1.57479 0.0396078 
0.748813 1.57262 -0.000310263 
0.901523 1.57014 -0.0335513 
0.81934 1.56221 0.0616612 
0.81984 1.5738 0.0585861 
0.786085 1.56922 -0.0465218 
0.921591 1.56357 0.017734 
0.921736 1.57413 0.0154575 
0.757293 1.57315 0.0286831 
0.864278 1.57144 -0.0510331 
0.862107 1.56582 0.0567641 
0.8626 1.57695 0.0540107 
0.758393 1.56589 -0.0247301 
0.758172 1.57823 -0.0282458 
0.922296 1.5724 -0.0114282 
0.784083 1.56956 0.0509877 
0.822126 1.56449 -0.0535914 
0.821651 1.57606 -0.0566394 
0.899892 1.5663 0.0397162 
0.900247 1.57706 0.0372616 
0.748761 1.56653 0.00404852 
0.748798 1.579 0.000461036 
0.89872 1.57249 -0.035938 
0.823336 1.57124 0.0595006 
0.783284 1.56468 -0.0439297 
0.782889 1.57671 -0.0472627 
0.922729 1.56723 0.0146432 
0.922875 1.57778 0.0123769 
0.758796 1.56747 0.0325291 
0.860715 1.57147 -0.0519726 
0.865671 1.566 0.0557256 
0.866157 1.57709 0.0529998 
0.75669 1.57252 -0.0243631 
0.921197 1.56545 -0.0122157 
0.921093 1.57602 -0.014493 
0.786922 1.56513 0.0534927 
0.787377 1.57711 0.0501818 
0.818167 1.57339 -0.0556449 
0.902658 1.56875 0.0372613 
0.903012 1.57949 0.0348299 
0.748871 1.5729 0.00481807 
0.896136 1.56387 -0.0357567 
0.895813 1.57468 -0.0382363 
0.826869 1.5689 0.0602449 
0.780169 1.57205 -0.0445514 
0.923675 1.57094 0.011527 
0.760715 1.57419 0.0327773 
0.857131 1.57127 -0.0527542 
0.869204 1.5664 0.0545358 
0.869683 1.57746 0.0518375 
0.755347 1.56674 -0.0203958 
0.755171 1.57912 -0.0239339 
0.919809 1.56899 -0.0152346 
0.790291 1.5728 0.0525632 
0.814726 1.57051 -0.0544826 
0.905309 1.57134 0.034727 
0.749085 1.56682 0.0091648 
0.749169 1.57928 0.00557951 
0.893135 1.56588 -0.0379367 
0.892809 1.57671 -0.0404408 
0.830433 1.56679 0.0608175 
0.830966 1.57826 0.0578251 
0.777553 1.56726 -0.041704 
0.777198 1.57936 -0.0450791 
0.924336 1.56416 0.0106431 
0.924424 1.5747 0.00839 
0.762475 1.56867 0.03644 
0.853529 1.57083 -0.0533736 
0.872697 1.56703 0.0532003 
0.873171 1.57805 0.0505294 
0.753951 1.57328 -0.0198984 
0.918241 1.57244 -0.0182134 
0.793293 1.56866 0.0547977 
0.811334 1.56741 -0.0531546 
0.810886 1.57911 -0.0562825 
0.907549 1.56338 0.0345119 
0.907838 1.57408 0.0321188 
0.749508 1.57321 0.0099092 
0.890045 1.5677 -0.0400163 
0.889715 1.57857 -0.0425455 
0.834023 1.56491 0.0612171 
0.834543 1.57634 0.058251 
0.775046 1.56234 -0.0387241 
0.774674 1.57447 -0.0421173 
0.924883 1.56797 0.00748474 
0.924972 1.5785 0.00523673 
0.764369 1.56325 0.039996 
0.764692 1.57551 0.0365214 
0.849918 1.57015 -0.0538273 
0.876146 1.56787 0.0517249 
0.876614 1.57886 0.0490813 
0.752873 1.56739 -0.0157926 
0.916665 1.56519 -0.0188336 
0.916501 1.57581 -0.0211477 
0.796378 1.56469 0.0568826 
0.796858 1.57655 0.0536402 
0.807995 1.56411 -0.0516638 
0.807531 1.57585 -0.0548158 
0.909947 1.56627 0.0318142 
0.910235 1.57694 0.0294416 
0.749989 1.56716 0.0142114 
0.886874 1.56935 -0.0419895 
0.837633 1.56328 0.0614432 
0.838141 1.57467 0.0585036 
0.772262 1.56945 -0.0390259 
0.925227 1.5718 0.00431649 
0.7667 1.57016 0.0399794 
0.846302 1.56922 -0.0541122 
0.879543 1.56892 0.0501157 
0.75179 1.57386 -0.0151881 
0.91476 1.56844 -0.0217031 
0.914596 1.57907 -0.0240333 
0.800003 1.57272 0.0555951 
0.804234 1.57239 -0.0531885 
0.912207 1.56928 0.0290534 
0.750726 1.57358 0.0149028 
0.883629 1.57082 -0.04385 
0.841754 1.57323 0.058583 
0.769969 1.5643 -0.0358091 
0.769639 1.5765 -0.0392395 
0.925335 1.5651 0.00338719 
0.925366 1.57564 0.00114302 
0.768836 1.56493 0.0433205 
0.769203 1.57713 0.0398784 
0.842688 1.56805 -0.054226 
0.842239 1.5794 -0.0571213 
0.882882 1.57017 0.0483793 
0.750978 1.56788 -0.0109723 
0.912698 1.57157 -0.0245181 
0.803219 1.56907 0.0573953 
0.801001 1.56874 -0.0514033 
0.914319 1.5724 0.0262343 
0.751474 1.56759 0.0191287 
0.880317 1.57209 -0.0455914 
0.845377 1.57203 0.0584898 
0.76745 1.57127 -0.0359174 
0.925267 1.56895 0.000213464 
0.925299 1.57948 -0.002031 
0.771446 1.57199 0.0431136 
0.839082 1.56664 -0.0541674 
0.838621 1.57803 -0.0570895 
0.886155 1.57162 0.046522 
0.750208 1.57431 -0.010286 
0.910714 1.56393 -0.024912 
0.910486 1.57459 -0.0272743 
0.806501 1.5656 0.0590381 
0.807008 1.57734 0.0558695 
0.797836 1.56491 -0.0494631 
0.797397 1.57677 -0.0526897 
0.916051 1.56502 0.0256838 
0.916276 1.57563 0.0233613 
0.752525 1.57407 0.0197399 
0.877359 1.56217 -0.0445796 
0.876944 1.57316 -0.0472075 
0.849002 1.57108 0.0582251 
0.765387 1.56593 -0.0324782 
0.765099 1.57818 -0.0359423 
0.92502 1.56224 -0.000707942 
0.924993 1.57278 -0.00295433 
0.77381 1.56697 0.0462232 
0.77422 1.5791 0.0428173 
0.835489 1.56499 -0.0539353 
0.835015 1.57642 -0.056884 
0.888969 1.56239 0.0470942 
0.889355 1.57325 0.0445504 
0.749664 1.56826 -0.00599063 
0.908362 1.5668 -0.0275851 
0.908133 1.57749 -0.029967 
0.809844 1.56233 0.0605207 
0.810335 1.57404 0.0573761 
0.794289 1.57279 -0.0506199 
0.917846 1.56837 0.0227457 
0.918072 1.57896 0.0204389 
0.753539 1.56817 0.0238588 
0.873939 1.563 -0.046037 
0.873518 1.57402 -0.0486919 
0.852626 1.57037 0.057791 
0.763148 1.57276 -0.0324053 
0.924541 1.56605 -0.00386124 
0.924515 1.57658 -0.0061115 
0.776291 1.56207 0.049203 
0.776683 1.57418 0.0458148 
0.831914 1.5631 -0.0535296 
0.831428 1.57457 -0.0565047 
0.892093 1.56423 0.0449891 
0.892476 1.57507 0.0424709 
0.74926 1.56219 -0.00166568 
0.749208 1.57465 -0.0052493 
0.905876 1.56954 -0.030189 
0.813718 1.57093 0.0587204 
0.791261 1.56865 -0.0484004 
0.919472 1.57181 0.0197639 
0.754695 1.56233 0.027909 
0.754904 1.57471 0.0243642 
0.870473 1.56361 -0.0473564 
0.870046 1.57467 -0.0500384 
0.856241 1.5699 0.0571901 
0.761329 1.56724 -0.0287609 
0.92386 1.56981 -0.00699751 
0.779258 1.56939 0.0486794 
0.827865 1.57248 -0.0559519 
0.895129 1.56625 0.042783 
0.89551 1.57706 0.0402899 
0.74893 1.56857 -0.000905923 
0.903265 1.57215 -0.032719 
0.817151 1.56803 0.0598998 
0.788318 1.56435 -0.0460342 
0.787902 1.57632 -0.0493304 
0.920756 1.56476 0.0190261 
0.920922 1.57533 0.0167428 
0.756184 1.56892 0.0283471 
0.866967 1.564 -0.0485317 
0.866534 1.5751 -0.051241 
0.859841 1.56967 0.0564258 
0.759383 1.57396 -0.0285218 
0.923065 1.56299 -0.00785025 
0.922981 1.57354 -0.0101122 
0.78194 1.56474 0.0514074 
0.782374 1.57677 0.0480603 
0.82433 1.57016 -0.0552267 
0.898071 1.56843 0.0404819 
0.89845 1.57921 0.0380133 
0.748793 1.56248 0.00344991 
0.748788 1.57494 -0.00013734 
0.900833 1.56385 -0.0327281 
0.900536 1.57461 -0.0351701 
0.82063 1.56535 0.0609121 
0.82115 1.57693 0.057847 
0.785031 1.57189 -0.0468412 
0.922022 1.56837 0.0159588 
0.922188 1.57893 0.0136868 
0.757604 1.5632 0.0322466 
0.757859 1.57555 0.028723 
0.863429 1.56417 -0.0495575 
0.862988 1.5753 -0.0522941 
0.863421 1.56968 0.0555022 
0.757819 1.56829 -0.0246929 
0.92199 1.56664 -0.0109298 
0.921907 1.57721 -0.0132007 
0.78514 1.57224 0.0506684 
0.82083 1.56762 -0.0543304 
0.820374 1.57921 -0.0573884 
0.900911 1.57077 0.0380919 
0.748776 1.56885 0.00422167 
0.897997 1.56613 -0.0350715 
0.897697 1.57692 -0.0375369 
0.824148 1.56288 0.0617552 
0.824655 1.57442 0.0587156 
0.782255 1.56732 -0.0442109 
0.78188 1.57936 -0.0475516 
0.923099 1.57205 0.0128626 
0.759401 1.5699 0.032543 
0.859864 1.5641 -0.0504286 
0.859415 1.57527 -0.0531926 
0.866973 1.56991 0.0544238 
0.756392 1.56254 -0.0207752 
0.756176 1.57491 -0.0243057 
0.920727 1.57024 -0.013977 
0.788003 1.56785 0.0531342 
0.817369 1.56485 -0.0532651 
0.816899 1.57648 -0.0563483 
0.903329 1.56253 0.0380465 
0.90364 1.57326 0.0356187 
0.748905 1.56276 0.00857586 
0.748948 1.57522 0.00498925 
0.895059 1.56825 -0.0373245 
0.894757 1.57907 -0.0398139 
0.828194 1.57215 0.0594135 
0.77958 1.5626 -0.0414427 
0.779187 1.57467 -0.0448027 
0.923874 1.56523 0.0119989 
0.923982 1.57577 0.00974199 
0.76108 1.56433 0.0362665 
0.76138 1.57663 0.0327681 
0.856279 1.5638 -0.0511403 
0.855821 1.575 -0.0539317 
0.870491 1.57038 0.0531958 
0.754872 1.56911 -0.0203159 
0.919423 1.56316 -0.0146963 
0.91928 1.57375 -0.0169877 
0.790958 1.56362 0.0554547 
0.791417 1.57555 0.0521729 
0.813468 1.57354 -0.0551408 
0.905942 1.56518 0.0354733 
0.906253 1.57589 0.0330676 
0.749202 1.56914 0.0093313 
0.892028 1.57021 -0.0394813 
0.831762 1.5701 0.0599393 
0.7766 1.56985 -0.0419186 
0.924558 1.56901 0.00885203 
0.763178 1.57113 0.0364015 
0.85268 1.56326 -0.0516888 
0.852212 1.5745 -0.0545075 
0.87397 1.57106 0.0518239 
0.753709 1.56325 -0.0162512 
0.753538 1.57565 -0.0198015 
0.917799 1.56658 -0.0176522 
0.917656 1.57718 -0.0199573 
0.79444 1.57145 0.0543669 
0.810087 1.57039 -0.0537684 
0.908429 1.56797 0.0328284 
0.908739 1.57866 0.0304439 
0.749597 1.56308 0.0136513 
0.749688 1.57553 0.0100696 
0.88891 1.57199 -0.0415359 
0.835355 1.56828 0.060292 
0.774123 1.56489 -0.0389028 
0.773771 1.57704 -0.0423028 
0.924991 1.56229 0.00793903 
0.925041 1.57282 0.00569151 
0.765108 1.56573 0.0399266 
0.765453 1.57798 0.0364575 
0.849073 1.56247 -0.0520704 
0.848596 1.57375 -0.0549164 
0.877401 1.57196 0.050314 
0.7525 1.56974 -0.0156774 
0.916005 1.5699 -0.0205613 
0.797544 1.56752 0.0564105 
0.798045 1.57937 0.0531769 
0.80676 1.56704 -0.0522338 
0.806317 1.57879 -0.0553952 
0.910783 1.57089 0.0301168 
0.750208 1.56949 0.0143624 
0.886091 1.56269 -0.040923 
0.885713 1.57359 -0.0434823 
0.838966 1.56671 0.0604713 
0.839495 1.57809 0.0575425 
0.771391 1.57198 -0.0391765 
0.925268 1.56612 0.00476679 
0.925319 1.57665 0.002522 
0.767496 1.57266 0.0398834 
0.844976 1.57276 -0.0551556 
0.88036 1.56211 0.0512846 
0.880778 1.57306 0.0486724 
0.751603 1.56378 -0.0114934 
0.751479 1.57621 -0.0150594 
0.914254 1.56248 -0.0210862 
0.914049 1.57312 -0.0234194 
0.800723 1.56377 0.0583009 
0.801207 1.57558 0.05509 
0.803494 1.5635 -0.0505397 
0.803034 1.57529 -0.0537248 
0.91275 1.56328 0.0296934 
0.912996 1.57393 0.0273432 
0.75087 1.56348 0.0186161 
0.751008 1.57592 0.0150436 
0.882826 1.56407 -0.0427287 
0.882444 1.57501 -0.0453141 
0.84259 1.56537 0.0604773 
0.843108 1.57671 0.0575753 
0.769131 1.56681 -0.0359257 
0.768822 1.57902 -0.0393623 
0.92534 1.56996 0.001592 
0.769667 1.56746 0.043191 
0.84136 1.57153 -0.0552232 
0.883681 1.56345 0.0494909 
0.884095 1.57437 0.0469054 
0.750707 1.57022 -0.0108297 
0.912143 1.56557 -0.0238711 
0.911937 1.57622 -0.0262221 
0.80444 1.57197 0.0568477 
0.799817 1.57159 -0.0518972 
0.914813 1.56646 0.0268447 
0.915059 1.57708 0.0245123 
0.751796 1.56994 0.0192553 
0.879497 1.56526 -0.044413 
0.879109 1.57623 -0.0470249 
0.84622 1.56428 0.0603108 
0.846729 1.57558 0.0574359 
0.766667 1.57376 -0.0360073 
0.925212 1.56327 0.000664327 
0.925206 1.5738 -0.00158064 
0.771962 1.56237 0.0463754 
0.772332 1.57453 0.0429559 
0.837753 1.57005 -0.0551179 
0.886933 1.56498 0.0475788 
0.887344 1.57587 0.0450196 
0.750077 1.56419 -0.00655628 
0.75 1.57664 -0.0101337 
0.909885 1.56853 -0.0265949 
0.909678 1.57921 -0.0289648 
0.807737 1.56856 0.0584472 
0.79667 1.56771 -0.0499155 
0.916719 1.56973 0.0239444 
0.752725 1.56401 0.0234117 
0.752909 1.57642 0.0198526 
0.87611 1.56624 -0.0459697 
0.875717 1.57724 -0.0486084 
0.849852 1.56343 0.0599733 
0.850351 1.57469 0.0571257 
0.764639 1.56839 -0.0325364 
0.924872 1.56709 -0.00249881 
0.924866 1.57763 -0.00474644 
0.774728 1.56954 0.0460299 
0.834161 1.56834 -0.0548389 
0.890111 1.56669 0.0455547 
0.890518 1.57755 0.0430214 
0.749495 1.57059 -0.0058291 
0.907488 1.57138 -0.029253 
0.811093 1.56534 0.0598859 
0.811604 1.57703 0.0567508 
0.793598 1.56366 -0.0477825 
0.793162 1.57557 -0.05104 
0.918275 1.56251 0.0233014 
0.91846 1.57311 0.0209969 
0.753964 1.57054 0.0239529 
0.872673 1.56701 -0.0473925 
0.872274 1.57805 -0.0500583 
0.85348 1.56282 0.0594671 
0.853969 1.57405 0.0566469 
0.762742 1.56293 -0.028955 
0.762458 1.57521 -0.0324385 
0.924328 1.57089 -0.00564866 
0.777239 1.56468 0.0489732 
0.777652 1.57677 0.045592 
0.83059 1.56639 -0.0543863 
0.830124 1.57787 -0.0573718 
0.893206 1.56859 0.043425 
0.893611 1.57941 0.0409172 
0.749132 1.56451 -0.00149749 
0.749101 1.57697 -0.00508205 
0.905233 1.56336 -0.0294345 
0.904961 1.57408 -0.0318409 
0.814502 1.56233 0.0611612 
0.814999 1.57398 0.0580506 
0.790155 1.57139 -0.0487803 
0.919844 1.56599 0.0202974 
0.92003 1.57657 0.0180068 
0.755159 1.56471 0.0279822 
0.75539 1.57709 0.0244408 
