1.05195 0.781383 -0.0771838 
1.04844 0.7901 -0.0752038 
1.1533 0.781459 0.160531 
1.15097 0.789897 0.160743 
0.708568 0.784234 0.326054 
1.12969 0.7801 -0.164638 
1.12757 0.788376 -0.16176 
1.03578 0.782845 0.297005 
1.03326 0.792137 0.295892 
0.750688 0.778741 0.233181 
0.746039 0.789898 0.230237 
1.18372 0.782014 -0.174989 
1.18219 0.790028 -0.172199 
0.910049 0.782954 0.38531 
0.907371 0.793267 0.383071 
0.83449 0.777168 0.131912 
0.829521 0.787359 0.130062 
1.22384 0.782886 -0.122322 
1.22229 0.790738 -0.12 
0.803575 0.780728 0.41087 
0.800544 0.792 0.407856 
0.944798 0.781521 0.0318918 
0.940087 0.790881 0.0318763 
1.21985 0.77965 0.00626945 
1.21788 0.787608 0.00768641 
0.727062 0.78832 0.387982 
1.05402 0.781363 -0.0796402 
1.05055 0.790068 -0.0776255 
1.15058 0.783393 0.163888 
1.14825 0.79185 0.164063 
0.709273 0.783206 0.324503 
1.13147 0.778186 -0.166237 
1.12938 0.786452 -0.163347 
1.03472 0.776906 0.300132 
1.03218 0.786202 0.299014 
0.75229 0.778258 0.23117 
0.747631 0.789393 0.228246 
1.18543 0.778446 -0.175768 
1.18392 0.78645 -0.172974 
0.908706 0.778325 0.387504 
0.906004 0.788644 0.385263 
0.836476 0.777469 0.12973 
0.831505 0.787641 0.127909 
1.22532 0.777871 -0.121863 
1.22379 0.785714 -0.119538 
1.22223 0.793569 -0.117239 
0.802432 0.777651 0.411691 
0.799378 0.78893 0.408678 
0.947025 0.782078 0.0296521 
0.94233 0.791424 0.0296775 
1.21871 0.781333 0.00983312 
1.21673 0.7893 0.0112193 
0.72649 0.786327 0.38769 
1.05608 0.78132 -0.0820975 
1.05264 0.790012 -0.0800483 
1.15019 0.776888 0.167047 
1.14783 0.785344 0.167221 
1.14549 0.793822 0.167359 
0.710002 0.782193 0.322932 
0.70587 0.794074 0.31944 
1.13118 0.784491 -0.164916 
1.12908 0.792762 -0.162048 
1.0311 0.780284 0.302132 
1.02856 0.78961 0.300976 
0.753907 0.777797 0.229147 
0.749237 0.78891 0.226243 
1.18564 0.782841 -0.173732 
1.18411 0.790846 -0.170958 
0.904646 0.784059 0.38742 
0.838476 0.777776 0.127552 
0.833503 0.78793 0.125759 
1.22527 0.780646 -0.119039 
1.22372 0.788492 -0.116737 
0.798232 0.785868 0.409479 
0.949261 0.782614 0.027409 
0.944581 0.791946 0.0274755 
1.21755 0.783001 0.0133912 
1.21555 0.790978 0.0147466 
0.725944 0.78434 0.387378 
1.05813 0.781254 -0.0845543 
1.05473 0.789934 -0.0824711 
1.14742 0.77884 0.170391 
1.14506 0.787317 0.170528 
0.710752 0.781197 0.321343 
0.706604 0.793061 0.317863 
1.13297 0.782496 -0.166465 
1.1309 0.790756 -0.163586 
1.02746 0.783713 0.304085 
1.02494 0.79307 0.30289 
0.755536 0.777361 0.227111 
0.750856 0.788452 0.224227 
1.18735 0.779204 -0.174471 
1.18585 0.7872 -0.171693 
0.903297 0.779515 0.389541 
0.900589 0.789882 0.387254 
0.840489 0.778092 0.125377 
0.835513 0.788227 0.123614 
1.2252 0.783373 -0.116197 
1.22363 0.791222 -0.113919 
0.797105 0.782818 0.41026 
0.951504 0.783132 0.0251629 
0.946839 0.79245 0.0252709 
1.21836 0.776688 0.015585 
1.21636 0.784659 0.0169436 
1.21435 0.792645 0.018268 
0.725424 0.782361 0.387044 
1.06018 0.781164 -0.0870092 
1.05681 0.789832 -0.0848924 
1.14461 0.780815 0.173708 
1.14225 0.789313 0.173808 
0.711524 0.780219 0.319736 
0.70736 0.792066 0.316269 
1.13475 0.780469 -0.167996 
1.13271 0.788719 -0.165105 
1.02636 0.777838 0.30719 
1.02382 0.787199 0.305989 
0.757176 0.776953 0.225063 
0.752486 0.788022 0.222199 
1.18757 0.783529 -0.17241 
1.18605 0.791526 -0.169652 
0.899224 0.78539 0.389336 
0.842512 0.778417 0.123206 
0.837534 0.788534 0.121472 
1.22665 0.778216 -0.115617 
1.2251 0.786057 -0.113337 
1.22352 0.793909 -0.111084 
0.795996 0.779783 0.411018 
0.792926 0.791124 0.407955 
0.953752 0.783632 0.0229142 
0.949103 0.792936 0.0230638 
1.21715 0.778327 0.0191622 
1.21514 0.786307 0.0204899 
0.724932 0.780394 0.386686 
0.721373 0.792363 0.383162 
1.06221 0.781051 -0.0894606 
1.05888 0.789707 -0.0873108 
1.14178 0.782817 0.176998 
1.13942 0.791336 0.17706 
0.712317 0.779258 0.318112 
0.708136 0.791088 0.314658 
1.13652 0.778412 -0.169507 
1.13451 0.786653 -0.166605 
1.0227 0.781352 0.309083 
1.02016 0.790743 0.307843 
0.754125 0.787622 0.220158 
1.18928 0.779838 -0.173107 
1.18778 0.787826 -0.170345 
0.897868 0.780946 0.391379 
0.895155 0.791362 0.389047 
0.844543 0.778756 0.121039 
0.839565 0.788855 0.119335 
1.22654 0.780856 -0.112715 
1.22497 0.7887 -0.110459 
0.794907 0.776767 0.411753 
0.791813 0.788115 0.408691 
0.956004 0.784115 0.0206631 
0.951372 0.793406 0.0208546 
1.21591 0.77996 0.0227332 
1.21388 0.78795 0.0240299 
0.724467 0.778441 0.386304 
0.720888 0.790409 0.382785 
1.06424 0.780915 -0.0919071 
1.06094 0.789559 -0.0897247 
1.13893 0.784848 0.180258 
1.13656 0.793388 0.180283 
0.713128 0.778318 0.316472 
0.708932 0.790131 0.31303 
1.1363 0.78456 -0.168085 
1.13427 0.792804 -0.165206 
1.01902 0.784927 0.310925 
0.75577 0.787254 0.218104 
1.1895 0.784107 -0.171017 
1.18799 0.792096 -0.168276 
0.893782 0.786977 0.391049 
0.846582 0.779111 0.118875 
0.841602 0.789191 0.117201 
1.22641 0.783459 -0.109793 
1.22482 0.791306 -0.107562 
0.790718 0.785128 0.409403 
0.958259 0.784583 0.0184102 
0.953644 0.79386 0.0186437 
1.21464 0.781591 0.0262978 
1.2126 0.789591 0.0275633 
0.720431 0.78847 0.382381 
1.06625 0.780756 -0.0943469 
1.06299 0.789388 -0.0921326 
1.13842 0.778371 0.183464 
1.13604 0.786911 0.183487 
0.713957 0.777399 0.314815 
0.709745 0.789194 0.311387 
1.13807 0.782442 -0.169547 
1.13607 0.790676 -0.166656 
1.01788 0.779141 0.313998 
1.01533 0.788568 0.312714 
0.75742 0.786921 0.216038 
1.19121 0.780375 -0.171668 
1.18972 0.788354 -0.168923 
0.892418 0.782648 0.39301 
0.8897 0.793114 0.390633 
0.848625 0.779483 0.116715 
0.843645 0.789545 0.115072 
1.22782 0.778188 -0.109085 
1.22625 0.786028 -0.106852 
1.22464 0.793879 -0.104646 
0.789641 0.782168 0.410088 
0.786554 0.793572 0.406974 
0.960515 0.785038 0.0161558 
1.21333 0.783222 0.0298557 
1.21129 0.791232 0.0310901 
0.720001 0.786551 0.381952 
1.06825 0.780573 -0.0967788 
1.06502 0.789194 -0.0945329 
1.13552 0.780446 0.186699 
1.13313 0.789008 0.186685 
0.710576 0.788278 0.309728 
1.13982 0.780302 -0.170988 
1.13786 0.788527 -0.168087 
1.01417 0.782816 0.315774 
1.01163 0.792275 0.314451 
0.759074 0.786624 0.21396 
1.19143 0.7846 -0.169548 
1.18992 0.79258 -0.166823 
0.891062 0.778376 0.39493 
0.888319 0.788849 0.392552 
0.850673 0.779875 0.114559 
0.845692 0.789919 0.112946 
1.22765 0.780723 -0.106099 
1.22605 0.788565 -0.103891 
0.788581 0.779237 0.410747 
0.785472 0.790648 0.407635 
0.962772 0.78548 0.0139 
1.21404 0.77685 0.0321692 
1.21199 0.784854 0.0334068 
1.20994 0.792875 0.0346099 
0.719601 0.784651 0.381496 
1.07024 0.780366 -0.0992013 
1.06705 0.788975 -0.0969245 
1.13258 0.782557 0.189901 
1.1302 0.79114 0.18985 
0.711423 0.787383 0.308055 
1.14157 0.778141 -0.17241 
1.13963 0.786356 -0.169499 
1.01301 0.777097 0.318824 
1.01044 0.78656 0.317496 
0.76073 0.786363 0.21187 
1.19313 0.780836 -0.170151 
1.19164 0.788807 -0.167423 
0.886945 0.784644 0.394429 
0.852724 0.780287 0.112407 
0.847743 0.790314 0.110824 
1.22744 0.783228 -0.103093 
1.22583 0.791074 -0.10091 
0.784406 0.787755 0.408267 
0.969561 0.776706 0.011181 
0.965029 0.785909 0.0116432 
1.21268 0.778475 0.0357447 
1.21062 0.78649 0.036951 
0.719229 0.782774 0.381012 
1.07222 0.780133 -0.101613 
1.06906 0.78873 -0.0993062 
1.12962 0.784703 0.19307 
1.12724 0.793309 0.192981 
0.712287 0.786509 0.306368 
1.14139 0.784164 -0.170892 
1.13944 0.792382 -0.168004 
1.00927 0.780878 0.320531 
1.00671 0.790373 0.319163 
0.762387 0.786139 0.209769 
1.19481 0.777064 -0.170732 
1.19335 0.785025 -0.168 
1.19184 0.792997 -0.165292 
0.885579 0.780498 0.396264 
0.882834 0.791021 0.393839 
0.854777 0.780721 0.110258 
0.849797 0.790731 0.108706 
1.22881 0.777867 -0.102253 
1.22721 0.785705 -0.100067 
1.22558 0.793556 -0.0979089 
0.783356 0.784895 0.408872 
0.971798 0.777136 0.00888084 
0.967285 0.786326 0.00938522 
1.21129 0.780104 0.0393134 
1.20922 0.78813 0.0404881 
0.718886 0.780918 0.3805 
0.715255 0.792928 0.376943 
1.07418 0.779873 -0.104014 
1.07106 0.788458 -0.101677 
1.12905 0.77828 0.196295 
1.12664 0.786886 0.196204 
0.713168 0.785654 0.304668 
1.14314 0.781952 -0.172267 
1.14122 0.79016 -0.169369 
1.00551 0.784728 0.322183 
0.764046 0.785951 0.207657 
1.19504 0.781235 -0.168555 
1.19355 0.789198 -0.165843 
0.881451 0.786942 0.395632 
0.856833 0.781176 0.108112 
0.851853 0.791168 0.106591 
1.22856 0.780314 -0.0991815 
1.22694 0.788156 -0.0970211 
0.782324 0.782069 0.409448 
0.779199 0.793541 0.406284 
0.974034 0.777554 0.00657936 
0.969541 0.78673 0.00712597 
1.20986 0.781737 0.0428751 
1.20778 0.789774 0.0440182 
0.718574 0.779085 0.379958 
0.714923 0.791091 0.376406 
1.07613 0.779583 -0.106403 
1.07305 0.788157 -0.104037 
1.12604 0.780477 0.199432 
1.12364 0.789105 0.199303 
0.714065 0.784816 0.302955 
1.14487 0.779718 -0.173624 
1.14298 0.787917 -0.170717 
1.00432 0.779113 0.325192 
1.00175 0.788646 0.32378 
0.765706 0.785798 0.205534 
1.19671 0.777436 -0.169087 
1.19525 0.78539 -0.166372 
1.19374 0.793354 -0.163681 
0.880076 0.78292 0.397384 
0.877328 0.793495 0.394912 
0.858891 0.781652 0.10597 
0.853911 0.791627 0.10448 
1.22828 0.782734 -0.0960905 
1.22665 0.790581 -0.0939559 
0.781307 0.779277 0.409995 
0.77816 0.790755 0.406833 
0.97627 0.777959 0.00427625 
0.971798 0.787122 0.00486511 
1.20839 0.783373 0.04643 
1.20631 0.791421 0.0475414 
0.718293 0.777274 0.379387 
0.714622 0.789276 0.37584 
1.07808 0.779262 -0.10878 
1.07503 0.787824 -0.106385 
1.12302 0.782707 0.202534 
1.12061 0.791359 0.202367 
0.71498 0.783993 0.301232 
1.14659 0.777462 -0.174965 
1.14473 0.785651 -0.172048 
1.14282 0.793853 -0.169163 
1.00054 0.783064 0.326774 
0.997982 0.79263 0.325322 
0.767367 0.785677 0.203402 
1.19693 0.781572 -0.166879 
1.19545 0.789527 -0.164185 
0.878708 0.778954 0.399096 
0.875937 0.789537 0.396622 
0.860952 0.782147 0.103831 
0.855973 0.792106 0.102372 
1.2296 0.777289 -0.0951174 
1.22797 0.785128 -0.0929804 
1.22632 0.792979 -0.0908718 
0.777138 0.788001 0.407353 
0.978506 0.77835 0.00197103 
0.974054 0.7875 0.00260218 
1.20898 0.776968 0.0488638 
1.20689 0.785011 0.0499782 
1.2048 0.79307 0.0510578 
0.714353 0.78748 0.375245 
1.08001 0.778906 -0.111144 
1.07699 0.787456 -0.108721 
1.11997 0.78497 0.2056 
1.11757 0.793644 0.205395 
0.715913 0.783183 0.299498 
1.14647 0.783361 -0.173364 
1.14458 0.791553 -0.17047 
0.999325 0.777509 0.329758 
0.996747 0.78708 0.328301 
0.769031 0.785587 0.20126 
1.1986 0.777743 -0.167365 
1.19714 0.785688 -0.164667 
1.19564 0.793644 -0.161994 
0.874553 0.785632 0.398294 
0.863016 0.782661 0.101695 
0.858039 0.792602 0.100268 
1.22927 0.77965 -0.0919628 
1.22763 0.787494 -0.0898519 
0.776131 0.785278 0.407845 
0.980742 0.778726 -0.000336915 
0.976313 0.787862 0.000336556 
1.20746 0.778594 0.0524374 
1.20535 0.786648 0.0535199 
0.714118 0.785703 0.374621 
1.08193 0.778512 -0.113496 
1.07895 0.787051 -0.111046 
1.11933 0.778587 0.208839 
1.1169 0.787262 0.208631 
0.716865 0.782381 0.297755 
0.712568 0.794097 0.294376 
1.14819 0.781044 -0.174666 
1.14634 0.789227 -0.171763 
0.995517 0.781552 0.33127 
0.992952 0.791156 0.329773 
0.770698 0.785524 0.19911 
1.19882 0.781836 -0.165129 
1.19734 0.789783 -0.162452 
0.873178 0.781775 0.399929 
0.870406 0.79241 0.397408 
0.865085 0.783191 0.0995615 
0.86011 0.793116 0.0981657 
1.22892 0.781982 -0.0887902 
1.22726 0.789831 -0.0867057 
0.775142 0.782584 0.40831 
0.771982 0.794124 0.405096 
0.982981 0.779086 -0.00264833 
0.978574 0.788209 -0.0019325 
1.20589 0.780218 0.0560049 
1.20378 0.788284 0.0570553 
0.713917 0.783943 0.373967 
1.08385 0.778077 -0.115836 
1.0809 0.786605 -0.113358 
1.11624 0.780884 0.211872 
1.11382 0.789582 0.211626 
0.717838 0.781585 0.296002 
0.713527 0.793283 0.292637 
1.14991 0.778699 -0.175955 
1.14808 0.786872 -0.173044 
0.991704 0.785654 0.332728 
0.77237 0.785485 0.196952 
1.20048 0.777969 -0.16557 
1.19902 0.785907 -0.16289 
1.19752 0.793854 -0.160234 
0.871812 0.777964 0.401527 
0.869016 0.788607 0.399005 
0.86716 0.783735 0.0974303 
0.862187 0.793644 0.0960663 
1.22854 0.784284 -0.0856003 
1.22686 0.792137 -0.0835424 
0.774168 0.779917 0.408747 
0.770987 0.791463 0.405536 
0.985223 0.779428 -0.00496403 
0.980838 0.788538 -0.00420577 
1.20429 0.781837 0.0595664 
1.20218 0.789916 0.0605846 
0.713751 0.782196 0.373284 
1.08576 0.777598 -0.118163 
1.08285 0.786115 -0.115659 
1.11314 0.783205 0.21487 
1.11072 0.791927 0.214586 
0.718833 0.780793 0.294242 
0.714507 0.792471 0.290891 
1.14982 0.784486 -0.174312 
1.14797 0.792662 -0.171423 
0.990462 0.780168 0.335674 
0.987885 0.78981 0.334131 
0.774048 0.785468 0.194788 
1.20069 0.782012 -0.163308 
1.19921 0.78995 -0.160649 
0.867635 0.784845 0.400568 
0.869242 0.784292 0.0953009 
1.2298 0.778708 -0.0844541 
1.22813 0.786554 -0.0823939 
0.773212 0.777275 0.409158 
0.770008 0.788826 0.405948 
0.987468 0.779751 -0.00728484 
0.983106 0.788848 -0.0064841 
1.20266 0.783451 0.0631221 
1.20054 0.791541 0.0641081 
0.713621 0.780463 0.372572 
0.709899 0.792495 0.368995 
1.08766 0.777073 -0.120479 
1.08479 0.785578 -0.117949 
1.08186 0.794104 -0.115473 
1.11246 0.776826 0.21812 
1.11002 0.785549 0.217833 
0.719851 0.78 0.292475 
0.715511 0.79166 0.289138 
1.15154 0.782066 -0.17557 
1.14973 0.790233 -0.172673 
0.986626 0.784343 0.337064 
0.984062 0.79402 0.335482 
0.775733 0.785468 0.192616 
1.20235 0.778096 -0.163706 
1.20089 0.786026 -0.161044 
1.1994 0.793966 -0.158407 
0.866264 0.781121 0.402097 
0.863468 0.791817 0.399527 
0.871332 0.784859 0.093173 
1.22937 0.78094 -0.0812051 
1.22769 0.78879 -0.0791719 
0.769046 0.786211 0.406335 
0.989717 0.780055 -0.00961158 
0.985379 0.789139 -0.00876829 
1.20313 0.776971 0.0656834 
1.20099 0.785056 0.0666723 
1.19886 0.79316 0.067626 
0.713529 0.778741 0.371831 
0.709787 0.790767 0.36826 
1.08672 0.784993 -0.120227 
1.08383 0.793507 -0.117725 
1.10932 0.779166 0.221086 
1.10688 0.787913 0.220761 
0.720893 0.779204 0.290701 
0.716538 0.790845 0.287378 
1.15326 0.77961 -0.176818 
1.15147 0.787767 -0.173913 
0.985374 0.778886 0.339989 
0.982787 0.788569 0.338401 
0.777426 0.785484 0.190439 
1.20256 0.782078 -0.161421 
1.20109 0.790009 -0.15878 
0.864904 0.77743 0.403595 
0.862083 0.788134 0.401024 
0.87343 0.785435 0.0910463 
1.22892 0.783137 -0.077941 
1.22722 0.790993 -0.0759349 
0.768102 0.783617 0.406697 
0.991971 0.780339 -0.011945 
0.987657 0.789409 -0.0110591 
1.20143 0.778555 0.0692607 
1.19928 0.786653 0.0702171 
0.713475 0.77703 0.37106 
0.709713 0.789049 0.367496 
1.08865 0.784355 -0.122493 
1.08579 0.792859 -0.119965 
1.10616 0.781526 0.224017 
1.10373 0.790297 0.223653 
0.721961 0.778404 0.28892 
0.717591 0.790026 0.285613 
1.15497 0.777116 -0.178057 
1.15321 0.785264 -0.175144 
1.1514 0.793424 -0.17226 
0.981519 0.783126 0.341312 
0.978945 0.792843 0.339685 
0.779128 0.785514 0.188257 
1.20422 0.778106 -0.161778 
1.20276 0.786028 -0.159134 
1.20127 0.79396 -0.156515 
0.86071 0.784483 0.40249 
0.875538 0.786018 0.0889203 
1.23014 0.777452 -0.0766708 
1.22845 0.785301 -0.0746625 
1.22673 0.793162 -0.0726838 
0.767174 0.781043 0.407034 
0.763958 0.792655 0.403773 
0.99423 0.780603 -0.0142856 
0.98994 0.78966 -0.0133571 
1.19969 0.780131 0.0728326 
1.19754 0.788242 0.0737565 
0.709677 0.787341 0.366702 
1.09057 0.783665 -0.124748 
1.08775 0.792157 -0.122194 
1.10299 0.783904 0.226912 
1.10056 0.792699 0.226511 
0.723053 0.777599 0.287134 
0.71867 0.789201 0.283841 
1.15494 0.782722 -0.176366 
1.15316 0.790873 -0.173475 
0.980259 0.777691 0.344215 
0.977662 0.787413 0.342582 
0.780839 0.785555 0.18607 
1.20443 0.78202 -0.15947 
1.20295 0.789943 -0.156847 
