1.08168 0.00337979 -0.331413 
1.30737 0.00171128 -0.00348634 
1.07776 0.000932149 0.343973 
1.0763 0.00441195 -0.408243 
1.2643 0.00708405 0.232938 
1.13055 0.00571668 0.177857 
1.13226 0.000303123 -0.402975 
1.13513 0.00858372 -0.401072 
1.17258 0.00634884 0.380915 
1.15185 0.00422253 -0.055754 
1.22178 0.00686931 -0.314315 
1.09678 0.0050555 0.422928 
1.10614 0.00688959 -0.261745 
1.29632 0.000435185 -0.118844 
1.29719 0.00785032 -0.116239 
1.06537 0.00338899 0.392104 
1.06789 0.00233 -0.385879 
1.29485 0.00728829 0.129587 
1.10242 0.00767076 0.267649 
1.10027 0.000990118 -0.414137 
1.21605 0.00758834 0.327371 
1.15185 0.00280372 0.0563438 
1.17884 0.00793224 -0.368552 
1.12864 0.00570736 0.41261 
1.13095 0.00100981 -0.17588 
1.26699 0.000391311 -0.22201 
1.26861 0.00793144 -0.219561 
1.07312 0.00154085 0.415903 
1.07964 0.00495191 -0.339049 
1.30725 0.00614768 0.0142287 
1.07988 0.00252575 0.336167 
1.07711 0.000298351 -0.410677 
1.25928 0.00600967 0.245488 
1.1348 0.00199812 0.162845 
1.13996 0.00817146 -0.398385 
1.16784 0.00352061 0.385439 
1.15012 0.00116112 -0.0721878 
1.22592 0.00022297 -0.306458 
1.22812 0.00795888 -0.304205 
1.09232 0.00706984 0.423543 
1.10076 0.00108975 -0.273992 
1.29947 0.00485908 -0.101927 
1.06641 0.00205205 0.386657 
1.06718 0.000541627 -0.39074 
1.29205 0.00438111 0.143727 
1.10796 0.00210523 0.25488 
1.10476 0.00257677 -0.413173 
1.21185 0.00118291 0.334799 
1.15263 0.00788944 0.0429995 
1.18351 0.00460857 -0.363628 
1.12384 0.00549879 0.414942 
1.12849 0.00525773 -0.187538 
1.27316 0.00660379 -0.20678 
1.06936 0.00633244 0.414758 
1.07771 0.00624515 -0.346406 
1.30684 0.00319903 0.0292616 
1.08212 0.00434456 0.328084 
1.08118 0.00456406 -0.411133 
1.25401 0.00521995 0.257771 
1.13701 0.00672931 0.15063 
1.14483 0.0075558 -0.395462 
1.16305 0.00116326 0.389652 
1.14892 0.00627396 -0.0851334 
1.23217 0.00101075 -0.295962 
1.23429 0.00871521 -0.293678 
1.09103 0.000916524 0.422233 
1.09808 0.00360797 -0.28347 
1.30146 0.001818 -0.087443 
1.06764 0.00118727 0.380833 
1.06987 0.00706074 -0.39343 
1.28895 0.00162195 0.157678 
1.11086 0.00516878 0.244281 
1.10929 0.00378599 -0.411987 
1.20514 0.00299467 0.34394 
1.15362 0.00479892 0.0261941 
1.18813 0.000767966 -0.358343 
1.19067 0.00870781 -0.356246 
1.11909 0.00550305 0.417026 
1.12384 0.000952255 -0.201849 
1.27745 0.00497105 -0.193772 
1.06899 0.0026893 0.411621 
1.07591 0.00720734 -0.353473 
1.30615 0.000219683 0.0442508 
1.30579 0.00759705 0.0469059 
1.08447 0.00634428 0.31972 
1.08534 0.00850842 -0.411364 
1.24851 0.00470511 0.269767 
1.14067 0.00337842 0.135161 
1.14971 0.00671318 -0.392302 
1.15543 0.0073604 0.395514 
1.1465 0.00318784 -0.101174 
1.23824 0.00149587 -0.285073 
1.08667 0.00370777 0.422464 
1.09549 0.00601558 -0.29265 
1.30369 0.0061542 -0.070162 
1.06905 0.000795921 0.374648 
1.06963 0.00448087 -0.397534 
1.28427 0.00652092 0.173955 
1.1162 7.46112e-05 0.230771 
1.11377 0.00844467 0.233418 
1.11387 0.00465013 -0.410571 
1.19829 0.00529279 0.352614 
1.15411 0.00169692 0.00931785 
1.1952 0.00432477 -0.350574 
1.11439 0.00574329 0.418862 
1.12117 0.00470248 -0.213087 
1.28145 0.0030401 -0.180544 
1.06561 0.0080533 0.409856 
1.07423 0.0077898 -0.360238 
1.30471 0.00458084 0.061818 
1.08694 0.00849017 0.311072 
1.08649 0.00351825 -0.41318 
1.24279 0.00445822 0.281448 
1.14394 0.000161885 0.119441 
1.14255 0.00836855 0.122612 
1.15459 0.0056066 -0.388902 
1.15056 0.00583398 0.399156 
1.14364 4.17892e-05 -0.116975 
1.14493 0.00824666 -0.11378 
1.24413 0.00169883 -0.273817 
1.08234 0.00688575 0.422496 
1.093 0.00831655 -0.301535 
1.30501 0.00311471 -0.055385 
1.07062 0.000863798 0.368123 
1.06962 0.00155768 -0.40126 
1.2805 0.00420663 0.187492 
1.11902 0.00360124 0.219616 
1.1185 0.00520747 -0.408916 
1.19386 0.000207157 0.358755 
1.19129 0.00812367 0.360823 
1.15414 0.00673964 -0.00417865 
1.20213 0.0073181 -0.34236 
1.10975 0.00625218 0.42045 
1.11845 0.00820921 -0.224108 
1.28517 0.000829086 -0.167103 
1.28639 0.00829038 -0.164558 
1.06568 0.00500005 0.406052 
1.07271 0.00795169 -0.366682 
1.30334 0.0015255 0.0766314 
1.09244 0.00223119 0.299903 
1.0908 0.00677653 -0.413034 
1.23688 0.00447898 0.292786 
1.14559 0.00522977 0.106712 
1.15947 0.00418931 -0.385252 
1.14568 0.00463068 0.402541 
1.14185 0.0050211 -0.129393 
1.24981 0.00162862 -0.262225 
1.08125 0.00178714 0.420634 
1.08774 0.00194819 -0.31234 
1.30604 0.000108967 -0.0404994 
1.30632 0.00748553 -0.0378382 
1.07234 0.00136231 0.361277 
1.07299 0.00702951 -0.402878 
1.27645 0.00215873 0.20082 
1.1218 0.00737155 0.208241 
1.12319 0.00549725 -0.40702 
1.18678 0.00356673 0.36655 
1.15382 0.00363722 -0.0210355 
1.20653 0.00194446 -0.335865 
1.10515 0.00706702 0.421793 
1.11331 0.00310304 -0.237538 
1.28972 0.00581481 -0.150895 
1.06597 0.00229087 0.401869 
1.07135 0.00766368 -0.372786 
1.30099 0.00584022 0.0939464 
1.09511 0.00463403 0.290624 
1.09208 0.00109239 -0.414487 
1.23079 0.00477687 0.303753 
1.1482 0.00214966 0.0905771 
1.16432 0.00240954 -0.381341 
1.14079 0.00370302 0.405678 
1.13838 0.0016599 -0.144753 
1.25528 0.00128432 -0.250323 
1.07707 0.00564164 0.420277 
1.08545 0.00397851 -0.320615 
1.30697 0.00451282 -0.0228676 
1.07419 0.00225105 0.354128 
1.07342 0.0035143 -0.405942 
1.27212 0.000396404 0.213931 
1.27051 0.00791837 0.216375 
1.12665 0.0030813 0.193832 
1.12793 0.00555417 -0.404882 
1.17955 0.00751626 0.373907 
1.15299 0.000545924 -0.0378047 
1.15339 0.00870134 -0.0344296 
1.21322 0.00395959 -0.326773 
1.1006 0.00822441 0.422899 
1.11052 0.00615047 -0.248015 
1.29277 0.00313025 -0.137028 
1.06327 0.00870282 0.399029 
1.07017 0.00691057 -0.378529 
1.29894 0.00276733 0.108485 
1.09787 0.00715416 0.281043 
1.09648 0.00358208 -0.413978 
1.22452 0.00537285 0.314321 
1.14948 0.00726825 0.0775325 
1.16914 0.000215892 -0.377149 
1.1718 0.00826661 -0.375123 
1.13592 0.00301293 0.40857 
1.13627 0.00637659 -0.156828 
1.26051 0.00065814 -0.238137 
1.26224 0.00822748 -0.235718 
1.07617 0.00113646 0.418002 
1.08326 0.00583766 -0.328612 
1.30732 0.00156789 -0.00784412 
1.07616 0.00348148 0.346689 
1.07717 0.00840928 -0.406947 
1.26582 0.00647035 0.229237 
1.12921 0.00734812 0.182032 
1.13272 0.00540341 -0.402502 
1.17489 0.00403456 0.378866 
1.15228 0.00562962 -0.0510865 
1.21977 0.00553793 -0.317225 
1.09919 0.00123817 0.422039 
1.10517 0.000580462 -0.260719 
1.29552 0.000283894 -0.122963 
1.29642 0.00770229 -0.120363 
1.06404 0.00679029 0.394087 
1.06919 0.00569234 -0.383895 
1.29567 0.00715055 0.125451 
1.10344 0.00135316 0.268741 
1.10092 0.00566036 -0.413269 
1.2181 0.00629956 0.324462 
1.15138 0.00421038 0.0610279 
1.17655 0.00558491 -0.37062 
1.13108 0.00253542 0.411219 
1.13222 0.00264511 -0.171731 
1.26714 0.00728602 -0.223247 
1.07222 0.00557924 0.417193 
1.08119 0.0074818 -0.336334 
1.30733 0.00600571 0.00987001 
1.07826 0.00500136 0.33897 
1.07794 0.00436469 -0.409457 
1.26087 0.00531664 0.241857 
1.13357 0.00356516 0.167102 
1.13755 0.00505675 -0.399884 
1.17018 0.00106401 0.383481 
1.15069 0.00256843 -0.0675737 
1.22617 0.00672861 -0.307235 
1.09473 0.00313348 0.422719 
1.1024 0.0032689 -0.270586 
1.29879 0.00473452 -0.1061 
1.06502 0.00532699 0.388754 
1.06842 0.0040234 -0.38887 
1.29296 0.00421195 0.139641 
1.1063 0.00417817 0.258517 
1.10538 0.00733455 -0.41235 
1.21152 0.00759966 0.334158 
1.1528 0.00114404 0.0443562 
1.18125 0.00240932 -0.36579 
1.12628 0.00226078 0.413623 
1.12982 0.00695882 -0.183448 
1.27178 0.00604362 -0.210532 
1.07161 0.00160261 0.414425 
1.0762 0.000221099 -0.34579 
1.30701 0.00306355 0.02491 
1.08047 0.00675926 0.330973 
1.07886 5.46389e-05 -0.41172 
1.08197 0.00869664 -0.409959 
1.25568 0.00444992 0.254217 
1.13755 5.5883e-06 0.151896 
1.13584 0.0082482 0.154941 
1.14242 0.00451038 -0.397029 
1.16266 0.00665875 0.389743 
1.14956 0.00768291 -0.0805669 
1.23239 0.00757555 -0.296821 
1.09031 0.00543414 0.42319 
1.09971 0.00582597 -0.280157 
1.30087 0.00170477 -0.0916622 
1.0662 0.00433239 0.383039 
1.06788 0.00193018 -0.393451 
1.28995 0.0014081 0.153645 
1.10921 0.00718309 0.248008 
1.1069 0.000175262 -0.413039 
1.10989 0.00862416 -0.411214 
1.20725 0.00148073 0.341273 
1.15338 0.0062149 0.0309415 
1.18845 0.00667179 -0.358525 
1.12153 0.00219492 0.41578 
1.12527 0.00273178 -0.197849 
1.27615 0.0044958 -0.197586 
1.06798 0.00659747 0.413066 
1.07435 0.00126746 -0.352914 
1.3064 9.4665e-05 0.039914 
1.30608 0.00747095 0.0425712 
1.0858 0.000131329 0.320579 
1.0828 0.00870886 0.322698 
1.08301 0.00409933 -0.41202 
1.25025 0.0038604 0.266295 
1.13962 0.0048533 0.139547 
1.1473 0.00374473 -0.393938 
1.15783 0.00463724 0.393736 
1.14727 0.00460865 -0.0966721 
1.23638 0.000430029 -0.288309 
1.23845 0.00811364 -0.286007 
1.08592 0.00813841 0.42346 
1.09711 0.00826926 -0.28943 
1.30322 0.00604459 -0.0744248 
1.06757 0.00381186 0.37696 
1.07074 0.00816455 -0.395865 
1.28539 0.00624557 0.169984 
1.11461 0.00201441 0.234614 
1.11147 0.00114122 -0.411691 
1.20045 0.00364035 0.350076 
1.15401 0.00311578 0.0140805 
1.19301 0.00243699 -0.352959 
1.11682 0.00235776 0.417689 
1.12263 0.00655415 -0.209156 
1.28024 0.00264671 -0.184418 
1.06776 0.00315912 0.409696 
1.07263 0.00194714 -0.35974 
1.30509 0.00446651 0.057506 
1.08823 0.00225387 0.311982 
1.08723 0.00780553 -0.412109 
1.2446 0.00353997 0.278067 
1.143 0.00160412 0.123898 
1.1522 0.00272605 -0.390607 
1.15298 0.00300473 0.397454 
1.14454 0.00148367 -0.112541 
1.24232 0.000711906 -0.277152 
1.24432 0.00836653 -0.274822 
1.08473 0.00261656 0.421836 
1.09179 0.00208101 -0.300684 
1.30463 0.00299995 -0.0596817 
1.06911 0.00375538 0.370535 
