0.655357 1.5708 0.148215 
0.655581 1.57307 0.147509 
0.655808 1.57535 0.146803 
0.656037 1.57762 0.146098 
0.781353 1.56265 -0.17842 
0.779857 1.57454 -0.181838 
1.06955 1.57015 0.0829768 
1.07033 1.57941 0.0818531 
0.604718 1.57205 0.0806956 
0.892664 1.56881 -0.169691 
0.891293 1.57949 -0.1724 
0.967154 1.56822 0.143962 
0.968423 1.57824 0.141847 
0.595359 1.56243 -0.0119029 
0.5952 1.57722 -0.0166483 
1.00194 1.56278 -0.121645 
1.00086 1.57255 -0.123409 
0.855076 1.5676 0.183025 
0.856576 1.57862 0.180037 
0.616342 1.57544 -0.106471 
1.09487 1.56926 -0.0589377 
1.0944 1.57835 -0.0598283 
0.743836 1.56652 0.181025 
0.74534 1.57885 0.177365 
0.683361 1.5733 -0.159065 
1.12174 1.57037 0.0136698 
1.1219 1.57927 0.0130217 
0.653215 1.56512 0.148974 
0.654519 1.57882 0.144727 
0.782419 1.57273 -0.181525 
1.06713 1.56438 0.0851244 
1.0679 1.57366 0.0839625 
0.604125 1.57063 0.0792605 
0.895537 1.56511 -0.168025 
0.894145 1.57576 -0.170712 
0.964249 1.56351 0.146078 
0.965496 1.57355 0.14393 
0.595357 1.57534 -0.0181419 
1.00366 1.5673 -0.121225 
1.00262 1.57706 -0.122982 
0.852219 1.56446 0.184279 
0.853701 1.57551 0.181273 
0.617319 1.57405 -0.107623 
1.09667 1.5631 -0.0568842 
1.09619 1.57217 -0.057745 
0.74142 1.56481 0.181137 
0.742912 1.57718 0.177462 
0.685327 1.57212 -0.159483 
1.12137 1.56385 0.015738 
1.12153 1.57275 0.0150822 
0.651502 1.564 0.148311 
0.652792 1.57774 0.144053 
0.784993 1.5709 -0.181194 
1.06545 1.56792 0.0861013 
1.06625 1.57721 0.0849324 
0.603553 1.56919 0.0778154 
0.897009 1.572 -0.169007 
0.962574 1.56888 0.146023 
0.963861 1.57893 0.143867 
0.595535 1.57348 -0.0196374 
1.00541 1.57177 -0.120775 
0.850835 1.57243 0.182481 
0.618327 1.57266 -0.108754 
1.09794 1.56597 -0.0556819 
1.09749 1.57504 -0.0565376 
0.739017 1.56311 0.181238 
0.740496 1.57551 0.17755 
0.687311 1.57091 -0.159883 
1.12111 1.56623 0.0171493 
1.12129 1.57513 0.0164926 
0.649808 1.56287 0.147638 
0.651084 1.57663 0.143369 
0.787579 1.56904 -0.180847 
1.06298 1.56218 0.0882689 
1.06377 1.57149 0.0870616 
0.603 1.56775 0.0763607 
0.899881 1.56822 -0.16729 
0.89852 1.57884 -0.169945 
0.95966 1.56423 0.148123 
0.960925 1.5743 0.145935 
0.595733 1.57162 -0.0211357 
1.0082 1.56647 -0.118585 
1.00717 1.57619 -0.120297 
0.847979 1.56939 0.18366 
0.619364 1.57127 -0.109865 
1.09919 1.56881 -0.0544662 
1.09876 1.57786 -0.0553165 
0.738094 1.57384 0.177627 
0.689311 1.56969 -0.160265 
1.12083 1.5686 0.0185578 
1.12103 1.5775 0.0179004 
0.649396 1.57551 0.142674 
0.790176 1.56718 -0.180482 
0.788707 1.57896 -0.183846 
1.06127 1.56577 0.0892194 
1.06208 1.57509 0.0880047 
0.602466 1.5663 0.0748966 
0.902763 1.56442 -0.165561 
0.901382 1.57501 -0.168194 
0.957996 1.5697 0.14801 
0.595952 1.56978 -0.0226376 
1.00996 1.57086 -0.118088 
0.845134 1.56639 0.184809 
0.846635 1.57751 0.181758 
0.620431 1.56989 -0.110957 
1.10085 1.56256 -0.0524155 
1.10041 1.57161 -0.0532378 
0.735707 1.57217 0.177691 
0.691326 1.56845 -0.16063 
1.12032 1.56208 0.0206299 
1.12052 1.57098 0.0199625 
0.647728 1.57438 0.141967 
0.792784 1.56529 -0.180099 
0.791303 1.57704 -0.183448 
1.05956 1.56941 0.0901516 
1.0604 1.57874 0.08893 
0.601952 1.56484 0.0734232 
0.602627 1.57948 0.068755 
0.904252 1.57116 -0.166432 
0.955076 1.56511 0.15009 
0.95636 1.57522 0.147863 
0.596189 1.56796 -0.0241439 
1.01274 1.56552 -0.115899 
1.01173 1.5752 -0.117565 
0.842302 1.56344 0.185927 
0.843786 1.57459 0.182858 
0.621527 1.56853 -0.112031 
1.10202 1.56534 -0.0511799 
1.10161 1.57438 -0.0519977 
0.733336 1.57051 0.177741 
0.693357 1.56719 -0.160978 
1.11997 1.56446 0.0220317 
1.12018 1.57337 0.0213628 
0.646082 1.57324 0.141248 
0.795402 1.56338 -0.179699 
0.793908 1.5751 -0.183033 
1.05702 1.56373 0.0923259 
1.05785 1.57308 0.091065 
0.601457 1.56338 0.0719408 
0.602105 1.57803 0.0672678 
0.907129 1.56729 -0.164663 
0.905776 1.57784 -0.167264 
0.953428 1.57069 0.149916 
0.596445 1.56617 -0.0256553 
1.01449 1.56984 -0.11536 
1.01352 1.57951 -0.117018 
0.84095 1.57172 0.183925 
0.622652 1.56718 -0.113087 
1.10316 1.56809 -0.0499336 
1.10277 1.57712 -0.0507467 
0.730981 1.56886 0.177777 
0.695403 1.56592 -0.16131 
0.694009 1.57899 -0.165261 
1.11958 1.56685 0.023428 
1.11982 1.57576 0.0227578 
0.644459 1.57209 0.140516 
0.796523 1.57314 -0.1826 
1.05529 1.56744 0.093227 
1.05615 1.5768 0.0919588 
0.601601 1.57657 0.0657721 
0.910012 1.56342 -0.162889 
0.90864 1.57394 -0.165465 
0.950506 1.56619 0.151972 
0.95181 1.57634 0.149705 
0.59672 1.56441 -0.0271722 
0.596431 1.57917 -0.0319023 
1.01726 1.56447 -0.113178 
1.01626 1.57413 -0.114798 
0.838129 1.56889 0.184959 
0.623805 1.56585 -0.114127 
1.10427 1.57081 -0.0486775 
0.728645 1.56722 0.177797 
0.697463 1.56464 -0.161626 
0.696057 1.57768 -0.165564 
1.11917 1.56926 0.0248181 
1.11943 1.57818 0.0241469 
0.64286 1.57093 0.139769 
0.799145 1.57117 -0.182149 
1.05357 1.57119 0.0941077 
0.601116 1.57512 0.0642681 
0.911509 1.57003 -0.163662 
0.948877 1.57189 0.151733 
0.597012 1.56267 -0.0286951 
0.596693 1.57743 -0.0334223 
1.01901 1.56874 -0.112602 
1.01805 1.57839 -0.114214 
0.835323 1.56612 0.185959 
0.83683 1.57735 0.182847 
0.624986 1.56454 -0.115152 
0.623906 1.57877 -0.119606 
1.10572 1.56451 -0.0466289 
1.10535 1.57352 -0.0474122 
0.726327 1.56561 0.1778 
0.72781 1.57818 0.174033 
0.699536 1.56336 -0.161925 
0.698119 1.57636 -0.165851 
1.11848 1.56278 0.0268861 
1.11873 1.57169 0.0262015 
0.641286 1.56977 0.139008 
0.801776 1.56918 -0.181679 
1.05098 1.56559 0.0962823 
1.05186 1.57498 0.0949676 
0.600649 1.57366 0.0627565 
0.914383 1.5661 -0.161856 
0.913039 1.57659 -0.1644 
0.945956 1.56748 0.153761 
0.947282 1.57766 0.151456 
0.596973 1.57572 -0.0349482 
1.02176 1.56336 -0.110432 
1.02078 1.57299 -0.112005 
0.832532 1.56341 0.186924 
0.834023 1.57466 0.183795 
0.626195 1.56326 -0.116161 
0.625095 1.57747 -0.120606 
1.10675 1.56721 -0.0453589 
1.1064 1.57621 -0.0461382 
0.724028 1.56401 0.177785 
0.725499 1.57662 0.174004 
0.700195 1.57503 -0.166122 
1.11799 1.56522 0.0282642 
1.11826 1.57414 0.0275777 
0.639738 1.5686 0.138232 
0.804415 1.56717 -0.181188 
0.802946 1.57878 -0.184467 
1.04925 1.56942 0.0971282 
1.05015 1.57882 0.0958065 
0.6002 1.5722 0.0612379 
0.917263 1.56218 -0.160049 
0.915899 1.57263 -0.162567 
0.943047 1.5631 0.155789 
0.944351 1.57331 0.153455 
0.597269 1.57405 -0.0364799 
1.02351 1.5676 -0.109822 
1.02256 1.57721 -0.111387 
0.831232 1.57204 0.18471 
0.626312 1.57619 -0.121592 
1.10774 1.56989 -0.0440807 
1.10741 1.57889 -0.0448559 
0.721749 1.56243 0.177752 
0.723207 1.57507 0.173958 
0.702285 1.57369 -0.166377 
1.11747 1.56768 0.0296347 
1.11776 1.57661 0.0289464 
0.638217 1.56742 0.13744 
0.807063 1.56514 -0.180678 
0.805581 1.57672 -0.183941 
1.04663 1.56387 0.0993139 
1.04752 1.5733 0.0979525 
0.599769 1.57074 0.0597131 
0.918764 1.56867 -0.160733 
0.917447 1.57911 -0.163243 
0.941431 1.56898 0.155454 
0.942779 1.5792 0.153112 
0.597582 1.57241 -0.0380171 
1.02624 1.56221 -0.107665 
1.02527 1.5718 -0.109192 
0.828457 1.56947 0.18559 
0.627556 1.57494 -0.122563 
1.10904 1.56357 -0.0420422 
1.10871 1.57256 -0.0427947 
0.720934 1.57355 0.173893 
0.704389 1.57234 -0.166617 
1.11692 1.57017 0.0309973 
1.11723 1.57909 0.0303076 
0.636722 1.56624 0.136633 
0.809718 1.56309 -0.180145 
0.808224 1.57464 -0.183393 
1.04489 1.56778 0.100124 
1.04581 1.57722 0.0987556 
0.599355 1.56928 0.058183 
0.921634 1.56469 -0.158898 
0.920297 1.57511 -0.161383 
0.938523 1.56468 0.157452 
0.93985 1.57493 0.155081 
0.597911 1.57081 -0.0395592 
1.02798 1.56641 -0.107023 
1.02705 1.57598 -0.108543 
0.825698 1.56695 0.186436 
0.827216 1.57827 0.183264 
0.628827 1.57371 -0.123519 
1.10995 1.56624 -0.0407515 
1.10963 1.57522 -0.0415008 
0.718681 1.57205 0.173809 
0.706509 1.57098 -0.16684 
1.11603 1.56374 0.0330585 
1.11634 1.57267 0.032352 
0.635255 1.56505 0.135809 
0.636463 1.57906 0.131432 
0.810876 1.57253 -0.182822 
1.04225 1.56228 0.102321 
1.04316 1.57173 0.100913 
0.598959 1.56781 0.0566488 
0.923153 1.5711 -0.159522 
0.936931 1.57069 0.157049 
0.598256 1.56924 -0.0411054 
1.02973 1.57057 -0.106362 
0.822954 1.56448 0.187249 
0.824457 1.57584 0.184061 
0.630126 1.57251 -0.124461 
1.11082 1.56889 -0.0394531 
1.11053 1.57786 -0.0401991 
0.716446 1.57057 0.173706 
0.708643 1.56962 -0.167047 
1.1154 1.56626 0.0344079 
1.11572 1.5752 0.0336991 
0.633815 1.56385 0.13497 
0.635006 1.57789 0.130582 
0.813538 1.57039 -0.182226 
1.0405 1.56626 0.103095 
1.04144 1.57572 0.10168 
0.598579 1.56633 0.0551116 
0.926015 1.56708 -0.157659 
0.924705 1.57746 -0.160111 
0.934022 1.56647 0.159018 
0.935373 1.57675 0.156611 
0.598616 1.56769 -0.0426548 
1.03241 1.56517 -0.104208 
1.0315 1.57471 -0.105681 
0.821713 1.57345 0.184826 
0.631451 1.57134 -0.125388 
1.11196 1.56255 -0.0374213 
1.11167 1.57152 -0.0381468 
0.71423 1.56911 0.173584 
0.710794 1.56824 -0.167237 
1.11473 1.5688 0.0357495 
1.11508 1.57774 0.0350386 
0.632402 1.56264 0.134115 
0.633577 1.5767 0.129717 
0.816209 1.56821 -0.181604 
1.03876 1.57027 0.103849 
0.598216 1.56483 0.0535727 
0.928884 1.56304 -0.155797 
0.927554 1.57339 -0.158221 
0.931124 1.56227 0.160985 
0.932452 1.57258 0.158551 
0.598993 1.56617 -0.0442062 
1.03416 1.56929 -0.103514 
1.03328 1.57882 -0.10498 
0.818982 1.57111 0.185561 
0.632803 1.57018 -0.126299 
1.11275 1.56517 -0.0361093 
1.11248 1.57413 -0.0368325 
0.712031 1.56766 0.173445 
0.712961 1.56684 -0.167409 
1.11369 1.56241 0.0378138 
1.11403 1.57136 0.0370838 
0.632175 1.5755 0.128837 
0.818892 1.566 -0.180954 
0.817419 1.57744 -0.184146 
1.03608 1.56483 0.106044 
1.03703 1.57433 0.104582 
0.59787 1.56332 0.0520333 
0.598332 1.57804 0.0473196 
0.930412 1.56931 -0.15633 
0.929541 1.56843 0.160491 
0.930915 1.57875 0.158049 
0.599385 1.56467 -0.0457584 
0.598922 1.57938 -0.0504584 
1.03682 1.56387 -0.101373 
1.03593 1.57338 -0.1028 
0.816264 1.56881 0.186266 
0.634182 1.56904 -0.127196 
1.11351 1.56778 -0.0347892 
1.11325 1.57673 -0.0355097 
0.709849 1.56624 0.173287 
0.711314 1.57905 0.169417 
0.715146 1.56543 -0.167564 
0.713714 1.5782 -0.171388 
1.11294 1.56498 0.0391439 
1.1133 1.57393 0.0384108 
0.630801 1.57428 0.127941 
0.821588 1.56375 -0.180276 
0.820101 1.57516 -0.183452 
1.03433 1.5689 0.106764 
1.03532 1.57841 0.105295 
0.597974 1.57651 0.0457776 
0.933277 1.5652 -0.154438 
0.931974 1.57552 -0.156828 
0.926637 1.56429 0.162431 
0.927991 1.57464 0.159961 
0.599792 1.56319 -0.0473102 
0.599302 1.57789 -0.0520062 
1.03857 1.56793 -0.100645 
1.03771 1.57743 -0.102066 
0.813557 1.56655 0.186944 
0.815077 1.57801 0.183699 
0.635588 1.56791 -0.128077 
1.11424 1.57036 -0.0334606 
1.114 1.57931 -0.0341782 
0.707684 1.56482 0.173113 
0.709136 1.57766 0.169229 
0.717349 1.56399 -0.1677 
0.715905 1.57674 -0.17151 
1.11215 1.56756 0.0404669 
1.11254 1.57651 0.039731 
0.629453 1.57304 0.127032 
0.822796 1.57283 -0.182727 
1.03162 1.56347 0.108974 
1.03259 1.573 0.107465 
0.597633 1.57496 0.0442377 
0.934829 1.57136 -0.154907 
0.925073 1.57054 0.161875 
0.599698 1.57641 -0.0535522 
1.04121 1.56248 -0.0985157 
1.04033 1.57196 -0.0998971 
0.810862 1.56432 0.187595 
0.812368 1.57582 0.184335 
0.63702 1.56679 -0.128942 
1.11517 1.56398 -0.0314227 
1.11493 1.57292 -0.0321234 
0.705533 1.56341 0.172922 
0.706974 1.57629 0.169025 
0.719571 1.56254 -0.167817 
0.718115 1.57525 -0.171614 
1.11133 1.57015 0.0417831 
1.11174 1.57911 0.0410445 
0.628133 1.57177 0.126108 
0.825504 1.57045 -0.18197 
1.02987 1.56758 0.109662 
1.03087 1.57713 0.108146 
0.597308 1.57338 0.042701 
0.937694 1.56717 -0.152983 
0.936416 1.57745 -0.155338 
0.922162 1.56646 0.16379 
0.92354 1.57684 0.161286 
0.60011 1.57494 -0.0550952 
1.04295 1.56647 -0.0977533 
1.0421 1.57594 -0.0991276 
0.808177 1.56212 0.188221 
0.80967 1.57365 0.184946 
0.63848 1.56569 -0.129791 
1.11582 1.56652 -0.0300786 
1.1156 1.57546 -0.0307772 
0.704826 1.57493 0.168804 
0.720344 1.57374 -0.1717 
1.11008 1.56378 0.0438537 
1.11048 1.57275 0.0430925 
0.626841 1.57048 0.12517 
0.828226 1.56802 -0.181181 
0.826771 1.57936 -0.184315 
1.02714 1.56216 0.111886 
1.02812 1.57173 0.110331 
0.597 1.57176 0.0411682 
0.940571 1.56295 -0.151058 
0.939272 1.57321 -0.153385 
0.919256 1.56238 0.165704 
0.920614 1.57279 0.163174 
0.600539 1.57348 -0.0566341 
1.0447 1.57043 -0.0969697 
0.806981 1.57151 0.185533 
0.639966 1.56459 -0.130624 
0.638766 1.57856 -0.134961 
1.11644 1.56904 -0.0287259 
1.11624 1.57797 -0.0294222 
0.702692 1.57358 0.168568 
0.722592 1.57221 -0.171767 
1.10917 1.56638 0.0451599 
1.10959 1.57536 0.044395 
0.625576 1.56916 0.124217 
0.830964 1.56554 -0.180359 
0.829493 1.57685 -0.183477 
1.02537 1.56632 0.112543 
1.02639 1.57589 0.11098 
0.596709 1.57011 0.0396402 
0.942138 1.56893 -0.151429 
0.940884 1.57918 -0.153748 
0.917693 1.56874 0.165063 
0.919097 1.57916 0.162525 
0.600983 1.57202 -0.0581679 
1.0473 1.5649 -0.0948365 
1.04647 1.57434 -0.0961649 
