0.707555 1.5708 0.105616 
0.707715 1.57295 0.104967 
0.707878 1.57511 0.104318 
0.708044 1.57726 0.103669 
0.708211 1.57942 0.10302 
0.805002 1.56513 -0.127285 
0.803921 1.57682 -0.130506 
0.991177 1.56437 0.0722278 
0.991823 1.57428 0.0704606 
0.658427 1.56869 0.0371185 
0.914722 1.56588 -0.108189 
0.913797 1.57645 -0.110605 
0.888912 1.57179 0.121838 
0.665238 1.57003 -0.052317 
1.01012 1.56425 -0.0520999 
1.00966 1.57401 -0.0536812 
0.778448 1.56481 0.131515 
0.779547 1.57679 0.128104 
0.728635 1.57121 -0.111568 
1.03647 1.56413 0.0199649 
1.03666 1.57369 0.0186152 
0.689672 1.56275 0.0954155 
0.690484 1.57597 0.0913936 
0.830778 1.56916 -0.128521 
0.969076 1.56979 0.0857252 
0.655556 1.56504 0.0165895 
0.655691 1.57882 0.0123012 
0.939827 1.57211 -0.0980228 
0.861736 1.57042 0.128921 
0.675347 1.56725 -0.0698306 
1.02511 1.56997 -0.0365229 
0.753927 1.56613 0.125724 
0.754999 1.57843 0.122149 
0.752057 1.56381 -0.117304 
0.751028 1.57616 -0.120883 
1.02731 1.56506 0.0375008 
1.02766 1.57468 0.0360662 
0.676179 1.57265 0.076838 
0.858069 1.56548 -0.124522 
0.857017 1.57659 -0.127373 
0.944315 1.56875 0.0994858 
0.945212 1.57904 0.097307 
0.65553 1.57445 -0.00870415 
0.964643 1.57214 -0.0848579 
0.833993 1.565 0.134033 
0.835109 1.57634 0.130996 
0.689201 1.5643 -0.084864 
0.688421 1.57755 -0.0888852 
1.03527 1.57138 -0.0192563 
0.731033 1.57034 0.116954 
0.776195 1.56616 -0.123856 
0.775143 1.5782 -0.127272 
1.01306 1.56978 0.0535848 
1.01358 1.57952 0.0520238 
0.665683 1.56954 0.0597248 
0.884912 1.56575 -0.118471 
0.883908 1.57659 -0.121123 
0.918086 1.56296 0.112879 
0.919038 1.57347 0.110473 
0.658269 1.57073 -0.0293837 
0.987718 1.56845 -0.0700415 
0.987125 1.5784 -0.0718294 
0.807715 1.56733 0.133887 
0.808851 1.57896 0.130671 
0.705514 1.5743 -0.100911 
1.03949 1.57159 -0.00144726 
0.709813 1.56481 0.108948 
0.71075 1.57772 0.10507 
0.801437 1.56522 -0.127048 
0.800358 1.57695 -0.130293 
0.994441 1.57042 0.0690695 
0.659019 1.56672 0.0406337 
0.910762 1.56991 -0.110547 
0.891908 1.56435 0.122487 
0.892939 1.5751 0.119873 
0.664218 1.56801 -0.0489857 
1.00735 1.57078 -0.0553498 
0.781902 1.56444 0.132184 
0.783002 1.57638 0.128795 
0.725754 1.56981 -0.109901 
1.03725 1.56218 0.0177573 
1.03741 1.57173 0.0164142 
0.692599 1.57413 0.0938879 
0.826984 1.57024 -0.12898 
0.972033 1.5654 0.0846134 
0.972788 1.57546 0.082675 
0.655752 1.56321 0.0202348 
0.655904 1.57699 0.0159483 
0.936743 1.5667 -0.0985816 
0.9359 1.57708 -0.100814 
0.865766 1.57287 0.127535 
0.673828 1.56531 -0.0668121 
0.673209 1.57879 -0.0709501 
1.02335 1.56755 -0.0385197 
1.02304 1.57721 -0.0399844 
0.757222 1.56534 0.126837 
0.758294 1.5776 0.123283 
0.748855 1.56282 -0.116035 
0.747826 1.57521 -0.119636 
1.02885 1.56283 0.035411 
1.02917 1.57245 0.0339889 
0.677821 1.57077 0.0797416 
0.854105 1.56759 -0.125674 
0.853062 1.57874 -0.128555 
0.947415 1.56369 0.0987401 
0.948268 1.57395 0.096583 
0.655388 1.57264 -0.00503975 
0.961625 1.56752 -0.085839 
0.960891 1.57768 -0.0878576 
0.837887 1.56647 0.13332 
0.83901 1.57776 0.13031 
0.687207 1.56239 -0.0822377 
0.686433 1.57566 -0.0862742 
1.03423 1.56938 -0.021432 
1.03408 1.57896 -0.0227993 
0.73404 1.56911 0.118484 
0.772812 1.56557 -0.123006 
0.771761 1.57765 -0.126444 
1.01519 1.56682 0.0517949 
1.01568 1.57654 0.0502501 
0.666811 1.56757 0.0629671 
0.880929 1.56874 -0.120232 
0.922081 1.56734 0.110313 
0.923049 1.57782 0.107944 
0.657752 1.56877 -0.0258145 
0.984978 1.56437 -0.0713129 
0.984346 1.57434 -0.0731208 
0.811376 1.56775 0.133892 
0.812514 1.57934 0.1307 
0.703098 1.57251 -0.0987386 
1.03928 1.56964 -0.00366036 
1.03929 1.57918 -0.00498187 
0.712415 1.56319 0.110914 
0.713353 1.57607 0.107054 
0.797899 1.5652 -0.126725 
0.796821 1.57697 -0.129994 
0.997021 1.56666 0.067627 
0.997643 1.57652 0.0659157 
0.659668 1.56473 0.0441216 
0.660053 1.57844 0.039868 
0.90777 1.5632 -0.110381 
0.906807 1.57383 -0.112851 
0.895922 1.5678 0.120425 
0.896966 1.57852 0.117845 
0.663262 1.56598 -0.0456171 
1.00499 1.56742 -0.0569617 
1.0045 1.57723 -0.0585928 
0.785375 1.56414 0.132781 
0.786478 1.57604 0.129416 
0.722927 1.56834 -0.108172 
1.03804 1.56978 0.0142066 
1.03821 1.57933 0.0128739 
0.694773 1.5723 0.0963188 
0.823223 1.57117 -0.129342 
0.975687 1.57113 0.0815349 
0.656166 1.57513 0.0195837 
0.932799 1.57154 -0.101307 
0.868729 1.56447 0.128858 
0.869805 1.57544 0.126069 
0.672376 1.56335 -0.0637428 
0.671766 1.57686 -0.0678926 
1.02152 1.56503 -0.0404736 
1.02117 1.57471 -0.0419527 
0.760543 1.56461 0.127891 
0.761617 1.57682 0.12436 
0.74466 1.57421 -0.118332 
1.0306 1.57029 0.0318811 
0.67953 1.56891 0.0825894 
0.850156 1.56957 -0.12674 
0.951339 1.56899 0.0957854 
0.952209 1.57922 0.0936681 
0.655291 1.57085 -0.00137079 
0.958604 1.56281 -0.0867634 
0.957828 1.57299 -0.0888035 
0.841809 1.56808 0.132509 
0.84294 1.57933 0.129527 
0.684506 1.57377 -0.0836022 
1.03309 1.56735 -0.0235924 
1.03291 1.57693 -0.0249689 
0.737096 1.56796 0.119953 
0.769449 1.56492 -0.122093 
0.768398 1.57705 -0.125553 
1.01726 1.56399 0.0499518 
1.01772 1.57369 0.0484232 
0.668008 1.56562 0.0661659 
0.668597 1.57918 0.0619795 
0.876945 1.57163 -0.121924 
0.926082 1.57185 0.107701 
0.657287 1.56684 -0.0222249 
0.981538 1.57019 -0.0743628 
0.815068 1.5683 0.133802 
0.70074 1.57069 -0.0965011 
1.03896 1.56769 -0.00587161 
1.03894 1.57723 -0.00719581 
0.716016 1.57446 0.108973 
0.794386 1.56508 -0.126318 
0.79331 1.57689 -0.129611 
0.999558 1.563 0.066132 
1.00014 1.57284 0.0644395 
0.660378 1.56274 0.0475802 
0.660776 1.57643 0.0433328 
0.903805 1.56696 -0.112593 
0.902855 1.57762 -0.115098 
0.899936 1.57137 0.1183 
0.66237 1.56395 -0.0422132 
0.661956 1.57762 -0.0464435 
1.00258 1.56394 -0.0585172 
1.00206 1.57377 -0.0601663 
0.78887 1.56392 0.133304 
0.789974 1.57578 0.129962 
0.720155 1.56681 -0.106379 
1.03857 1.56784 0.0119945 
1.03871 1.57738 0.0106659 
0.697008 1.57048 0.0986858 
0.819494 1.57196 -0.129606 
0.978564 1.56689 0.0803464 
0.979295 1.57689 0.0784682 
0.656477 1.57326 0.0232051 
0.929731 1.56583 -0.101709 
0.928856 1.57626 -0.104001 
0.872761 1.56719 0.127284 
0.873848 1.57812 0.124525 
0.670392 1.5749 -0.0647855 
1.01961 1.5624 -0.0423811 
1.01922 1.57209 -0.0438749 
0.76389 1.56394 0.128887 
0.764964 1.57611 0.125378 
0.741532 1.57315 -0.11697 
1.03192 1.56818 0.0297467 
1.03222 1.57777 0.0283571 
0.681307 1.56705 0.08538 
0.846226 1.57141 -0.127715 
0.954421 1.56416 0.0949187 
0.955249 1.57436 0.0928231 
0.655241 1.56906 0.0023004 
0.954767 1.5682 -0.0896894 
0.954007 1.57842 -0.0917685 
0.845758 1.56983 0.131604 
0.682642 1.57187 -0.0808704 
1.03185 1.56528 -0.0257338 
1.03164 1.57487 -0.0271202 
0.740198 1.56687 0.121362 
0.741245 1.57935 0.117694 
0.766107 1.56421 -0.121118 
0.765056 1.57638 -0.124601 
1.01969 1.57096 0.0465448 
0.669275 1.56369 0.0693193 
0.669875 1.57723 0.0651432 
0.874003 1.56347 -0.12081 
0.872963 1.57441 -0.123543 
0.929152 1.56604 0.107358 
0.930087 1.57646 0.105047 
0.656873 1.56492 -0.0186171 
0.656682 1.57869 -0.0228937 
0.978703 1.56596 -0.0755562 
0.978045 1.57598 -0.077422 
0.818795 1.56899 0.133617 
0.698439 1.56885 -0.0941988 
1.03853 1.56573 -0.00808 
1.03848 1.57528 -0.00940761 
0.718736 1.57292 0.110827 
0.790898 1.56486 -0.125832 
0.789822 1.57672 -0.129148 
1.0026 1.56928 0.0629096 
1.0032 1.57909 0.0612524 
0.661559 1.57443 0.0467666 
0.899842 1.5706 -0.114746 
0.902947 1.5644 0.118642 
0.903952 1.57506 0.116114 
0.661138 1.5756 -0.0430137 
0.999566 1.57019 -0.0616839 
0.792387 1.56379 0.13375 
0.793492 1.5756 0.130431 
0.71744 1.56523 -0.104522 
0.716514 1.57805 -0.108339 
1.03898 1.56589 0.00977959 
1.03909 1.57543 0.0084544 
0.699302 1.56869 0.100988 
0.815799 1.57262 -0.129774 
0.981416 1.56272 0.07911 
0.982107 1.5727 0.0772525 
0.656839 1.57137 0.0268104 
0.925776 1.57042 -0.104328 
0.876796 1.57002 0.125634 
0.669087 1.57293 -0.0616307 
1.01721 1.56936 -0.0457479 
1.01684 1.57907 -0.0472701 
0.767259 1.56332 0.129822 
0.768335 1.57544 0.126336 
0.738446 1.57202 -0.115551 
1.03315 1.56613 0.0275899 
1.03342 1.57571 0.0262102 
0.68315 1.5652 0.0881121 
0.683923 1.57852 0.0840416 
0.842318 1.57312 -0.128598 
0.958294 1.56962 0.0919135 
0.655237 1.56727 0.00597142 
0.951712 1.56329 -0.0905115 
0.950909 1.57354 -0.0926123 
0.849731 1.57172 0.130605 
0.680841 1.56997 -0.07808 
1.03051 1.56316 -0.0278524 
1.03026 1.57276 -0.0292493 
0.743344 1.56584 0.122713 
0.744392 1.57828 0.119065 
0.762786 1.56345 -0.120084 
0.761736 1.57566 -0.12359 
1.02159 1.56834 0.0446175 
1.02203 1.57801 0.0431332 
0.671222 1.57529 0.06826 
0.870012 1.5661 -0.122324 
0.868982 1.57709 -0.125088 
0.933144 1.5708 0.104628 
0.656509 1.56304 -0.0149933 
0.656334 1.5768 -0.0192732 
0.975146 1.57169 -0.0785874 
0.822555 1.56982 0.133335 
0.696197 1.56698 -0.091832 
1.03799 1.56378 -0.0102843 
1.03791 1.57332 -0.011616 
0.721514 1.57143 0.112616 
0.787431 1.56456 -0.125269 
0.786357 1.57646 -0.128608 
1.00501 1.56583 0.0613251 
1.00558 1.57562 0.0596858 
0.662405 1.57242 0.0501675 
0.896872 1.56339 -0.114281 
0.895881 1.57412 -0.116839 
0.906951 1.56824 0.116362 
0.90797 1.57885 0.113869 
0.66038 1.57358 -0.0395524 
0.997033 1.5665 -0.0631465 
0.996487 1.57637 -0.0648485 
0.795927 1.56375 0.134116 
0.797035 1.57552 0.130821 
0.714782 1.56358 -0.102601 
0.713856 1.57645 -0.106437 
1.03929 1.56395 0.0075632 
1.03936 1.57348 0.00624068 
0.701656 1.56692 0.103226 
0.812137 1.57313 -0.129847 
0.984891 1.56859 0.0759891 
0.985598 1.57854 0.07417 
0.657252 1.56945 0.0303974 
0.922733 1.56439 -0.104557 
0.921825 1.57489 -0.106906 
0.879791 1.56209 0.12662 
0.880833 1.57296 0.123911 
0.66785 1.57095 -0.0584302 
1.01513 1.56651 -0.0475692 
1.01473 1.57624 -0.0491075 
0.77065 1.56276 0.130696 
0.771727 1.57484 0.127232 
0.735404 1.57082 -0.114073 
1.03428 1.56411 0.0254146 
1.03452 1.57369 0.0240442 
0.685057 1.56337 0.0907845 
0.685837 1.57665 0.0867285 
0.839519 1.56339 -0.126404 
0.838434 1.57469 -0.129388 
0.96134 1.56498 0.090943 
0.962143 1.57512 0.0889091 
0.655279 1.56548 0.00963994 
0.655354 1.57926 0.0053493 
0.947822 1.56854 -0.0933879 
0.947035 1.57881 -0.0955276 
0.85264 1.5626 0.132422 
0.853725 1.57374 0.129515 
0.679106 1.56805 -0.0752322 
1.0288 1.5706 -0.0313522 
0.74653 1.56488 0.124004 
0.747579 1.57727 0.120379 
0.759489 1.56264 -0.118992 
0.758439 1.57489 -0.12252 
1.02342 1.56584 0.0426441 
1.02382 1.57549 0.0411742 
0.672639 1.57337 0.071328 
0.866025 1.56861 -0.123761 
0.936233 1.5653 0.104118 
0.937139 1.57566 0.101866 
0.656036 1.57494 -0.0156385 
0.972226 1.56731 -0.0797038 
0.971543 1.57738 -0.0816287 
0.82635 1.57079 0.132955 
0.694012 1.5651 -0.0894014 
0.693203 1.57827 -0.093387 
1.03722 1.57137 -0.0138195 
0.724349 1.57001 0.114341 
0.783986 1.56417 -0.124631 
0.782913 1.57612 -0.127994 
1.00737 1.5625 0.0596854 
1.0079 1.57228 0.058064 
0.663316 1.57042 0.0535333 
0.892899 1.56677 -0.116278 
0.89192 1.57754 -0.118869 
0.910958 1.57219 0.114025 
0.659681 1.57158 -0.0360617 
0.99446 1.5627 -0.0645552 
0.993876 1.57259 -0.066276 
0.799494 1.56381 0.134398 
0.800604 1.57554 0.131127 
0.711255 1.57478 -0.104469 
1.03953 1.57154 0.00402583 
0.704069 1.56519 0.105397 
0.704983 1.57818 0.101479 
0.808506 1.57352 -0.129826 
0.987643 1.56456 0.0746775 
0.988311 1.5745 0.0728784 
0.657718 1.56751 0.0339638 
0.918773 1.56871 -0.107054 
0.917879 1.57924 -0.109438 
0.883817 1.56518 0.124795 
0.88487 1.57601 0.122119 
0.666681 1.56895 -0.0551859 
1.01299 1.56353 -0.0493367 
1.01255 1.57328 -0.0508913 
0.774061 1.56225 0.131506 
0.775139 1.57429 0.128065 
0.73241 1.56956 -0.112535 
1.03531 1.56213 0.0232244 
1.03552 1.57169 0.0218627 
0.687814 1.5748 0.0893549 
0.835655 1.56477 -0.12707 
0.834577 1.57612 -0.130081 
0.965144 1.57055 0.0879031 
0.655367 1.56368 0.0133036 
0.655459 1.57746 0.00901373 
0.944752 1.56341 -0.0940913 
0.94392 1.57371 -0.0962525 
0.856641 1.56479 0.131214 
0.857736 1.57589 0.128336 
0.677436 1.56613 -0.0723284 
1.02724 1.56836 -0.0334247 
1.02697 1.57799 -0.0348549 
0.749754 1.56398 0.125238 
0.750804 1.57633 0.121634 
0.755169 1.57406 -0.121392 
1.02517 1.56343 0.040628 
1.02554 1.57307 0.0391721 
0.674126 1.57147 0.0743454 
0.862044 1.57102 -0.12512 
0.94021 1.57029 0.101288 
0.655785 1.5731 -0.0119919 
0.96929 1.56286 -0.0807704 
0.968565 1.57295 -0.0827164 
0.830179 1.5719 0.132477 
0.691886 1.5632 -0.0869076 
0.69108 1.5764 -0.0909092 
1.03643 1.5694 -0.0160161 
1.03633 1.57896 -0.0173634 
0.72724 1.56865 0.116002 
0.780561 1.56372 -0.123922 
0.779488 1.5757 -0.127308 
1.01018 1.56905 0.0563866 
1.01072 1.57881 0.0547984 
0.664292 1.56843 0.0568619 
0.888926 1.57004 -0.118211 
0.913987 1.5657 0.11407 
0.91497 1.57625 0.111633 
0.65904 1.56958 -0.0325438 
0.991228 1.56871 -0.0676508 
0.990658 1.57862 -0.0694074 
0.803087 1.56398 0.134595 
0.8042 1.57567 0.131347 
0.708712 1.57308 -0.102437 
1.03958 1.56959 0.00181071 
1.03963 1.57912 0.000491871 
0.706542 1.56348 0.107503 
0.707457 1.57644 0.103603 
0.806007 1.5621 -0.126499 
0.804906 1.57378 -0.129713 
