1.17774 8.79831e-05 -0.181072 
1.17942 0.00810552 -0.178262 
1.2645 0.00157921 0.0427285 
1.18147 0.00454333 0.138126 
1.20023 0.00370484 -0.216887 
1.21843 0.00630491 0.202896 
1.18927 0.00436288 -0.0562637 
1.25311 0.00254909 -0.109905 
1.17745 0.0029217 0.222706 
1.17883 0.00620449 -0.201802 
1.25862 6.64142e-05 0.0894545 
1.25786 0.00767505 0.092242 
1.18557 0.00690795 0.0975275 
1.21296 0.00612456 -0.203547 
1.20559 0.00421086 0.219936 
1.1856 0.000721495 -0.10231 
1.18659 0.00870303 -0.0992435 
1.2615 0.00311505 -0.0652881 
1.17526 0.00457753 0.206162 
1.18189 0.00573185 -0.215899 
1.24858 0.00175049 0.132702 
1.18932 0.003944 0.0504178 
1.22541 0.00208144 -0.184485 
1.19466 0.000584877 0.228677 
1.19268 0.00851197 0.231237 
1.18179 0.0020159 -0.141345 
1.26564 0.00105994 -0.0178232 
1.26576 0.00863566 -0.014987 
1.17677 0.00460745 0.180336 
1.18874 0.0064832 -0.220783 
1.23627 0.000802603 0.168193 
1.23486 0.00851641 0.170867 
1.19072 0.00232895 0.00149528 
1.23953 0.00690313 -0.154122 
1.18454 0.0032632 0.231639 
1.17962 0.00701718 -0.172374 
1.26508 0.00576406 0.033369 
1.18094 0.00203235 0.145674 
1.19705 0.000770744 -0.219597 
1.1989 0.00867923 -0.216984 
1.22154 0.00615691 0.19779 
1.18956 0.000652474 -0.0472777 
1.19001 0.00861618 -0.044112 
1.25115 0.00550835 -0.11797 
1.17794 0.00458345 0.225836 
1.17866 0.00649366 -0.197365 
1.25999 0.00381284 0.0806006 
1.18505 0.0036425 0.105986 
1.20979 0.00462059 -0.20752 
1.20884 0.00260104 0.216136 
1.18701 0.00549046 -0.0908933 
1.26027 0.00690015 -0.0742163 
1.1753 0.00473111 0.210801 
1.18129 0.00752689 -0.212969 
1.25067 0.00463345 0.124755 
1.18901 0.000203546 0.0594766 
1.18837 0.0081715 0.0626205 
1.22239 0.00204914 -0.189758 
1.19592 0.00547235 0.228718 
1.18355 0.00758313 -0.130982 
1.2652 0.00525642 -0.0272107 
1.17646 0.00340387 0.186406 
1.18584 0.00179399 -0.221915 
1.23892 0.00244815 0.161448 
1.19056 0.00637117 0.0139596 
1.23557 0.000637094 -0.163436 
1.2369 0.00835011 -0.16073 
1.18551 0.00675419 0.232993 
1.17988 0.00565295 -0.166187 
1.26572 0.00241571 0.0211244 
1.17894 0.00773738 0.155889 
1.19578 0.0054402 -0.219423 
1.2246 0.00634153 0.192385 
1.1902 0.00483348 -0.0350261 
1.24802 0.000576969 -0.128554 
1.24906 0.00823134 -0.125798 
1.17851 0.0065855 0.228626 
1.17859 0.00645907 -0.192594 
1.2618 9.65012e-05 0.0687921 
1.26121 0.00769054 0.0715986 
1.18453 0.000520449 0.114273 
1.18336 0.00851037 0.117296 
1.2066 0.00279167 -0.211208 
1.21206 0.00131672 0.212047 
1.18743 0.00214283 -0.0823772 
1.25823 0.00293286 -0.0857912 
1.17544 0.00521326 0.215104 
1.1789 0.00097529 -0.21238 
1.2536 0.000109934 0.113818 
1.25263 0.00774173 0.116577 
1.18796 0.00451273 0.0715717 
1.21931 0.00168268 -0.194734 
1.19916 0.00275516 0.225908 
1.184 0.00495309 -0.123346 
1.26432 0.00181515 -0.0393645 
1.17622 0.00248303 0.192173 
1.18494 0.00474742 -0.22012 
1.24146 0.00439307 0.154418 
1.19043 0.00246679 0.0232199 
1.23281 0.00175467 -0.169746 
1.18858 0.00260116 0.231482 
1.18021 0.00402639 -0.159712 
1.26594 0.00666915 0.0116788 
1.17844 0.00565503 0.162932 
1.19267 0.00187737 -0.221572 
1.22758 0.00685742 0.186679 
1.19037 0.000994434 -0.0258663 
1.24577 0.00303496 -0.136125 
1.18122 0.000924593 0.228498 
1.17861 0.00610899 -0.187495 
1.26282 0.00408959 0.0596598 
1.1828 0.00554791 0.125379 
1.20339 0.000639948 -0.214611 
1.20518 0.00851486 -0.211993 
1.21524 0.000360192 0.207666 
1.21349 0.00817886 0.210266 
1.18856 0.00664555 -0.0705858 
1.25666 0.0064017 -0.0943806 
1.17568 0.00602985 0.219067 
1.17852 0.00209134 -0.208792 
1.25537 0.00343152 0.105421 
1.18754 0.00094857 0.080408 
1.21619 0.000982899 -0.199416 
1.2024 0.000359441 0.222811 
1.20049 0.00824514 0.225381 
1.18447 0.00213915 -0.115494 
1.26352 0.0058769 -0.0485998 
1.17606 0.00185742 0.197628 
1.18411 0.00737428 -0.218002 
1.2439 0.00662417 0.147113 
1.18991 0.00655184 0.0356263 
1.22997 0.00254804 -0.17576 
1.18969 0.00672505 0.232236 
1.1806 0.00215159 -0.152963 
1.26604 0.00335484 -0.000613189 
1.17799 0.00380729 0.169712 
1.19151 0.00593621 -0.220825 
1.2305 0.00770144 0.180674 
1.19067 0.00507379 -0.0134624 
1.2434 0.0052208 -0.143431 
1.18199 0.00360331 0.23064 
1.17871 0.00545325 -0.182075 
1.26411 0.000589548 0.0476003 
1.26369 0.00817299 0.0504211 
1.18225 0.00275652 0.13326 
1.20201 0.00605868 -0.215126 
1.21668 0.00753621 0.205602 
1.1889 0.00306811 -0.0617723 
1.25412 0.00205797 -0.105559 
1.17601 0.00718484 0.22269 
1.17823 0.0028713 -0.204864 
1.25701 0.006937 0.0968279 
1.1862 0.00547038 0.0922039 
1.21471 0.00777658 -0.201173 
1.20377 0.00615394 0.222011 
1.18601 0.00714 -0.104389 
1.26211 0.00225336 -0.0605495 
1.17599 0.00153845 0.202763 
1.18147 0.00167594 -0.218207 
1.24738 0.00146541 0.136818 
1.18965 0.00271927 0.0447986 
1.22705 0.00301189 -0.181476 
1.19286 0.00321814 0.230139 
1.18103 4.29043e-05 -0.14595 
1.18242 0.00804557 -0.143012 
1.26581 2.81781e-05 -0.0128942 
1.26589 0.0076032 -0.0100577 
1.17759 0.00220844 0.176218 
1.18851 0.00173213 -0.222397 
1.23477 0.00114726 0.171704 
1.19071 0.00116694 -0.00420701 
1.24093 0.00711932 -0.150463 
1.18285 0.00661192 0.232456 
1.17889 0.00450308 -0.176341 
1.26478 0.00474694 0.0382744 
1.18173 0.000150242 0.140925 
1.18032 0.0081539 0.143867 
1.19883 0.00328188 -0.217976 
1.21982 0.00722555 0.200642 
1.18973 0.00736316 -0.0496829 
1.25223 0.00512572 -0.113734 
1.17846 0.000663723 0.223361 
1.17644 0.00868026 0.225971 
1.17803 0.00331878 -0.200597 
1.25925 0.00299955 0.0852694 
1.1857 0.00213982 0.100746 
1.21155 0.00643273 -0.205286 
1.20703 0.0043855 0.218352 
1.18645 0.00399844 -0.0961297 
1.26096 0.00610178 -0.0695473 
1.17601 0.0015362 0.20757 
1.18084 0.00363237 -0.215447 
1.24954 0.00423143 0.128989 
1.1888 0.00691103 0.0570544 
1.22406 0.00314301 -0.186894 
1.19605 3.70333e-05 0.227747 
1.19409 0.00795665 0.230311 
1.18285 0.00571544 -0.135729 
1.26546 0.00424583 -0.0223055 
1.17727 0.000872529 0.182438 
1.18749 0.00516348 -0.221058 
1.23747 0.00264257 0.1651 
1.19066 0.00520853 0.00825729 
1.23706 0.0010114 -0.159924 
1.23835 0.00871732 -0.157212 
1.18581 0.00196959 0.231392 
1.17913 0.00327086 -0.170305 
1.26553 0.00137917 0.0260542 
1.17977 0.00574918 0.151283 
1.19567 0.000183989 -0.220541 
1.19753 0.00809986 -0.217931 
1.22291 0.00724764 0.195382 
1.18996 0.0036134 -0.0406418 
1.24921 0.000317646 -0.124439 
1.25021 0.00796656 -0.121679 
1.179 0.00250294 0.226322 
1.17793 0.00343935 -0.195994 
1.26055 0.00681581 0.0763367 
1.18409 0.00693256 0.112164 
1.20838 0.00476276 -0.209112 
1.21027 0.00294157 0.214404 
1.18689 0.000715092 -0.0876973 
1.18774 0.00869075 -0.0845978 
1.25903 0.00221123 -0.0812043 
1.17611 0.00185922 0.212043 
1.1803 0.0052515 -0.21235 
1.25157 0.00723225 0.120921 
1.18843 0.00321112 0.0660592 
1.22102 0.00294006 -0.192014 
1.19733 0.00508172 0.227643 
1.1833 0.00318017 -0.12821 
1.26469 0.000836119 -0.0344946 
1.26495 0.00841582 -0.0316621 
1.17521 0.00783979 0.191127 
1.18462 0.000300077 -0.22203 
1.18654 0.00827614 -0.219404 
1.24007 0.00444288 0.158208 
1.19057 0.00129609 0.017527 
1.23434 0.00228486 -0.166376 
1.18682 0.00562701 0.232591 
1.17945 0.00176982 -0.163976 
1.26583 0.00562314 0.0166213 
1.17927 0.00355784 0.158456 
1.19442 0.00469605 -0.220223 
1.22594 0.00760193 0.189823 
1.19046 0.00776118 -0.0283375 
1.24702 0.0029026 -0.132134 
1.17963 0.00468163 0.228946 
1.17792 0.0032404 -0.19106 
1.26228 0.00316082 0.0644601 
1.18354 0.00389154 0.120346 
1.20518 0.00276904 -0.212655 
1.21348 0.00182435 0.210166 
1.18812 0.00527769 -0.0759937 
1.25754 0.00576363 -0.0898824 
1.17631 0.00251428 0.216179 
1.17985 0.00653234 -0.208914 
1.25441 0.00282004 0.109872 
1.18725 0.00757156 0.0780755 
1.21792 0.00240329 -0.19684 
1.20058 0.0025286 0.224687 
1.18379 0.000454132 -0.120468 
1.18495 0.00844402 -0.11745 
1.26397 0.00493723 -0.0437743 
1.17499 0.00707061 0.196721 
1.18376 0.00308348 -0.220076 
1.24257 0.00653611 0.151036 
1.19016 0.00536465 0.0299575 
1.23154 0.00323756 -0.172534 
1.18992 0.00164489 0.230925 
1.17983 1.37963e-05 -0.157365 
1.18131 0.00802202 -0.154466 
1.26605 0.00230794 0.00433204 
1.17881 0.00159425 0.165373 
1.19133 0.000966955 -0.222222 
1.23042 0.000543784 0.181312 
1.22889 0.00828618 0.183964 
1.19057 0.00389852 -0.0191437 
1.24471 0.00522346 -0.139571 
1.18035 0.00719668 0.231236 
1.17799 0.00273102 -0.185802 
1.26323 0.00720265 0.0552705 
1.183 0.0010149 0.128333 
1.20197 0.00045341 -0.215913 
1.20378 0.00833577 -0.213297 
1.21665 0.00103612 0.205635 
1.18848 0.00175081 -0.0672474 
1.2551 0.00151787 -0.101162 
1.17661 0.00350626 0.219974 
1.1795 0.0074757 -0.205138 
1.25612 0.00623843 0.101371 
1.18679 0.0040631 0.0868376 
1.21478 0.00153411 -0.201372 
1.20382 0.00029689 0.221443 
1.20193 0.00817505 0.224016 
1.1854 0.00553928 -0.109481 
1.26268 0.00136481 -0.0557806 
1.17486 0.00660243 0.201999 
1.18299 0.00553789 -0.217796 
1.24614 0.00124132 0.140874 
1.18994 0.001509 0.0391594 
1.22866 0.00386309 -0.178395 
1.19106 0.00593009 0.231529 
1.1817 0.00602345 -0.147567 
1.26599 0.0065643 -0.00512081 
1.17674 0.00789269 0.174853 
1.19021 0.00486472 -0.221327 
1.23325 0.00156765 0.175146 
1.19066 2.46989e-06 -0.00990435 
1.19073 0.00796161 -0.0067134 
1.24229 0.00726417 -0.146737 
1.1832 0.00205399 0.230631 
1.17815 0.0019218 -0.180226 
1.26443 0.00374274 0.0431645 
1.18113 0.00631646 0.139073 
1.20061 0.00571614 -0.216286 
1.21978 0.000578849 0.200808 
1.21808 0.0083744 0.203421 
1.18941 0.00609123 -0.0552256 
1.25328 0.0046894 -0.109443 
1.177 0.00483814 0.223428 
1.1774 6.68474e-05 -0.203737 
1.17924 0.00808428 -0.201022 
1.25847 0.00222058 0.0899006 
1.18631 0.000670715 0.0954592 
1.18532 0.00865193 0.0985313 
1.2116 0.000334728 -0.205615 
1.2133 0.00816692 -0.202982 
1.20521 0.00624836 0.220498 
1.18586 0.00247202 -0.101317 
1.2616 0.0052718 -0.0648433 
1.17481 0.00644602 0.206952 
1.1823 0.00765895 -0.215185 
1.24836 0.003886 0.133166 
1.18919 0.00566875 0.0514624 
1.22571 0.00415725 -0.183959 
