0.688913 1.5708 0.12083 
0.689096 1.57299 0.120159 
0.689281 1.57519 0.119489 
0.689469 1.57738 0.118819 
0.796019 1.57043 -0.147622 
1.01933 1.56752 0.0762192 
1.02004 1.57718 0.07468 
0.63866 1.57109 0.0522194 
0.907189 1.56463 -0.130173 
0.906079 1.57524 -0.132687 
0.916509 1.56304 0.132864 
0.917621 1.57354 0.130404 
0.637466 1.56893 -0.0399832 
1.0103 1.57011 -0.0789159 
0.804952 1.56548 0.153572 
0.806223 1.57711 0.150317 
0.682774 1.57515 -0.113914 
1.06808 1.57071 -0.00993405 
0.704994 1.56629 0.13086 
0.706128 1.57923 0.126951 
0.775252 1.56615 -0.144026 
0.77404 1.57818 -0.147459 
1.03575 1.56547 0.0634734 
1.03633 1.57501 0.0620841 
0.643951 1.57087 0.0693551 
0.884263 1.57187 -0.139236 
0.938943 1.56592 0.12289 
0.940009 1.57623 0.120619 
0.63413 1.57034 -0.0220093 
0.991748 1.56516 -0.090281 
0.990955 1.57505 -0.0920632 
0.827396 1.56757 0.15306 
0.828679 1.57895 0.149951 
0.669608 1.56259 -0.0992341 
0.668679 1.57611 -0.10339 
1.06364 1.57009 -0.0249165 
1.06346 1.57943 -0.0260427 
0.723348 1.56956 0.137385 
0.754728 1.56211 -0.139083 
0.753511 1.57439 -0.142651 
1.05014 1.56919 0.0491219 
1.05062 1.57863 0.0478717 
0.651606 1.57336 0.0845323 
0.862156 1.56652 -0.143511 
0.860965 1.57755 -0.146365 
0.960949 1.56532 0.112473 
0.961935 1.57545 0.110394 
0.632479 1.57577 -0.00445796 
0.970803 1.57024 -0.103 
0.85019 1.56606 0.151316 
0.851448 1.57719 0.148361 
0.65751 1.56616 -0.0873061 
1.055 1.57046 -0.0397976 
0.742588 1.56457 0.14497 
0.743802 1.57698 0.141312 
0.733695 1.57041 -0.13615 
1.06065 1.56871 0.0345459 
1.06099 1.57807 0.0333921 
0.661401 1.56412 0.101568 
0.662291 1.57775 0.097347 
0.839099 1.56782 -0.147092 
0.837892 1.5791 -0.150107 
0.982664 1.56988 0.0999279 
0.632831 1.56829 0.0173789 
0.948959 1.57229 -0.11431 
0.873826 1.57072 0.145418 
0.648302 1.56971 -0.073266 
1.04242 1.56752 -0.053519 
1.04197 1.57702 -0.0548374 
0.764297 1.57357 0.146797 
0.715581 1.56296 -0.127035 
0.714449 1.57578 -0.130864 
1.06681 1.56916 0.0194327 
1.06703 1.57847 0.0183364 
0.674616 1.5671 0.11256 
0.816097 1.57312 -0.149328 
1.0021 1.56559 0.0884042 
1.0029 1.57539 0.0867011 
0.635146 1.57192 0.0351052 
0.927452 1.56762 -0.122931 
0.926418 1.57805 -0.125283 
0.896082 1.56715 0.139555 
0.897271 1.57783 0.136936 
0.641821 1.57051 -0.0569286 
1.0268 1.56783 -0.0667498 
1.02623 1.57745 -0.0682125 
0.785144 1.56966 0.150869 
0.698367 1.56371 -0.11913 
0.697296 1.57679 -0.123077 
1.06903 1.56759 0.00454557 
1.0691 1.57689 0.00346949 
0.689603 1.56721 0.122483 
0.794586 1.5717 -0.14787 
1.02062 1.57085 0.0749115 
0.638964 1.57196 0.0530103 
0.905588 1.56711 -0.131239 
0.904489 1.57773 -0.133767 
0.918125 1.56565 0.131718 
0.91925 1.57614 0.129274 
0.637199 1.56983 -0.0391738 
1.00966 1.56366 -0.0786037 
1.00896 1.57341 -0.0802183 
0.806431 1.56689 0.153234 
0.807711 1.5785 0.149988 
0.682817 1.56268 -0.109508 
0.681808 1.576 -0.113566 
1.06796 1.56531 -0.0102205 
1.06789 1.57462 -0.011305 
0.706122 1.5672 0.131074 
0.77384 1.5674 -0.144194 
0.772637 1.57944 -0.147636 
1.0369 1.56903 0.0621372 
1.0375 1.57856 0.0607641 
0.644381 1.57184 0.0700602 
0.883814 1.56347 -0.137546 
0.882641 1.57429 -0.14024 
0.940588 1.56886 0.121638 
0.941668 1.57915 0.119385 
0.633962 1.57149 -0.0212172 
0.990267 1.56853 -0.0916194 
0.989487 1.57843 -0.09342 
0.828973 1.56937 0.152508 
0.668739 1.56362 -0.098824 
0.667822 1.57716 -0.102986 
1.06336 1.56479 -0.0251936 
1.06315 1.57414 -0.0263184 
0.724613 1.57074 0.13745 
0.753334 1.56343 -0.139188 
0.752128 1.57573 -0.142764 
1.05064 1.56367 0.0489881 
1.05109 1.5731 0.0477352 
0.652219 1.5745 0.0850974 
0.860507 1.56882 -0.144377 
0.962589 1.56862 0.111116 
0.96359 1.57872 0.109056 
0.632478 1.56296 0.000770815 
0.632447 1.57711 -0.00369289 
0.97012 1.56354 -0.10238 
0.969214 1.57361 -0.104356 
0.851846 1.56828 0.150512 
0.853117 1.57939 0.147568 
0.656808 1.56731 -0.0867964 
1.05453 1.56507 -0.0399929 
1.05419 1.57448 -0.0411976 
0.743959 1.56592 0.144889 
0.745184 1.57832 0.141239 
0.732389 1.57167 -0.136145 
1.06097 1.56343 0.0342901 
1.06129 1.57279 0.0331341 
0.662194 1.56527 0.102002 
0.663097 1.57888 0.097787 
0.837498 1.56979 -0.147733 
0.983344 1.56335 0.100432 
0.984224 1.57329 0.098552 
0.632929 1.56955 0.0181535 
0.948316 1.56513 -0.11342 
0.947334 1.57538 -0.115592 
0.874294 1.56225 0.147225 
0.875494 1.57315 0.14444 
0.647793 1.57075 -0.0726149 
1.04135 1.57123 -0.0548625 
0.764489 1.56275 0.150154 
0.765719 1.57488 0.146639 
0.7144 1.56396 -0.126871 
0.713276 1.5768 -0.130707 
1.06695 1.56382 0.0191439 
1.06714 1.57313 0.0180457 
0.675548 1.56805 0.112923 
0.815843 1.56311 -0.146562 
0.814598 1.57465 -0.149731 
1.00352 1.56894 0.0870622 
1.00433 1.57872 0.0853777 
0.635361 1.57292 0.0359075 
0.925843 1.57032 -0.124087 
0.897712 1.56963 0.138485 
0.641461 1.57139 -0.0561614 
1.02557 1.57123 -0.068044 
0.786578 1.57092 0.150647 
0.697306 1.56451 -0.118841 
0.696244 1.57761 -0.122796 
1.06903 1.56214 0.00426136 
1.06908 1.57144 0.00318489 
0.69063 1.56803 0.122791 
0.793157 1.57296 -0.148113 
1.02123 1.56453 0.0751361 
1.02191 1.57418 0.0736098 
0.639275 1.57283 0.0537983 
0.903988 1.56958 -0.132304 
0.919745 1.56828 0.13057 
0.920883 1.57875 0.128141 
0.636939 1.57075 -0.0383642 
1.0083 1.56695 -0.0798967 
1.00761 1.57671 -0.081529 
0.807916 1.56831 0.152886 
0.681848 1.56352 -0.10915 
0.680849 1.57685 -0.113215 
1.06775 1.56922 -0.0115916 
1.06769 1.57853 -0.0126792 
0.707258 1.56813 0.131279 
0.77243 1.56865 -0.14436 
1.03749 1.56309 0.0621802 
1.03805 1.57262 0.0608036 
0.644822 1.57281 0.0707579 
0.882181 1.56587 -0.138534 
0.88102 1.57671 -0.141242 
0.942238 1.57182 0.120385 
0.633802 1.57264 -0.0204273 
0.988782 1.57191 -0.0929668 
0.830559 1.5712 0.151942 
0.66788 1.56467 -0.09841 
0.666975 1.57822 -0.102578 
1.06285 1.56884 -0.0265925 
1.06265 1.57819 -0.0277251 
0.725886 1.57193 0.137507 
0.751944 1.56476 -0.139288 
0.750748 1.57708 -0.142873 
1.05157 1.5676 0.0475903 
1.05203 1.57703 0.0463511 
0.652846 1.57565 0.0856539 
0.858861 1.57111 -0.145234 
0.964231 1.57192 0.109761 
0.632437 1.56431 0.00153548 
0.632425 1.57846 -0.00292856 
0.968516 1.56689 -0.103722 
0.967624 1.57697 -0.105717 
0.853507 1.57052 0.149695 
0.65612 1.56846 -0.0862793 
1.0537 1.56907 -0.041384 
1.05337 1.57848 -0.0426008 
0.745336 1.56728 0.144801 
0.73109 1.57293 -0.136131 
1.06159 1.56751 0.032873 
1.06192 1.57686 0.0317267 
0.662998 1.56641 0.102431 
0.835904 1.57173 -0.148359 
0.984887 1.56677 0.0990445 
0.985781 1.5767 0.0971838 
0.633037 1.5708 0.0189299 
0.946681 1.56819 -0.114683 
0.945713 1.57845 -0.116872 
0.875951 1.5647 0.14623 
0.877164 1.57557 0.143457 
0.647295 1.57178 -0.0719557 
1.04076 1.56541 -0.0548773 
1.04028 1.57493 -0.0562081 
0.765904 1.56407 0.149984 
0.767145 1.57618 0.146477 
0.713227 1.56494 -0.126697 
0.712113 1.5778 -0.130542 
1.06725 1.56779 0.017756 
1.06744 1.5771 0.0166629 
0.676487 1.56899 0.113284 
0.81434 1.56461 -0.146945 
0.813104 1.57616 -0.150123 
1.00416 1.56248 0.087418 
1.00493 1.57227 0.0857293 
0.635583 1.57391 0.0367108 
0.925312 1.56256 -0.122875 
0.924238 1.57301 -0.12524 
0.899343 1.57211 0.137414 
0.641109 1.57226 -0.0553897 
1.02494 1.56497 -0.0678671 
1.02435 1.57461 -0.0693427 
0.788015 1.57218 0.15042 
0.696252 1.56531 -0.118548 
0.695199 1.57842 -0.122509 
1.06907 1.56599 0.0029007 
1.06912 1.57529 0.0018249 
0.691663 1.56885 0.123094 
0.792977 1.56242 -0.145032 
0.791731 1.57422 -0.14835 
1.02251 1.56788 0.073823 
1.0232 1.57752 0.072314 
0.639593 1.5737 0.0545831 
0.90239 1.57205 -0.133368 
0.92137 1.57091 0.129421 
0.636685 1.57167 -0.0375547 
1.00695 1.57025 -0.0811983 
0.809407 1.56975 0.152528 
0.680884 1.56437 -0.10879 
0.679896 1.57772 -0.112862 
1.06762 1.56383 -0.0118792 
1.06753 1.57314 -0.012966 
0.708403 1.56908 0.131478 
0.771021 1.56991 -0.144523 
1.03862 1.5667 0.0608332 
1.03919 1.57622 0.0594725 
0.645274 1.5738 0.0714479 
0.880547 1.56828 -0.13952 
0.879399 1.57914 -0.142241 
0.94285 1.56452 0.121367 
0.943894 1.57479 0.119128 
0.63365 1.57382 -0.0196396 
0.988103 1.56538 -0.092507 
0.987293 1.5753 -0.094323 
0.832152 1.57305 0.151363 
0.66703 1.56573 -0.097992 
0.666137 1.57929 -0.102166 
1.06255 1.56355 -0.0268651 
1.06232 1.5729 -0.0279961 
0.727169 1.57313 0.137554 
0.750558 1.56609 -0.139384 
0.749372 1.57843 -0.142978 
1.05206 1.56213 0.0474367 
1.05248 1.57155 0.0461952 
0.652698 1.56303 0.0904901 
0.653486 1.57681 0.0862019 
0.858442 1.56233 -0.143203 
0.857218 1.5734 -0.146083 
0.964906 1.56515 0.110452 
0.965876 1.57524 0.108407 
0.632407 1.56566 0.00229951 
0.966912 1.57023 -0.105068 
0.855174 1.57278 0.148868 
0.655443 1.56961 -0.0857546 
1.05322 1.56364 -0.0415635 
1.05286 1.57306 -0.0427784 
0.746719 1.56864 0.144708 
0.7298 1.57417 -0.13611 
1.0619 1.56223 0.0326087 
1.06219 1.57158 0.0314604 
0.663813 1.56754 0.102854 
0.835562 1.56234 -0.145935 
0.834318 1.57365 -0.148972 
0.986428 1.57018 0.0976649 
0.633155 1.57203 0.019708 
0.945051 1.57123 -0.115944 
0.877609 1.56715 0.145229 
0.878836 1.578 0.14247 
0.64681 1.5728 -0.0712884 
1.03967 1.56908 -0.0562101 
1.0392 1.5786 -0.057556 
0.767322 1.56538 0.149811 
0.768572 1.57747 0.146313 
0.712063 1.56591 -0.126516 
0.710958 1.57879 -0.130368 
1.06737 1.56244 0.0174669 
1.06754 1.57175 0.0163723 
0.677433 1.56992 0.113641 
0.812844 1.56608 -0.147316 
0.811618 1.57765 -0.150504 
1.00556 1.56582 0.086076 
1.00634 1.57559 0.0844054 
0.635813 1.57488 0.0375148 
0.923699 1.56522 -0.12401 
0.922638 1.57568 -0.12639 
0.899816 1.56394 0.138934 
0.900975 1.57459 0.136342 
0.640764 1.57313 -0.0546136 
1.0237 1.56834 -0.069154 
1.02311 1.57799 -0.0706461 
0.789455 1.57343 0.150189 
0.695205 1.5661 -0.118249 
0.694161 1.57923 -0.122218 
1.06908 1.56984 0.00154052 
1.06914 1.57914 0.000465281 
0.692703 1.56967 0.123392 
0.791545 1.56365 -0.145255 
0.790308 1.57547 -0.148582 
1.02378 1.57124 0.0725154 
0.639919 1.57457 0.0553644 
0.901923 1.56386 -0.131877 
0.900794 1.57451 -0.134432 
0.921902 1.56311 0.130684 
0.923 1.57356 0.128269 
0.636437 1.57261 -0.0367455 
1.0063 1.56378 -0.0808625 
1.00558 1.57356 -0.0825084 
0.810905 1.57121 0.15216 
0.679927 1.56524 -0.108428 
0.678949 1.5786 -0.112507 
1.06738 1.56776 -0.0132535 
1.06729 1.57707 -0.0143441 
0.709556 1.57003 0.131668 
0.769613 1.57118 -0.144685 
1.03975 1.57033 0.0594887 
0.645736 1.57481 0.0721302 
0.878914 1.57069 -0.140503 
0.944497 1.56753 0.120091 
0.945556 1.57779 0.11787 
0.633507 1.57501 -0.0188541 
0.986597 1.56876 -0.0938533 
0.985799 1.5787 -0.0956879 
0.832499 1.5636 0.153845 
0.833754 1.57492 0.15077 
0.666189 1.5668 -0.0975697 
1.062 1.56761 -0.0282652 
1.06178 1.57697 -0.0294045 
0.72846 1.57435 0.137593 
0.749176 1.56742 -0.139476 
1.05295 1.5661 0.0460312 
1.05339 1.57551 0.0448029 
0.653337 1.5642 0.091025 
0.65414 1.57797 0.0867414 
0.85679 1.56458 -0.14403 
0.855579 1.57567 -0.146922 
0.966537 1.56848 0.109082 
0.967521 1.57856 0.107056 
0.632387 1.56701 0.00306309 
0.966231 1.56347 -0.104406 
0.965308 1.57357 -0.106417 
0.855607 1.56398 0.150948 
0.856846 1.57505 0.14803 
0.65478 1.57076 -0.085222 
1.05235 1.56761 -0.0429482 
1.052 1.57704 -0.0441757 
0.748107 1.57 0.144609 
0.729688 1.56278 -0.132347 
0.728518 1.5754 -0.13608 
1.06247 1.56631 0.0311917 
1.06278 1.57566 0.0300525 
0.66464 1.56866 0.103272 
0.833971 1.56422 -0.146524 
0.832738 1.57555 -0.149572 
0.987101 1.56368 0.0981384 
0.987965 1.57359 0.0962935 
0.633281 1.57325 0.020488 
0.944428 1.56397 -0.114999 
0.943425 1.57425 -0.117203 
0.879269 1.56959 0.144225 
0.646335 1.57381 -0.0706131 
1.03907 1.5632 -0.0562022 
1.03857 1.57273 -0.0575452 
0.768741 1.56669 0.149635 
0.770001 1.57876 0.146147 
0.710907 1.56686 -0.126327 
1.06764 1.56639 0.0160826 
1.06781 1.57569 0.0149925 
0.678387 1.57083 0.113996 
0.811355 1.56754 -0.147677 
0.810138 1.57913 -0.150875 
1.00695 1.56915 0.0847427 
1.00774 1.57891 0.0830905 
0.636049 1.57584 0.0383194 
0.922091 1.56786 -0.125143 
0.921042 1.57834 -0.127538 
0.901437 1.56644 0.137847 
0.902609 1.57707 0.135269 
0.640428 1.574 -0.0538335 
1.02245 1.5717 -0.070446 
0.789649 1.56288 0.153307 
0.790898 1.5747 0.149953 
0.694164 1.56689 -0.117946 
1.06906 1.56439 0.00125618 
1.06909 1.57369 0.000180497 
0.69375 1.57049 0.123687 
0.790117 1.56489 -0.145473 
0.788888 1.57672 -0.14881 
1.02438 1.56497 0.0727092 
1.02505 1.5746 0.0712131 
0.640253 1.57544 0.056142 
0.900316 1.56631 -0.132926 
0.899199 1.57698 -0.135495 
0.923523 1.56579 0.129515 
0.924634 1.57622 0.127114 
0.636196 1.57356 -0.0359368 
1.00492 1.56708 -0.0821636 
1.00421 1.57687 -0.0838272 
0.812409 1.57269 0.151781 
0.678976 1.56611 -0.108063 
0.678008 1.57949 -0.112148 
1.06723 1.56238 -0.0135421 
1.06712 1.5717 -0.0146315 
