1.02582 0.781298 0.0750205 
1.02217 0.790386 0.0752761 
1.03085 0.778191 0.186239 
1.02772 0.787407 0.185737 
0.904651 0.782088 0.196663 
0.900685 0.792125 0.195186 
1.08419 0.776937 0.060889 
1.08107 0.785687 0.06159 
0.942279 0.777124 0.248126 
0.93888 0.787008 0.246707 
0.97777 0.779059 0.114485 
0.973838 0.788474 0.1141 
1.0724 0.777567 0.130634 
1.06936 0.786465 0.130734 
0.893845 0.781851 0.233321 
0.890064 0.792048 0.231594 
1.05716 0.780495 0.0581258 
1.05377 0.789392 0.0587096 
0.990394 0.780452 0.221607 
0.987174 0.789977 0.220639 
0.929662 0.782569 0.161334 
0.925637 0.792367 0.160246 
1.08835 0.780676 0.0826137 
1.08532 0.789432 0.0831404 
0.913242 0.776865 0.25123 
0.909677 0.786956 0.249589 
1.01447 0.782765 0.082809 
1.01074 0.791929 0.0829197 
1.04228 0.777057 0.173857 
1.03918 0.786185 0.173503 
0.900506 0.780079 0.20667 
0.89657 0.790163 0.205119 
1.07733 0.784109 0.0582128 
1.07416 0.792901 0.0588787 
0.950885 0.782762 0.243588 
0.947545 0.792589 0.242234 
0.963646 0.785245 0.124747 
1.07887 0.777451 0.118088 
1.07585 0.786296 0.118311 
0.894281 0.784965 0.238751 
1.04923 0.779238 0.0614618 
1.04577 0.78818 0.0619798 
1.00116 0.784426 0.211787 
0.997983 0.793872 0.21093 
0.922414 0.778671 0.172699 
0.918389 0.788532 0.171501 
1.08683 0.784751 0.074807 
1.08378 0.793511 0.0753746 
0.920908 0.776687 0.251849 
0.917393 0.786725 0.250261 
1.00325 0.782753 0.0914876 
0.999459 0.791992 0.0914509 
1.04964 0.785683 0.160783 
0.897371 0.778993 0.215912 
0.893473 0.789119 0.214298 
1.07325 0.780678 0.0561934 
1.07001 0.789486 0.0568714 
0.962806 0.780508 0.238778 
0.959501 0.790242 0.237537 
0.953986 0.781506 0.135795 
0.949984 0.791102 0.135065 
1.08408 0.77676 0.106179 
1.08106 0.785561 0.106518 
0.899456 0.779401 0.244479 
0.895773 0.789579 0.242755 
1.03779 0.784915 0.0666335 
1.03424 0.793932 0.0670185 
1.01451 0.780533 0.201567 
1.01135 0.789874 0.200865 
0.912026 0.785036 0.182586 
1.08755 0.778482 0.0676706 
1.08447 0.787223 0.0683232 
0.929026 0.778186 0.250924 
0.925566 0.788169 0.249394 
0.992263 0.781484 0.100937 
0.988403 0.790798 0.100752 
1.05901 0.785623 0.147844 
0.895284 0.779 0.224204 
0.89143 0.789159 0.222536 
1.06565 0.784131 0.0562509 
1.06235 0.792984 0.0568787 
0.974517 0.780239 0.232327 
0.97125 0.789884 0.231198 
0.944954 0.777465 0.147129 
0.940929 0.787131 0.146269 
1.08504 0.783949 0.0955666 
1.08203 0.792741 0.0959651 
0.901869 0.785561 0.247011 
1.02992 0.779663 0.072625 
1.02629 0.788724 0.0729333 
1.02711 0.778018 0.190235 
1.02397 0.787262 0.189687 
0.906589 0.78206 0.193331 
0.902613 0.792076 0.191886 
1.08454 0.779251 0.062491 
1.08142 0.788004 0.063171 
0.937457 0.781408 0.248462 
0.934054 0.791333 0.246994 
0.981574 0.779191 0.11104 
0.977659 0.788578 0.110709 
1.07022 0.776807 0.134887 
1.06718 0.785721 0.134949 
0.894271 0.780253 0.231369 
0.890469 0.790439 0.229658 
1.06118 0.77675 0.0570592 
1.05782 0.785619 0.0576879 
0.985903 0.781884 0.224335 
0.982675 0.791444 0.223319 
0.932601 0.783059 0.157641 
0.928576 0.792831 0.156596 
1.08788 0.781177 0.0856226 
1.08486 0.789939 0.0861215 
0.908739 0.783162 0.249724 
0.905172 0.793294 0.248037 
1.01854 0.781661 0.0801047 
1.01484 0.790797 0.0802694 
1.03574 0.785747 0.177662 
0.902114 0.779778 0.203557 
0.898166 0.789844 0.202035 
1.08099 0.778261 0.0586527 
1.07783 0.787027 0.0593537 
0.946067 0.78641 0.244468 
0.967316 0.785559 0.121211 
1.07712 0.776814 0.122172 
1.07409 0.785673 0.122359 
0.894344 0.782885 0.237254 
0.8906 0.793089 0.23551 
1.04987 0.785071 0.0605219 
1.04642 0.794015 0.0610275 
0.996851 0.785296 0.214958 
0.925073 0.779081 0.16904 
0.921046 0.788918 0.167883 
1.08971 0.77702 0.0768009 
1.08667 0.785757 0.0773936 
0.916252 0.782404 0.250887 
0.912735 0.792484 0.249252 
1.00728 0.782109 0.0885141 
1.00351 0.79132 0.0885321 
1.04654 0.785044 0.165062 
0.898637 0.778364 0.21308 
0.894724 0.788473 0.21149 
1.07383 0.784223 0.0568845 
1.07062 0.793033 0.0575453 
0.958039 0.78347 0.240243 
0.954728 0.793244 0.238953 
0.957471 0.781959 0.13215 
0.953479 0.791529 0.13147 
1.07972 0.785166 0.110322 
1.07671 0.794006 0.11058 
0.899192 0.776821 0.243454 
0.895485 0.786993 0.241741 
1.0419 0.782464 0.0647494 
1.03838 0.791453 0.0651847 
1.01042 0.780892 0.205152 
1.00725 0.790265 0.204403 
0.914384 0.785285 0.179052 
1.08764 0.780029 0.0698491 
1.08457 0.788774 0.0704784 
0.924267 0.783311 0.250506 
0.920804 0.793335 0.248929 
0.996212 0.781225 0.0977339 
0.992373 0.79051 0.0976039 
1.05628 0.784875 0.152154 
1.05323 0.793901 0.151995 
0.896195 0.777987 0.221712 
0.892324 0.788132 0.220065 
1.06957 0.77951 0.0557932 
1.06629 0.788335 0.0564623 
0.969842 0.782525 0.234356 
0.966568 0.792208 0.233179 
0.948223 0.77799 0.143414 
0.944204 0.787629 0.142602 
1.0841 0.78388 0.0990621 
1.08109 0.792682 0.0994296 
0.901282 0.782462 0.246486 
0.897643 0.792638 0.244759 
1.03401 0.777841 0.0703356 
1.03042 0.786874 0.0706959 
1.02328 0.77796 0.194147 
1.02013 0.787233 0.193552 
0.908635 0.782112 0.189937 
0.904649 0.792107 0.188525 
1.08483 0.781371 0.064233 
1.08173 0.790127 0.0648916 
0.932642 0.785923 0.248589 
0.985418 0.779239 0.107646 
0.981521 0.788599 0.107368 
1.06485 0.784958 0.139204 
1.06182 0.793918 0.139179 
0.894819 0.778808 0.229273 
0.890998 0.788982 0.22758 
1.06183 0.781639 0.0567929 
1.05849 0.79051 0.0574073 
0.981358 0.783527 0.226889 
0.978123 0.793123 0.225824 
0.935627 0.783563 0.153944 
0.931604 0.79331 0.152944 
1.08731 0.781524 0.0887602 
1.08429 0.790293 0.0892306 
0.907889 0.779542 0.249695 
0.904296 0.789673 0.248012 
1.02262 0.78039 0.0774939 
1.01895 0.789498 0.0777123 
1.03219 0.785393 0.181765 
0.903834 0.779576 0.200362 
0.899874 0.789622 0.198869 
1.08143 0.780975 0.059955 
1.07829 0.789743 0.0606364 
0.944616 0.780424 0.246544 
0.94124 0.790295 0.245139 
0.971038 0.785814 0.117714 
1.07219 0.784998 0.126474 
1.06916 0.7939 0.126577 
0.894528 0.780968 0.2356 
0.890762 0.791164 0.233871 
1.05394 0.781753 0.0591883 
1.05052 0.790669 0.059741 
0.99569 0.776872 0.218885 
0.992473 0.786353 0.217978 
0.927828 0.779527 0.165361 
0.923799 0.78934 0.164245 
1.08946 0.77785 0.0795488 
1.08642 0.786593 0.0801152 
0.915184 0.778259 0.25135 
0.91164 0.788339 0.249718 
1.01132 0.781322 0.0856208 
1.00757 0.790506 0.0856933 
1.04333 0.784459 0.169314 
1.04024 0.793585 0.16897 
0.90002 0.777851 0.210145 
0.896092 0.787943 0.208581 
1.07759 0.778774 0.0570237 
1.07439 0.787557 0.0577217 
0.95659 0.776893 0.242796 
0.953249 0.78667 0.241503 
0.961021 0.782377 0.128532 
0.957039 0.791919 0.127904 
1.07824 0.784682 0.114218 
1.07523 0.793535 0.114441 
0.895314 0.784578 0.240563 
1.046 0.779809 0.0629842 
1.04251 0.78877 0.0634689 
1.00625 0.781408 0.208613 
1.00308 0.790813 0.207816 
0.916843 0.785588 0.17548 
1.08765 0.781394 0.0721659 
1.0846 0.790143 0.0727712 
0.923026 0.778633 0.251457 
0.919534 0.788659 0.24988 
1.00019 0.780848 0.0945979 
0.99637 0.790106 0.0945227 
1.05343 0.78415 0.156467 
1.05036 0.793198 0.156266 
0.897227 0.777109 0.219098 
0.893339 0.787239 0.217474 
1.07019 0.783491 0.0561719 
1.06694 0.792319 0.0568248 
0.96513 0.785043 0.23619 
0.951567 0.778501 0.139714 
0.947555 0.788114 0.138951 
1.08303 0.783692 0.102669 
1.08002 0.792504 0.103005 
0.900801 0.779536 0.245795 
0.897136 0.789708 0.244075 
1.03454 0.784833 0.0685679 
1.03097 0.79387 0.0689172 
1.01936 0.778028 0.197964 
1.0162 0.78733 0.197322 
0.910785 0.782237 0.186486 
0.906792 0.792211 0.185109 
1.08506 0.7833 0.0661144 
1.08197 0.792058 0.0667511 
0.931275 0.780697 0.250023 
0.927838 0.790667 0.248507 
0.989299 0.779196 0.104306 
0.98542 0.788528 0.104083 
1.06239 0.784187 0.143491 
1.05935 0.793166 0.143426 
0.89549 0.777513 0.227038 
0.89165 0.787674 0.225364 
1.06581 0.777456 0.0560254 
1.06249 0.786299 0.0566828 
0.976764 0.785386 0.229262 
0.938739 0.784075 0.150248 
0.934718 0.793796 0.149294 
1.08661 0.781724 0.0920232 
1.0836 0.790501 0.0924643 
0.903514 0.786225 0.247821 
1.02671 0.778946 0.074981 
1.02306 0.788026 0.0752525 
1.02855 0.785135 0.185803 
0.905665 0.779466 0.197091 
0.901693 0.789493 0.195629 
1.08183 0.78349 0.0613987 
1.0787 0.792261 0.0620599 
0.93979 0.784503 0.247055 
0.974809 0.786002 0.11426 
1.07014 0.78428 0.130648 
1.06712 0.793199 0.130713 
0.894834 0.779213 0.233794 
0.891047 0.789398 0.232081 
1.05798 0.778226 0.0579808 
1.05459 0.787115 0.0585794 
0.99126 0.778089 0.221795 
0.988035 0.787605 0.220839 
0.930675 0.780002 0.161666 
0.926645 0.789789 0.160593 
1.0891 0.778513 0.0824307 
1.08607 0.787262 0.0829701 
0.910623 0.784369 0.25002 
1.01538 0.780386 0.082812 
1.01165 0.789541 0.0829388 
1.04 0.783939 0.17353 
1.0369 0.793089 0.173142 
0.901516 0.777449 0.207114 
0.897575 0.787523 0.205578 
1.07811 0.781899 0.0580237 
1.07493 0.790684 0.0587033 
0.951787 0.780291 0.243899 
0.94844 0.790108 0.242557 
0.964631 0.78275 0.124946 
0.96066 0.792266 0.12437 
1.07662 0.784122 0.118198 
1.07361 0.792988 0.118386 
0.89526 0.78233 0.239224 
0.891532 0.792532 0.237482 
1.05008 0.776947 0.0613406 
1.04661 0.785881 0.0618736 
1.00202 0.78209 0.21194 
0.998831 0.791528 0.211096 
0.919402 0.785939 0.171877 
1.08758 0.782578 0.0746202 
1.08454 0.791332 0.0752008 
0.91833 0.784159 0.250671 
1.00419 0.780347 0.0915332 
1.00039 0.789577 0.0915128 
1.05045 0.78346 0.160773 
1.04738 0.79253 0.160529 
0.894474 0.786473 0.214769 
1.07403 0.778455 0.0560081 
1.0708 0.787255 0.0567001 
0.963697 0.77807 0.239053 
0.960387 0.787795 0.237823 
0.954982 0.778991 0.136032 
0.950978 0.788577 0.135318 
1.08183 0.783395 0.106381 
1.07882 0.792217 0.106684 
0.90043 0.776783 0.244936 
0.89674 0.78695 0.243226 
1.03865 0.782594 0.0665527 
1.03511 0.791603 0.0669531 
1.01535 0.778231 0.201676 
1.01219 0.787564 0.200987 
0.913041 0.78243 0.182986 
0.90904 0.792381 0.181645 
1.08523 0.78504 0.0681348 
1.08215 0.793801 0.0687489 
0.92649 0.785626 0.249781 
0.993213 0.779053 0.101025 
0.989353 0.788358 0.100856 
1.0598 0.78342 0.147799 
1.05675 0.792418 0.147693 
0.892425 0.78651 0.223016 
1.06645 0.781887 0.0560852 
1.06315 0.790732 0.0567274 
0.975398 0.777834 0.232565 
0.972125 0.787469 0.231449 
0.941933 0.784587 0.146558 
1.0858 0.781786 0.0954077 
1.08279 0.790571 0.0958186 
0.90283 0.782951 0.247464 
0.89921 0.793119 0.245743 
1.0308 0.777321 0.0725702 
1.02718 0.786374 0.0728942 
1.0248 0.784982 0.189766 
0.907603 0.779443 0.193752 
0.903622 0.789448 0.192322 
1.0853 0.777064 0.0622893 
1.08219 0.785809 0.0629827 
0.938375 0.7789 0.248813 
0.934965 0.788815 0.247358 
0.982541 0.776736 0.111169 
0.978625 0.786114 0.110854 
1.06796 0.783532 0.134872 
1.06493 0.792468 0.134899 
0.895263 0.777615 0.23184 
0.891455 0.78779 0.230143 
1.05864 0.783352 0.0575438 
1.05527 0.792243 0.0581286 
0.986772 0.779509 0.224537 
0.983538 0.78906 0.223533 
0.933611 0.780498 0.157962 
0.929583 0.79026 0.156933 
1.08864 0.779015 0.0854444 
1.08561 0.78777 0.0859559 
0.909691 0.780572 0.250157 
0.906118 0.790693 0.248483 
1.01945 0.779291 0.0800923 
1.01575 0.788419 0.080273 
1.03656 0.783494 0.177701 
1.03346 0.79267 0.177268 
0.903126 0.777152 0.203995 
0.899173 0.787207 0.202487 
1.0786 0.78482 0.0591671 
1.07544 0.793607 0.0598277 
0.94697 0.783926 0.244794 
0.943619 0.793783 0.243403 
0.968296 0.783073 0.121396 
0.964338 0.792561 0.120872 
1.07486 0.783497 0.122254 
1.07184 0.792377 0.122406 
0.895327 0.78025 0.237726 
0.891576 0.790443 0.235996 
1.0507 0.782782 0.0604013 
1.04726 0.791719 0.0609219 
0.997707 0.78295 0.215126 
0.994514 0.792421 0.214233 
0.922058 0.786331 0.168248 
1.08743 0.783587 0.0772111 
1.08439 0.792345 0.0777662 
0.917194 0.779836 0.251299 
0.913671 0.789905 0.249677 
1.00821 0.779712 0.0885443 
1.00443 0.788915 0.0885784 
1.04735 0.782814 0.165063 
1.04427 0.791908 0.164775 
0.895727 0.785829 0.211956 
1.07461 0.782003 0.0567012 
1.0714 0.790805 0.057376 
0.958932 0.781019 0.240533 
0.955616 0.790783 0.239254 
0.958464 0.779452 0.132373 
0.954469 0.789012 0.13171 
1.08049 0.782998 0.110192 
1.07747 0.791831 0.110462 
0.896457 0.784363 0.242212 
1.04276 0.780154 0.0646536 
1.03924 0.789135 0.0651042 
1.01127 0.77858 0.205274 
1.0081 0.787944 0.204538 
0.915398 0.782684 0.179443 
0.911391 0.792612 0.178138 
1.08839 0.777856 0.0696513 
1.08533 0.786593 0.0702936 
0.925198 0.780766 0.250895 
0.921728 0.790779 0.249331 
0.997157 0.778803 0.0978063 
0.993317 0.78808 0.0976926 
1.05708 0.782666 0.152119 
1.05402 0.791685 0.151972 
0.893321 0.785485 0.220541 
1.07036 0.777276 0.0556149 
1.06709 0.786094 0.0562981 
0.970725 0.780107 0.234609 
0.967446 0.78978 0.233444 
0.945205 0.785093 0.142878 
1.08486 0.781717 0.098909 
1.08185 0.790512 0.099289 
0.902248 0.77985 0.24694 
0.898602 0.790015 0.245226 
1.0313 0.784535 0.0706416 
1.0277 0.793592 0.0709548 
1.02097 0.784944 0.193643 
0.909649 0.779499 0.19035 
0.905659 0.789483 0.188953 
1.08559 0.779186 0.0640345 
1.08249 0.787935 0.0647064 
0.93356 0.783401 0.248955 
0.930146 0.793358 0.247451 
0.98638 0.776793 0.10776 
0.982481 0.786144 0.107499 
1.06564 0.782765 0.139137 
1.0626 0.791718 0.139124 
0.891987 0.786334 0.228062 
1.06264 0.779384 0.0566354 
1.0593 0.788247 0.0572643 
0.98223 0.78114 0.227106 
0.978989 0.790727 0.226053 
0.936636 0.781008 0.154253 
0.932609 0.790745 0.153269 
1.08806 0.779362 0.088587 
1.08504 0.788125 0.0890701 
0.908847 0.77695 0.250129 
0.905247 0.78707 0.248459 
1.02352 0.77803 0.0774661 
1.01985 0.78713 0.0777003 
1.03302 0.783133 0.181816 
1.02991 0.792336 0.181338 
0.904848 0.776954 0.200794 
0.900882 0.786989 0.199315 
1.0822 0.778778 0.0597576 
1.07905 0.787539 0.0604524 
0.945526 0.777936 0.246873 
0.942145 0.787797 0.245481 
0.972014 0.783336 0.117885 
0.96807 0.792796 0.117413 
1.07296 0.782818 0.126377 
1.06994 0.791714 0.126492 
0.895515 0.778333 0.236071 
0.891742 0.788517 0.234356 
1.05477 0.779475 0.0590536 
1.05135 0.788384 0.0596211 
0.993332 0.783995 0.21816 
0.990132 0.793501 0.21722 
0.928842 0.776957 0.1657 
0.92481 0.786758 0.1646 
1.08718 0.784424 0.079937 
1.08414 0.793187 0.0804661 
0.912582 0.785757 0.250144 
1.01224 0.778936 0.0856354 
1.00849 0.78811 0.085724 
1.04414 0.782223 0.169326 
1.04105 0.791341 0.168994 
0.897097 0.785302 0.209042 
1.07517 0.78534 0.0575406 
0.954144 0.784206 0.241808 
0.950822 0.79401 0.240481 
0.96201 0.779877 0.128742 
0.958026 0.78941 0.12813 
1.07901 0.782512 0.114095 
1.076 0.791358 0.11433 
0.89629 0.781946 0.241034 
0.892579 0.792144 0.239293 
1.04685 0.777509 0.0628738 
1.04336 0.786463 0.0633736 
1.00711 0.779086 0.208749 
1.00392 0.788482 0.207965 
0.917857 0.782992 0.175861 
0.913845 0.792897 0.174594 
1.08841 0.779222 0.0719719 
1.08535 0.787964 0.0725901 
0.920466 0.7861 0.250284 
1.00113 0.778436 0.094655 
0.997308 0.787685 0.094596 
1.05423 0.781936 0.156443 
1.05116 0.790976 0.156253 
0.894339 0.784594 0.217946 
1.07098 0.78126 0.0559953 
1.06773 0.79008 0.0566623 
0.966016 0.782611 0.236458 
0.96273 0.792323 0.235243 
0.948553 0.785585 0.139213 
1.08379 0.781529 0.102522 
1.08078 0.790333 0.10287 
0.901772 0.776923 0.246249 
0.898101 0.787083 0.244542 
1.03541 0.782504 0.0684983 
1.03184 0.791533 0.0688632 
1.01704 0.785032 0.197426 
