1.16631 0.000625289 -0.205109 
1.16821 0.00870376 -0.202375 
1.2702 0.00620324 0.0422851 
1.17027 0.00777916 0.167696 
1.18725 0.0049994 -0.24868 
1.2209 0.00411445 0.218255 
1.1846 0.000238023 -0.039118 
1.18497 0.00822794 -0.0359168 
1.24776 0.00584073 -0.153083 
1.1691 0.00117749 0.258549 
1.16713 0.00684872 -0.210169 
1.26915 0.00404515 0.0549444 
1.17181 0.00798933 0.157432 
1.19017 0.00414409 -0.247086 
1.21614 0.00718708 0.225728 
1.18404 0.00206635 -0.0514798 
1.25114 0.00574859 -0.142608 
1.16688 0.00336568 0.257279 
1.16613 0.00458926 -0.217512 
1.26783 0.00198062 0.067486 
1.17479 0.000415707 0.143889 
1.17332 0.00845637 0.146843 
1.19313 0.00289161 -0.245139 
1.21317 0.00291037 0.230263 
1.18336 0.00380003 -0.06371 
1.25428 0.00530224 -0.131781 
1.1648 0.00601573 0.255583 
1.16522 0.00190935 -0.224394 
1.26623 3.8503e-05 0.0798779 
1.26556 0.00760973 0.0826509 
1.17618 0.00112682 0.132962 
1.19613 0.00124114 -0.242839 
1.20824 0.00690893 0.23692 
1.18256 0.00541788 -0.0757816 
1.25719 0.00453265 -0.120627 
1.16512 0.00104195 0.250953 
1.1665 0.00688295 -0.22819 
1.26359 0.00582884 0.0948518 
1.17751 0.00205517 0.121756 
1.20112 0.00708358 -0.237662 
1.20521 0.0035079 0.240677 
1.18166 0.00689936 -0.0876686 
1.25985 0.00347229 -0.10917 
1.16335 0.00461491 0.248389 
1.16586 0.00332855 -0.234165 
1.26136 0.00423409 0.106839 
1.17878 0.00318142 0.110293 
1.20414 0.00460909 -0.234649 
1.20218 0.000526608 0.244057 
1.20015 0.00841087 0.246544 
1.17966 0.000211557 -0.102437 
1.18067 0.00822453 -0.0993462 
1.26225 0.00215442 -0.0974391 
1.16395 0.000556614 0.242843 
1.16173 0.00865325 0.245386 
1.16746 0.00740448 -0.237088 
1.25887 0.00285877 0.11858 
1.17996 0.00448623 0.0985961 
1.20718 0.00172134 -0.231271 
1.19711 0.00585843 0.249554 
1.17847 0.00135527 -0.113853 
1.26439 0.000612302 -0.0854629 
1.26506 0.00818943 -0.0826848 
1.1625 0.00504625 0.239401 
1.16711 0.00294605 -0.242148 
1.25613 0.00173688 0.130047 
1.18106 0.00595006 0.0866907 
1.21206 0.00624898 -0.224968 
1.19408 0.00371241 0.252199 
1.17723 0.0023034 -0.125011 
1.26684 0.00644746 -0.070486 
1.16337 0.00188649 0.232939 
1.16902 0.00610554 -0.244198 
1.25313 0.000902369 0.141211 
1.25196 0.00853339 0.143906 
1.18206 0.00755293 0.0746023 
1.21505 0.00249648 -0.220836 
1.19108 0.00196807 0.254484 
1.17592 0.00303659 -0.135888 
1.26836 0.00454632 -0.0581043 
1.16225 0.00725825 0.228633 
1.16894 0.000741734 -0.248356 
1.2499 0.000388318 0.152046 
1.24864 0.00803433 0.154725 
1.18359 0.00127794 0.059188 
1.21978 0.00610547 -0.213739 
1.18811 0.00062278 0.256411 
1.18595 0.00858318 0.258867 
1.17458 0.00353522 -0.146463 
1.26959 0.00251577 -0.0455711 
1.16338 0.00495241 0.22128 
1.17115 0.00299322 -0.249556 
1.24644 0.000226166 0.162527 
1.2451 0.00788841 0.165189 
1.18424 0.00309969 0.0467987 
1.2227 0.00146397 -0.208823 
1.18302 0.00765288 0.260436 
1.17322 0.00377929 -0.156716 
1.27055 0.000384064 -0.0329182 
1.27079 0.00793468 -0.0301097 
1.16461 0.00305275 0.213475 
1.1735 0.00479418 -0.250345 
1.24276 0.000445 0.172634 
1.24133 0.00812468 0.175277 
1.18476 0.00499605 0.034313 
1.22722 0.00413994 -0.200909 
1.18014 0.00712371 0.261644 
1.17184 0.00374838 -0.166625 
1.27138 0.00572592 -0.0173665 
1.16591 0.00154099 0.205232 
1.17596 0.00615323 -0.250734 
1.23887 0.00107092 0.182349 
1.18515 0.00694443 0.0217609 
1.23159 0.00634088 -0.192571 
1.17734 0.00700068 0.262486 
1.17047 0.00342163 -0.176171 
1.27168 0.00347009 -0.004568 
1.16726 0.000397365 0.196565 
1.16536 0.00847696 0.199316 
1.17853 0.00707999 -0.250733 
1.23478 0.00212646 0.191658 
1.1855 0.000935491 0.00595469 
1.2343 0.00035899 -0.186451 
1.23579 0.00807478 -0.183812 
1.17461 0.00729108 0.262955 
1.16913 0.00277796 -0.185335 
1.27171 0.00119255 0.00825381 
1.16683 0.0076735 0.190283 
1.18119 0.00758425 -0.250353 
1.23051 0.00363013 0.200549 
1.18549 0.00291867 -0.00663858 
1.2384 0.00165801 -0.177297 
1.17198 0.0080039 0.263041 
1.16782 0.00179623 -0.194098 
1.27126 0.00646592 0.0238762 
1.16835 0.00719642 0.18086 
1.18394 0.00767512 -0.249603 
1.22606 0.00559602 0.209017 
1.18535 0.00488356 -0.0192021 
1.24231 0.00251828 -0.167734 
1.17172 0.00109703 0.260281 
1.16657 0.000455654 -0.202444 
1.16845 0.00853285 -0.199698 
1.27063 0.00422325 0.0366457 
1.16987 0.0070247 0.171066 
1.18677 0.00736016 -0.248492 
1.22323 0.000258429 0.214498 
1.22146 0.0080337 0.217056 
1.18507 0.00680704 -0.0317052 
1.24602 0.00296079 -0.157776 
1.16933 0.00267092 0.259575 
1.16733 0.00681938 -0.20765 
1.26972 0.00203668 0.0493415 
1.1714 0.00713758 0.160921 
1.18966 0.00664476 -0.247026 
1.21855 0.00314942 0.222135 
1.18421 0.000674732 -0.047311 
1.18467 0.0086664 -0.0441182 
1.24951 0.00301021 -0.147439 
1.16706 0.00469684 0.258456 
1.1663 0.00470791 -0.215154 
1.268 0.00749399 0.0647197 
1.17292 0.00751461 0.150444 
1.1926 0.00553178 -0.245206 
1.21374 0.00651764 0.229347 
1.18356 0.0024449 -0.0595905 
1.25277 0.00269428 -0.136742 
1.16492 0.00718225 0.256915 
1.16535 0.00218156 -0.2222 
1.26644 0.00550834 0.0771646 
1.17581 0.000100301 0.136677 
1.17441 0.0081358 0.139656 
1.19558 0.00402136 -0.243035 
1.21075 0.00252204 0.233631 
1.1828 0.00410676 -0.0717209 
1.25579 0.00204323 -0.125709 
1.1652 0.00204299 0.252453 
1.16657 0.00731294 -0.226153 
1.26461 0.00366509 0.0894388 
1.17715 0.000952826 0.125566 
1.19859 0.00211113 -0.24051 
1.20578 0.0068106 0.240034 
1.18192 0.00563958 -0.0836756 
1.25858 0.00108906 -0.114363 
1.25948 0.00869193 -0.111613 
1.16337 0.00544938 0.250047 
1.16589 0.00392025 -0.232297 
1.26251 0.00199575 0.101511 
1.17843 0.00201021 0.114191 
1.20356 0.00767756 -0.235096 
1.20274 0.00368248 0.24355 
1.18095 0.00702322 -0.0954296 
1.26192 0.00745647 -0.0999719 
1.16392 0.0012255 0.244671 
1.16532 7.8299e-05 -0.237964 
1.16743 0.00816023 -0.235379 
1.26015 0.000533216 0.113349 
1.2592 0.00813203 0.116084 
1.17964 0.00325314 0.102573 
1.20659 0.00493604 -0.231852 
1.19971 0.000969531 0.246692 
1.17881 0.000220988 -0.110029 
1.17989 0.00823801 -0.106959 
1.2641 0.00598556 -0.0880751 
1.16241 0.00555162 0.241388 
1.16703 0.00386662 -0.240607 
1.25649 0.00692203 0.127646 
1.18076 0.00466216 0.0907378 
1.20962 0.00177654 -0.228236 
1.19461 0.00657886 0.251949 
1.17757 0.00124164 -0.121281 
1.26601 0.00431205 -0.075953 
1.16324 0.00223133 0.235095 
1.16889 0.0071913 -0.242814 
1.25353 0.00598795 0.138913 
1.18179 0.00621747 0.0787105 
1.21445 0.0060151 -0.221685 
1.19159 0.0046939 0.254364 
1.17628 0.00205434 -0.132259 
1.26766 0.00246774 -0.0636364 
1.16206 0.00744772 0.230943 
1.16876 0.00199043 -0.247137 
1.25033 0.00536328 0.14986 
1.1827 0.00789871 0.0665173 
1.21743 0.00198191 -0.217305 
1.18861 0.00320864 0.25642 
1.17494 0.00263961 -0.142943 
1.26902 0.000482975 -0.0511565 
1.26942 0.00804004 -0.0483552 
1.16316 0.00499115 0.223752 
1.17092 0.00440362 -0.248489 
1.2469 0.00508014 0.160461 
1.18407 0.00169097 0.0510044 
1.2221 0.00529514 -0.209951 
1.18567 0.00212198 0.258119 
1.17357 0.00297761 -0.153311 
1.27042 0.00593898 -0.0357396 
1.16434 0.00294698 0.216106 
1.17321 0.00636339 -0.249425 
1.24324 0.00516853 0.170695 
1.18463 0.00356314 0.038549 
1.22499 0.00036852 -0.204779 
1.22663 0.00812988 -0.202176 
1.18278 0.00143541 0.259458 
1.17219 0.00304806 -0.163344 
1.27114 0.00375483 -0.023025 
1.16561 0.00129755 0.208016 
1.17563 0.00787779 -0.249958 
1.23937 0.00565569 0.180541 
1.18505 0.0054955 0.0260166 
1.22945 0.00274901 -0.196604 
1.17996 0.00115309 0.260433 
1.17081 0.00283026 -0.17302 
1.27158 0.00151383 -0.0102433 
1.16694 2.35738e-05 0.199497 
1.16501 0.00810486 0.202237 
1.17602 0.000935442 -0.252608 
1.2353 0.0065655 0.189986 
1.18534 0.00746517 0.0134375 
1.23374 0.00465866 -0.188005 
1.17722 0.00128159 0.261038 
1.16945 0.0023032 -0.182322 
1.2717 0.00678744 0.00538602 
1.16647 0.00717871 0.193346 
1.17866 0.00160246 -0.252364 
1.23266 0.000189535 0.196418 
1.23105 0.00791795 0.199016 
1.18551 0.0014628 -0.00237641 
1.23786 0.00610831 -0.178987 
1.17457 0.00182944 0.261265 
1.16812 0.00144574 -0.191228 
1.27149 0.00450973 0.018205 
1.16796 0.00658655 0.184058 
1.1814 0.00185325 -0.251748 
1.22831 0.00197884 0.205049 
1.18541 0.00343696 -0.014954 
1.24178 0.0071133 -0.169559 
1.17201 0.00280635 0.261104 
1.16684 0.000236913 -0.199723 
1.1687 0.00831278 -0.196967 
1.27099 0.00225245 0.0309945 
1.16948 0.00630737 0.174393 
1.18421 0.00169596 -0.250767 
1.22379 0.00423659 0.213252 
1.18517 0.00537799 -0.0274818 
1.24422 2.4553e-05 -0.162411 
1.24551 0.00769321 -0.159731 
1.16957 0.00422242 0.260544 
1.16755 0.00673839 -0.205074 
1.27021 4.131e-05 0.0437222 
1.26983 0.00759449 0.0465216 
1.171 0.00632026 0.164369 
1.18709 0.00113677 -0.249428 
1.21912 0.00696954 0.221028 
1.18479 0.00726301 -0.03993 
1.24781 0.000219569 -0.152216 
1.24903 0.00787146 -0.149519 
1.16725 0.00608718 0.259576 
1.16648 0.00477266 -0.212738 
1.26869 0.00546078 0.05915 
1.17252 0.00660465 0.154006 
1.19003 0.000179434 -0.247736 
1.19207 0.00812272 -0.245225 
1.21618 0.00236926 0.225851 
1.18376 0.00107593 -0.055452 
1.25119 3.84249e-05 -0.141653 
1.25232 0.00767477 -0.138941 
1.16733 0.000331652 0.255706 
1.16507 0.00840878 0.258189 
1.16549 0.00239794 -0.219947 
1.26726 0.00342874 0.0716517 
1.17401 0.00714038 0.143325 
1.19504 0.00675209 -0.243182 
1.21132 0.00603187 0.232803 
1.18302 0.00277913 -0.0676378 
1.25538 0.00713253 -0.128018 
1.16529 0.00310458 0.253893 
1.16666 0.00768547 -0.224056 
1.26556 0.00152766 0.0839946 
1.17546 0.00790769 0.132348 
1.19803 0.00498276 -0.240786 
1.20831 0.00231505 0.236839 
1.18218 0.00436068 -0.0796572 
1.25819 0.00627621 -0.116774 
1.16341 0.00634443 0.251646 
1.16593 0.00445342 -0.230369 
1.26279 0.00737158 0.0989038 
1.17809 0.000863194 0.118059 
1.20106 0.0028109 -0.238034 
1.2033 0.00689098 0.242992 
1.18123 0.00580023 -0.0914846 
1.26076 0.00513857 -0.105236 
1.16391 0.0019546 0.246439 
