1.0443 0.779422 -0.00453288 
1.04065 0.788285 -0.00340706 
1.08868 0.780193 0.182278 
1.08597 0.789044 0.182099 
0.801604 0.786885 0.259296 
1.1222 0.783566 -0.0560372 
1.11948 0.791991 -0.0541793 
0.968915 0.77775 0.295903 
0.965977 0.787512 0.294431 
0.866971 0.784891 0.159689 
1.16434 0.782732 -0.021952 
1.16197 0.790972 -0.0203586 
0.860908 0.780063 0.3339 
0.857626 0.79071 0.331547 
0.979902 0.778406 0.0555585 
0.975685 0.787679 0.0556652 
1.14087 0.781743 0.0976874 
1.13832 0.790212 0.0982902 
0.801032 0.779047 0.306218 
0.797228 0.790115 0.303513 
1.08096 0.781009 -0.0362813 
1.07774 0.789656 -0.0346875 
1.04141 0.78057 0.235118 
1.03861 0.789772 0.234378 
0.822957 0.780659 0.221636 
0.818647 0.791298 0.219362 
1.14483 0.781386 -0.0524998 
1.14233 0.789699 -0.0506509 
0.92014 0.780672 0.320831 
0.917095 0.790833 0.318929 
0.909148 0.784028 0.117284 
0.904664 0.793818 0.116257 
1.16517 0.782053 0.0182086 
1.16277 0.790321 0.0194775 
0.826816 0.784907 0.328761 
1.02439 0.781313 0.0134592 
1.02053 0.790301 0.0142791 
1.10721 0.781504 0.156471 
1.10455 0.79022 0.156539 
0.799244 0.781366 0.276519 
0.795223 0.792363 0.273879 
1.11154 0.780301 -0.0540153 
1.10871 0.788778 -0.0521775 
0.989851 0.784051 0.278886 
0.986974 0.793653 0.277606 
0.851814 0.782005 0.179492 
0.847366 0.792315 0.177623 
1.16065 0.780889 -0.0352751 
1.15827 0.789135 -0.0335663 
0.876591 0.784831 0.33151 
0.955631 0.784184 0.0749665 
0.951289 0.793627 0.0746718 
1.15328 0.776907 0.0707241 
1.15078 0.785279 0.0715781 
1.14829 0.793673 0.0723914 
0.805979 0.780707 0.315767 
0.802285 0.791764 0.313067 
1.06461 0.781651 -0.0231461 
1.06119 0.790394 -0.0217461 
1.06425 0.778401 0.212017 
1.06148 0.787431 0.21154 
0.812211 0.782385 0.239568 
0.807987 0.793166 0.237142 
1.13674 0.777368 -0.0568605 
1.13418 0.785715 -0.0549631 
1.13159 0.794083 -0.0531124 
0.942349 0.77736 0.311646 
0.93935 0.787335 0.309937 
0.891434 0.779381 0.137183 
0.886929 0.789316 0.135891 
1.16715 0.779766 -0.00242855 
1.16478 0.788005 -0.000983575 
0.840923 0.783941 0.331997 
1.00426 0.780891 0.0322957 
1.00022 0.790007 0.0327954 
1.12325 0.784073 0.130036 
1.12064 0.792673 0.13034 
0.799064 0.777802 0.291743 
0.795133 0.788838 0.289067 
1.0982 0.781464 -0.0477716 
1.0952 0.790015 -0.0460216 
1.01274 0.784563 0.260163 
1.0099 0.793988 0.259113 
0.837952 0.780377 0.199002 
0.833556 0.790837 0.196939 
1.15367 0.783673 -0.0443254 
1.15124 0.79195 -0.0425514 
0.895806 0.782275 0.328395 
0.892688 0.792638 0.326296 
0.936152 0.779828 0.0944644 
0.931725 0.789408 0.0938628 
1.16044 0.779491 0.045648 
1.15799 0.787805 0.0467013 
0.813107 0.784905 0.322439 
1.04837 0.77847 -0.00804232 
1.04475 0.787307 -0.00685566 
1.08532 0.778057 0.187391 
1.0826 0.786931 0.18717 
0.803264 0.785721 0.256217 
1.12603 0.778483 -0.0573712 
1.12335 0.786884 -0.0554798 
0.964119 0.778643 0.298677 
0.961174 0.788445 0.29716 
0.870283 0.785325 0.155746 
1.16501 0.782407 -0.0190079 
1.16264 0.790646 -0.0174374 
0.855933 0.785531 0.332715 
0.984052 0.778753 0.0516411 
0.979863 0.787998 0.0518151 
1.13913 0.779049 0.102881 
1.13657 0.78753 0.10345 
0.797359 0.787562 0.30188 
1.08495 0.778438 -0.0390363 
1.08178 0.78706 -0.0373929 
1.0373 0.779174 0.239688 
1.03449 0.788406 0.238904 
0.825417 0.78022 0.21798 
0.82109 0.790828 0.215741 
1.146 0.783252 -0.0510757 
1.14351 0.791562 -0.0492449 
0.91513 0.783653 0.321868 
0.912083 0.793858 0.31992 
0.912933 0.784723 0.113359 
1.16507 0.780277 0.0223352 
1.16266 0.788548 0.023577 
0.825627 0.780753 0.328898 
0.822131 0.79168 0.326305 
1.0285 0.780901 0.00974948 
1.02468 0.789863 0.0106341 
1.1043 0.779133 0.161698 
1.10163 0.787869 0.161726 
0.800469 0.779839 0.273803 
0.796424 0.790813 0.271185 
1.11262 0.78442 -0.0539137 
1.10979 0.792896 -0.0520903 
0.985223 0.784129 0.282314 
0.982338 0.793768 0.280988 
0.854868 0.782217 0.175587 
0.850411 0.792496 0.173761 
1.16154 0.78132 -0.0328603 
1.15917 0.789564 -0.0311728 
0.874791 0.779152 0.333161 
0.871572 0.789684 0.33091 
0.959728 0.784714 0.0710883 
1.14959 0.782697 0.0765492 
1.14709 0.791099 0.0773305 
0.805655 0.777666 0.314689 
0.80193 0.788716 0.311999 
1.06864 0.779862 -0.0262809 
1.06527 0.78858 -0.0248255 
1.05766 0.785649 0.216384 
0.814345 0.781626 0.236127 
0.810102 0.792377 0.233731 
1.13794 0.779848 -0.0558111 
1.13538 0.788192 -0.0539309 
0.937406 0.77936 0.313503 
0.934403 0.789377 0.311748 
0.895026 0.780021 0.133204 
0.890522 0.789925 0.131965 
1.16746 0.778579 0.00118711 
1.16508 0.786819 0.00260698 
0.839474 0.779305 0.332617 
0.836066 0.790123 0.330118 
1.00841 0.780888 0.0284522 
1.00441 0.789977 0.0290189 
1.12085 0.781493 0.135301 
1.11823 0.79011 0.135567 
0.795863 0.786863 0.286812 
1.10213 0.777919 -0.0499928 
1.09917 0.786445 -0.0482 
1.00832 0.783896 0.264173 
1.00548 0.793354 0.263078 
0.840744 0.780312 0.195179 
0.836336 0.790741 0.193154 
1.15472 0.7848 -0.0424013 
1.1523 0.793074 -0.0406471 
0.890772 0.786353 0.328496 
0.940119 0.780498 0.0905493 
0.935707 0.790049 0.0900102 
1.15978 0.777187 0.0503099 
1.15732 0.785507 0.0513335 
1.15486 0.793848 0.0523163 
0.81234 0.781357 0.321934 
0.808728 0.79238 0.319262 
1.05242 0.777393 -0.0115057 
1.04885 0.786206 -0.0102592 
1.07914 0.784864 0.192219 
1.07642 0.793788 0.191917 
0.805009 0.784628 0.253068 
1.12719 0.781652 -0.0567195 
1.12453 0.790051 -0.0548441 
0.959292 0.779719 0.3013 
0.956341 0.78956 0.299737 
0.873645 0.785796 0.151799 
1.16563 0.78193 -0.0159523 
1.16326 0.790168 -0.014405 
0.854288 0.78044 0.33379 
0.850974 0.791142 0.331389 
0.988208 0.77905 0.0477295 
0.984048 0.788269 0.0479709 
1.13471 0.784846 0.108647 
1.13215 0.793362 0.10914 
0.797597 0.785112 0.300135 
1.0858 0.784309 -0.0400292 
1.08265 0.792932 -0.0383971 
1.03314 0.777876 0.244187 
1.03031 0.787138 0.24336 
0.827935 0.779846 0.214289 
0.823593 0.790423 0.212086 
1.1496 0.776713 -0.0514327 
1.14715 0.785 -0.0495761 
1.14468 0.793306 -0.0477637 
0.910112 0.786839 0.322732 
0.916752 0.785419 0.109445 
1.16489 0.7784 0.0265639 
1.16247 0.786673 0.0277782 
0.824513 0.776699 0.32893 
0.820983 0.787627 0.326342 
1.0326 0.780393 0.00607321 
1.02882 0.789329 0.00702184 
1.1013 0.776803 0.166915 
1.09861 0.78556 0.166904 
0.80179 0.778395 0.271003 
0.797721 0.789347 0.268407 
1.1165 0.779922 -0.0555814 
1.11372 0.788372 -0.053721 
0.980556 0.78437 0.285611 
0.977664 0.794046 0.28424 
0.857975 0.78248 0.171669 
0.85351 0.792727 0.169887 
1.16239 0.781602 -0.0303428 
1.16002 0.789845 -0.0286769 
0.869777 0.784114 0.33246 
0.963845 0.785207 0.0672138 
1.1483 0.780075 0.0815824 
1.14578 0.788487 0.0823313 
0.801677 0.78577 0.310813 
1.07266 0.777926 -0.0293556 
1.06934 0.786619 -0.0278461 
1.05378 0.783932 0.221184 
1.051 0.793044 0.220581 
0.81655 0.780932 0.232635 
0.812288 0.791654 0.230271 
1.13913 0.782201 -0.0546907 
1.13659 0.790541 -0.0528277 
0.932446 0.781562 0.31519 
0.929439 0.791622 0.313389 
0.898659 0.78068 0.129231 
0.894158 0.790554 0.128047 
1.16769 0.777263 0.00491449 
1.16531 0.785503 0.00630885 
1.16292 0.793764 0.00766226 
0.834644 0.785583 0.330645 
1.01256 0.780813 0.0246282 
1.00859 0.789875 0.0252616 
1.11835 0.778947 0.140574 
1.11571 0.78758 0.140802 
0.796695 0.784982 0.284459 
1.10312 0.782724 -0.0503053 
1.10018 0.791249 -0.0485257 
1.00386 0.783367 0.268077 
1.001 0.792859 0.266937 
0.84359 0.780308 0.191334 
0.83917 0.790705 0.18935 
1.15813 0.777544 -0.0421647 
1.15574 0.785795 -0.0403879 
1.15333 0.794066 -0.0386536 
0.888893 0.780197 0.330582 
0.885739 0.790614 0.328434 
0.944114 0.781147 0.0866419 
0.939718 0.790669 0.0861658 
1.15655 0.783139 0.0560487 
1.15408 0.791486 0.0570013 
0.811664 0.777913 0.321314 
0.80802 0.788932 0.318649 
1.05293 0.784975 -0.0136153 
1.04938 0.793791 -0.0123788 
1.07562 0.782842 0.197244 
1.07288 0.791791 0.1969 
0.806837 0.783606 0.249854 
1.12837 0.784675 -0.0559915 
1.12572 0.79307 -0.0541322 
0.954438 0.78098 0.303768 
0.951481 0.790861 0.30216 
0.877056 0.786302 0.147852 
1.16619 0.781304 -0.0127841 
1.16382 0.789541 -0.0112604 
0.849344 0.786145 0.332374 
0.992368 0.779295 0.0438254 
0.988237 0.788486 0.0441344 
1.13275 0.782167 0.113875 
1.13017 0.790697 0.114333 
0.797939 0.782762 0.298279 
0.794086 0.793841 0.295562 
1.08979 0.781404 -0.0425945 
1.08669 0.790001 -0.0409146 
1.02892 0.776682 0.248611 
1.02608 0.785976 0.247738 
0.830511 0.779536 0.210567 
0.826153 0.790082 0.208399 
1.15074 0.778343 -0.0498371 
1.1483 0.786626 -0.0479994 
0.908173 0.779969 0.32542 
0.905087 0.790227 0.323422 
0.920606 0.786112 0.105544 
1.16219 0.784703 0.0320784 
1.15977 0.793001 0.0332238 
0.819913 0.783674 0.326272 
1.03669 0.779783 0.00243303 
1.03295 0.788693 0.00344496 
1.09551 0.783294 0.17207 
1.09282 0.792096 0.171978 
0.803205 0.777033 0.268121 
0.799113 0.78796 0.265549 
1.11761 0.783711 -0.0552854 
1.11484 0.79216 -0.0534401 
0.975853 0.784777 0.288774 
0.861134 0.782791 0.16774 
0.856662 0.793007 0.166003 
1.1632 0.781734 -0.0277204 
1.16083 0.789974 -0.0260765 
0.868025 0.778645 0.33391 
0.864771 0.789231 0.331611 
0.967981 0.785662 0.0633427 
1.1469 0.777422 0.086673 
1.14436 0.785843 0.0873891 
0.801528 0.782927 0.30951 
0.797779 0.794009 0.306788 
1.07339 0.784508 -0.0308055 
1.07008 0.793202 -0.0293065 
1.04983 0.782284 0.225936 
1.04705 0.791424 0.225289 
0.818823 0.780303 0.229097 
0.814543 0.790995 0.226765 
1.14033 0.784428 -0.053499 
1.1378 0.792766 -0.0516534 
0.927469 0.783967 0.316706 
0.924459 0.794071 0.31486 
0.902331 0.781354 0.125267 
0.897834 0.791198 0.124138 
1.16546 0.784065 0.0101208 
1.16307 0.792327 0.0114483 
0.833286 0.781137 0.331077 
0.829848 0.792007 0.328532 
1.0167 0.780663 0.0208265 
1.01277 0.789698 0.0215262 
1.11309 0.785087 0.146041 
1.11046 0.793762 0.146192 
0.797629 0.783194 0.28201 
1.10704 0.778854 -0.0523373 
1.10414 0.787354 -0.0505169 
0.999354 0.782982 0.271872 
0.996489 0.792509 0.270687 
0.846488 0.780362 0.18747 
0.842057 0.790728 0.185527 
1.15912 0.778405 -0.0400386 
1.15674 0.786654 -0.0382823 
0.883861 0.784589 0.330406 
0.948136 0.781772 0.082741 
0.943757 0.791266 0.0823286 
1.15568 0.780706 0.0608431 
1.1532 0.78906 0.0617652 
0.807406 0.785586 0.31792 
1.057 0.783612 -0.0169214 
1.0535 0.792402 -0.0156261 
1.07202 0.780869 0.202241 
1.06927 0.789843 0.201855 
0.808747 0.782652 0.246578 
0.804559 0.793482 0.2441 
1.13217 0.779184 -0.0570796 
1.12956 0.787555 -0.0551889 
0.949557 0.78243 0.306077 
0.946595 0.792352 0.304424 
0.885022 0.77685 0.145291 
0.880514 0.786839 0.143905 
1.16669 0.780532 -0.00950274 
1.16432 0.788769 -0.00800305 
0.847766 0.781237 0.333267 
0.844419 0.791992 0.33082 
0.996528 0.779484 0.0399308 
0.992429 0.788648 0.0403072 
1.13068 0.779501 0.119129 
1.12809 0.788045 0.119552 
0.798388 0.780513 0.296315 
0.794506 0.791576 0.293614 
1.09376 0.778345 -0.045087 
1.0907 0.786917 -0.0433608 
1.0218 0.784927 0.252035 
0.833143 0.77929 0.206814 
0.828771 0.789805 0.204683 
1.15185 0.779851 -0.048162 
1.14942 0.788131 -0.0463433 
0.903144 0.783512 0.325984 
0.900058 0.793815 0.32394 
0.928944 0.777167 0.102366 
0.924492 0.786799 0.101653 
1.16182 0.782641 0.036475 
1.15939 0.790943 0.037592 
0.818925 0.779823 0.326094 
0.815367 0.790797 0.323464 
1.04077 0.779065 -0.00116847 
1.03707 0.78795 -9.40524e-05 
1.09231 0.78107 0.177223 
1.08961 0.789895 0.17709 
0.800597 0.786652 0.262613 
1.12146 0.778915 -0.0567843 
1.11874 0.78734 -0.0549038 
0.971116 0.785355 0.291798 
0.864345 0.783147 0.163803 
0.859867 0.793331 0.162112 
1.16397 0.781713 -0.024991 
1.1616 0.789952 -0.0233693 
0.863027 0.783864 0.332965 
0.976373 0.776781 0.059424 
0.972131 0.786076 0.0594751 
1.14284 0.783175 0.092499 
1.14031 0.791629 0.0931411 
0.801482 0.780186 0.308091 
0.797704 0.791258 0.305381 
1.07742 0.782246 -0.033701 
1.07416 0.790915 -0.0321495 
1.04583 0.780713 0.230635 
1.04304 0.789882 0.229944 
0.82116 0.77974 0.225515 
0.816863 0.790401 0.223216 
1.14402 0.77822 -0.0541089 
1.14152 0.786533 -0.0522357 
0.922478 0.786578 0.318049 
0.906042 0.782041 0.121313 
0.90155 0.791854 0.12024 
1.16553 0.782508 0.0140412 
1.16313 0.790772 0.0153425 
0.831995 0.776787 0.33141 
0.828522 0.787659 0.328868 
1.02083 0.780431 0.0170501 
1.01693 0.789441 0.0178155 
1.11038 0.782633 0.151281 
1.10773 0.791326 0.151393 
0.798662 0.781496 0.279468 
0.794662 0.792508 0.276814 
1.10807 0.783312 -0.0524365 
1.10519 0.791811 -0.05063 
0.994806 0.782747 0.27555 
0.991932 0.792309 0.27432 
0.849439 0.780473 0.183589 
0.844997 0.790807 0.181687 
1.16008 0.779126 -0.0378175 
1.1577 0.787372 -0.0360819 
0.882022 0.778682 0.332268 
0.878832 0.789154 0.330071 
0.952184 0.782369 0.0788457 
0.947823 0.791835 0.0784977 
1.15471 0.778214 0.0657129 
1.15222 0.786575 0.0666039 
0.806889 0.782343 0.317074 
0.80322 0.7934 0.314373 
1.06106 0.782111 -0.020175 
1.0576 0.790876 -0.0188221 
1.06834 0.778946 0.207207 
1.06559 0.787946 0.206778 
0.810736 0.781765 0.243241 
0.806527 0.792567 0.240792 
1.13336 0.781927 -0.0561874 
1.13077 0.790295 -0.0543133 
0.944652 0.784073 0.308225 
0.941686 0.794037 0.306526 
0.888527 0.777447 0.141296 
0.884019 0.787406 0.139962 
1.16713 0.779618 -0.00610806 
1.16476 0.787854 -0.00463272 
0.84286 0.787177 0.331623 
1.00069 0.779614 0.036048 
0.99662 0.788751 0.0364917 
1.1285 0.776854 0.124406 
1.1259 0.785411 0.124792 
1.1233 0.793993 0.125138 
0.798941 0.778364 0.294244 
0.795032 0.789411 0.291559 
1.09468 0.783679 -0.0457346 
1.09164 0.792251 -0.0440207 
1.01748 0.783998 0.256243 
1.01465 0.793385 0.255243 
0.83583 0.779107 0.203034 
0.831444 0.789591 0.200941 
1.15295 0.781235 -0.0464051 
1.15053 0.789512 -0.0446056 
0.901236 0.77694 0.328425 
0.898113 0.787251 0.326378 
0.93285 0.777873 0.0984253 
0.92841 0.787475 0.0977733 
1.16135 0.780494 0.0409649 
1.15891 0.7888 0.042053 
0.814429 0.787047 0.323181 
1.04483 0.778234 -0.00472875 
1.04118 0.787093 -0.00359272 
1.08904 0.77889 0.182359 
1.08632 0.787737 0.182186 
0.802172 0.785419 0.259601 
1.1226 0.782388 -0.0563041 
1.11989 0.79081 -0.0544391 
0.966345 0.786108 0.294678 
0.867607 0.783546 0.159859 
0.863123 0.793699 0.158214 
1.16469 0.78154 -0.0221528 
1.16232 0.789777 -0.0205537 
0.861328 0.778589 0.334224 
0.858041 0.78923 0.331877 
0.98051 0.777179 0.0554933 
0.976295 0.786446 0.0556115 
1.14122 0.78049 0.097656 
1.13867 0.788955 0.0982643 
0.801542 0.777548 0.306556 
0.797734 0.788608 0.303858 
1.08143 0.779831 -0.0365301 
1.07822 0.788474 -0.0349276 
1.04178 0.779225 0.235274 
1.03897 0.788423 0.23454 
0.823561 0.779241 0.221892 
0.819247 0.789872 0.219627 
1.1452 0.780207 -0.052755 
1.14271 0.788517 -0.0508998 
0.920526 0.779239 0.321115 
0.917476 0.789395 0.319219 
0.909789 0.782735 0.11737 
0.905303 0.792519 0.116354 
1.16551 0.780839 0.0180683 
1.16311 0.789105 0.0193428 
0.827266 0.783408 0.329105 
1.02494 0.780114 0.0133017 
1.02109 0.789098 0.0141324 
1.10756 0.780219 0.156518 
1.1049 0.788932 0.156591 
0.799795 0.779888 0.276836 
0.795769 0.790878 0.274203 
1.11196 0.779125 -0.0542847 
1.10913 0.787599 -0.0524395 
0.990217 0.782665 0.279108 
0.987335 0.792263 0.277833 
0.852442 0.780638 0.179692 
0.847991 0.790941 0.177832 
1.161 0.779704 -0.0354986 
1.15863 0.787948 -0.033784 
0.876997 0.783368 0.331825 
0.873808 0.793887 0.329582 
0.956255 0.782936 0.0749552 
0.951915 0.792373 0.0746721 
1.15113 0.784039 0.0715135 
1.14863 0.79243 0.0723323 
0.80647 0.779203 0.316111 
0.80277 0.790254 0.313418 
1.0651 0.78047 -0.0233737 
1.06169 0.789209 -0.0219642 
1.0646 0.777077 0.212138 
1.06183 0.786103 0.211666 
0.8128 0.780945 0.239848 
0.808572 0.791718 0.23743 
1.13456 0.784536 -0.0552231 
1.13198 0.792901 -0.0533658 
0.939725 0.785913 0.310208 
