1.16298 0.00340804 -0.212006 
1.27222 0.00571645 0.0409348 
1.16792 0.000804435 0.174957 
1.18115 0.000372595 -0.260474 
1.1833 0.00836382 -0.258003 
1.22182 0.00464811 0.222835 
1.18322 0.00108674 -0.030904 
1.24436 0.00329595 -0.16934 
1.16638 0.00220532 0.269878 
1.16304 0.00352169 -0.211664 
1.27222 0.00647104 0.0406577 
1.16784 0.000851214 0.175383 
1.18113 0.000765138 -0.26041 
1.22186 0.00522558 0.222735 
1.18324 0.00105379 -0.0303729 
1.24432 0.00395271 -0.169515 
1.16637 0.00252065 0.270019 
1.1631 0.00363486 -0.21132 
1.27223 0.0072261 0.0403804 
1.16777 0.000898577 0.175809 
1.18111 0.00115733 -0.260346 
1.22189 0.00580406 0.222633 
1.18326 0.00102084 -0.0298413 
1.24429 0.00460924 -0.169688 
1.16636 0.0028369 0.270158 
1.16317 0.00374756 -0.210976 
1.27256 0.000439899 0.0373084 
1.27223 0.00798162 0.0401029 
1.16769 0.000946527 0.176234 
1.1811 0.00154916 -0.26028 
1.22192 0.00638354 0.222531 
1.18327 0.000987887 -0.0293094 
1.24425 0.00526553 -0.169861 
1.16636 0.00315406 0.270297 
1.16323 0.00385978 -0.21063 
1.27256 0.00119589 0.0370311 
1.16762 0.000995068 0.176659 
1.18108 0.00194065 -0.260214 
1.22196 0.00696402 0.222428 
1.18329 0.000954934 -0.0287771 
1.24422 0.00592158 -0.170033 
1.16635 0.00347216 0.270436 
1.16329 0.00397152 -0.210284 
1.27257 0.00195234 0.0367535 
1.16754 0.0010442 0.177084 
1.18106 0.00233179 -0.260148 
1.22199 0.00754552 0.222325 
1.18331 0.000921984 -0.0282444 
1.24418 0.00657739 -0.170205 
1.16634 0.00379117 0.270574 
1.16336 0.00408279 -0.209937 
1.27257 0.00270927 0.0364757 
1.16747 0.00109393 0.177508 
1.18104 0.00272257 -0.26008 
1.22382 0.000356742 0.219682 
1.22202 0.00812804 0.22222 
1.18332 0.00088904 -0.0277114 
1.24414 0.00723297 -0.170376 
1.16633 0.00411112 0.270711 
1.16342 0.00419359 -0.209589 
1.27258 0.00346667 0.0361977 
1.16739 0.00114426 0.177931 
1.18103 0.00311301 -0.260012 
1.22386 0.000940454 0.219578 
1.22206 0.00871158 0.222115 
1.18334 0.000856104 -0.0271779 
1.24273 0.000213839 -0.173201 
1.2441 0.00788831 -0.170546 
1.16633 0.00443199 0.270847 
1.16349 0.00430392 -0.20924 
1.27258 0.00422455 0.0359195 
1.16732 0.00119519 0.178355 
1.18101 0.0035031 -0.259943 
1.22389 0.00152519 0.219474 
1.18336 0.000823177 -0.0266441 
1.24269 0.000868781 -0.173372 
1.24407 0.00854341 -0.170715 
1.16632 0.0047538 0.270983 
1.16355 0.00441378 -0.20889 
1.27258 0.0049829 0.0356411 
1.16724 0.00124673 0.178778 
1.18099 0.00389284 -0.259874 
1.22393 0.00211094 0.219369 
1.18337 0.000790261 -0.0261099 
1.24266 0.00152348 -0.173542 
1.16631 0.00507654 0.271118 
1.16362 0.00452317 -0.208539 
1.27259 0.00574173 0.0353625 
1.16717 0.00129887 0.1792 
1.18098 0.00428224 -0.259803 
1.22396 0.00269772 0.219263 
1.18339 0.000757357 -0.0255753 
1.24262 0.00217795 -0.173711 
1.1663 0.00540021 0.271253 
1.16368 0.0046321 -0.208188 
1.27259 0.00650103 0.0350837 
1.16709 0.00135163 0.179622 
1.18096 0.00467128 -0.259732 
1.224 0.00328553 0.219156 
1.18341 0.000724469 -0.0250403 
1.18363 0.00872106 -0.0218187 
1.24259 0.00283217 -0.17388 
1.1663 0.00572481 0.271386 
1.16375 0.00474056 -0.207835 
1.27259 0.0072608 0.0348048 
1.16702 0.00140499 0.180044 
1.18094 0.00505997 -0.259661 
1.22403 0.00387437 0.219049 
1.18342 0.000691596 -0.0245049 
1.18364 0.00868812 -0.0212831 
1.24255 0.00348616 -0.174049 
1.16629 0.00605035 0.27152 
1.16381 0.00484855 -0.207482 
1.27288 0.000480803 0.0317287 
1.2726 0.00802105 0.0345256 
1.16694 0.00145897 0.180466 
1.18093 0.00544831 -0.259588 
1.22407 0.00446423 0.218941 
1.18344 0.000658741 -0.0239692 
1.18365 0.0086552 -0.0207471 
1.24251 0.00413989 -0.174216 
1.16628 0.00637682 0.271652 
1.16388 0.00495608 -0.207127 
1.27288 0.00124152 0.0314496 
1.16686 0.00151356 0.180886 
1.18091 0.0058363 -0.259515 
1.2241 0.00505513 0.218832 
1.18345 0.000625905 -0.0234331 
1.18366 0.0086223 -0.0202107 
1.24248 0.00479339 -0.174383 
1.16628 0.00670422 0.271784 
1.16394 0.00506314 -0.206772 
1.27288 0.00200271 0.0311704 
1.16679 0.00156877 0.181307 
1.1809 0.00622394 -0.259441 
1.22413 0.00564706 0.218722 
1.18346 0.000593089 -0.0228966 
1.18367 0.00858942 -0.0196739 
1.24244 0.00544663 -0.174549 
1.16627 0.00703256 0.271915 
1.16401 0.00516974 -0.206416 
1.27289 0.00276436 0.030891 
1.16671 0.00162461 0.181727 
1.18088 0.00661121 -0.259367 
1.22417 0.00624001 0.218612 
1.18348 0.000560295 -0.0223598 
1.18368 0.00855657 -0.0191368 
1.2424 0.00609962 -0.174715 
1.16626 0.00736183 0.272046 
1.16407 0.00527587 -0.206059 
1.27289 0.00352648 0.0306114 
1.16664 0.00168106 0.182147 
1.18086 0.00699813 -0.259291 
1.2242 0.006834 0.218501 
1.18349 0.000527523 -0.0218226 
1.18368 0.00852374 -0.0185993 
1.24236 0.00675236 -0.17488 
1.16625 0.00769204 0.272176 
1.16414 0.00538154 -0.205701 
1.27289 0.00428906 0.0303316 
1.16656 0.00173814 0.182566 
1.18085 0.00738469 -0.259215 
1.22423 0.00742902 0.218389 
1.18351 0.000494775 -0.021285 
1.18369 0.00849093 -0.0180615 
1.24233 0.00740484 -0.175044 
1.16625 0.00802317 0.272305 
1.16421 0.00548674 -0.205342 
1.2729 0.0050521 0.0300516 
1.16648 0.00179584 0.182985 
1.18083 0.00777089 -0.259139 
1.22603 0.000264844 0.215728 
1.22427 0.00802507 0.218276 
1.18352 0.000462051 -0.0207471 
1.1837 0.00845815 -0.0175233 
1.24088 0.000373843 -0.177854 
1.24229 0.00805706 -0.175207 
1.16857 0.000285708 0.270016 
1.16624 0.00835524 0.272434 
1.16427 0.00559148 -0.204982 
1.2729 0.0058156 0.0297715 
1.16641 0.00185416 0.183403 
1.17864 0.000151566 -0.261529 
1.18082 0.00815671 -0.259061 
1.22607 0.000862089 0.215616 
1.2243 0.00862214 0.218162 
1.18353 0.000429352 -0.0202088 
1.18371 0.0084254 -0.0169847 
1.24084 0.00102563 -0.178018 
1.24225 0.00870901 -0.17537 
1.16856 0.000618693 0.270146 
1.16624 0.00868823 0.272562 
1.16434 0.00569575 -0.204621 
1.2729 0.00657955 0.0294912 
1.16633 0.00191311 0.183821 
1.17863 0.000536922 -0.261453 
1.1808 0.00854217 -0.258983 
1.2261 0.00146036 0.215503 
1.18354 0.00039668 -0.0196701 
1.18372 0.00839267 -0.0164458 
1.2408 0.00167714 -0.178182 
1.16856 0.000952605 0.270275 
1.1644 0.00579955 -0.20426 
1.2729 0.00734394 0.0292107 
1.16626 0.00197269 0.184239 
1.17862 0.000921906 -0.261376 
1.22614 0.00205965 0.21539 
1.18356 0.000364035 -0.0191312 
1.18372 0.00835998 -0.0159066 
1.24077 0.00232837 -0.178345 
1.16855 0.00128744 0.270404 
1.16447 0.00590289 -0.203897 
1.27314 0.00056976 0.0261311 
1.2729 0.00810878 0.0289301 
1.16618 0.0020329 0.184656 
1.1786 0.00130651 -0.261298 
1.22617 0.00265996 0.215275 
1.18357 0.000331417 -0.0185918 
1.18373 0.00832731 -0.015367 
1.24073 0.00297933 -0.178507 
1.16855 0.0016232 0.270532 
1.16454 0.00600576 -0.203534 
1.27314 0.00133503 0.0258505 
1.1661 0.00209374 0.185073 
1.17859 0.00169074 -0.261219 
1.22621 0.00326129 0.21516 
1.18358 0.000298827 -0.0180522 
1.18374 0.00829467 -0.0148271 
1.24069 0.00362999 -0.178668 
1.16855 0.00195989 0.270659 
1.1646 0.00610816 -0.203169 
1.27315 0.00210073 0.0255698 
1.16603 0.00215521 0.185489 
1.17858 0.00207458 -0.26114 
1.22624 0.00386363 0.215045 
1.18359 0.000266266 -0.0175121 
1.18374 0.00826206 -0.0142869 
1.24066 0.00428036 -0.178829 
1.16854 0.00229749 0.270786 
1.16467 0.00621009 -0.202804 
1.27315 0.00286685 0.025289 
1.16595 0.00221731 0.185905 
1.17856 0.00245804 -0.26106 
1.22627 0.00446699 0.214928 
1.1836 0.000233733 -0.0169718 
1.18375 0.00822948 -0.0137464 
1.24062 0.00493043 -0.178989 
1.16854 0.002636 0.270912 
1.16474 0.00631155 -0.202438 
1.27315 0.0036334 0.025008 
1.16587 0.00228004 0.18632 
1.17855 0.0028411 -0.260979 
1.22631 0.00507135 0.214811 
1.18361 0.00020123 -0.0164311 
1.18375 0.00819694 -0.0132055 
1.24058 0.00558019 -0.179148 
1.16853 0.00297543 0.271037 
1.1648 0.00641254 -0.202071 
1.27315 0.00440035 0.0247268 
1.1658 0.0023434 0.186735 
1.17854 0.00322376 -0.260897 
1.22634 0.00567671 0.214692 
1.18362 0.000168756 -0.0158902 
1.18376 0.00816442 -0.0126643 
1.24054 0.00622964 -0.179307 
1.16853 0.00331577 0.271162 
1.16487 0.00651305 -0.201703 
1.27315 0.00516771 0.0244455 
1.16572 0.00240739 0.187149 
1.17852 0.00360602 -0.260815 
1.22638 0.00628308 0.214574 
1.18363 0.000136312 -0.0153489 
1.18376 0.00813193 -0.0121228 
1.2405 0.00687877 -0.179465 
1.16853 0.00365701 0.271286 
1.16494 0.00661309 -0.201334 
1.27315 0.00593547 0.024164 
1.16564 0.00247202 0.187563 
1.17851 0.00398787 -0.260732 
1.22641 0.00689043 0.214454 
1.18364 0.000103897 -0.0148073 
1.18377 0.00809948 -0.0115811 
1.24047 0.00752757 -0.179622 
1.16852 0.00399916 0.271409 
1.165 0.00671265 -0.200965 
1.27315 0.00670362 0.0238824 
1.16556 0.00253727 0.187977 
1.1785 0.00436931 -0.260648 
1.22644 0.00749878 0.214333 
1.18365 7.15119e-05 -0.0142654 
1.18377 0.00806706 -0.011039 
1.23898 0.000483812 -0.182417 
1.24043 0.00817603 -0.179778 
1.16852 0.0043422 0.271532 
1.16507 0.00681173 -0.200594 
1.27315 0.00747215 0.0236007 
1.16549 0.00260316 0.18839 
1.17849 0.00475033 -0.260564 
1.22821 0.000358716 0.211655 
1.22648 0.0081081 0.214212 
1.18366 3.91563e-05 -0.0137232 
1.18377 0.00803466 -0.0104966 
1.23894 0.00113176 -0.182574 
1.16852 0.00468613 0.271654 
1.16514 0.00691033 -0.200223 
1.27335 0.000703005 0.0205181 
1.27315 0.00824105 0.0233188 
1.16541 0.00266968 0.188802 
1.17847 0.00513092 -0.260479 
1.22824 0.000969189 0.211535 
1.22651 0.00871841 0.21409 
1.18367 6.8301e-06 -0.0131807 
1.18378 0.0080023 -0.00995398 
1.23891 0.00177936 -0.182731 
1.16851 0.00503096 0.271775 
1.16521 0.00700845 -0.19985 
1.27335 0.00147226 0.0202363 
1.16533 0.00273683 0.189214 
1.17846 0.00551108 -0.260393 
1.22828 0.00158063 0.211414 
1.18378 0.00796997 -0.00941106 
1.23887 0.00242659 -0.182887 
1.16851 0.00537667 0.271896 
1.16527 0.00710608 -0.199477 
1.27335 0.00224188 0.0199544 
1.16526 0.00280461 0.189626 
1.17845 0.0058908 -0.260306 
1.22831 0.00219304 0.211292 
1.18378 0.00793767 -0.00886788 
1.23883 0.00307345 -0.183042 
1.16851 0.00572325 0.272016 
1.16534 0.00720322 -0.199103 
1.27335 0.00301184 0.0196724 
1.16518 0.00287301 0.190037 
1.17844 0.00627008 -0.260219 
1.22835 0.00280641 0.211169 
1.18379 0.0079054 -0.00832443 
1.23879 0.00371994 -0.183196 
1.16851 0.00607071 0.272135 
1.16541 0.00729988 -0.198728 
1.27335 0.00378213 0.0193902 
