0.700098 1.5708 0.111702 
0.700268 1.57297 0.111044 
0.70044 1.57514 0.110386 
0.700614 1.57731 0.109729 
0.70079 1.57948 0.109071 
0.800998 1.57204 -0.13678 
1.00252 1.56736 0.0735935 
1.0032 1.57717 0.0719198 
0.650369 1.56912 0.0432276 
0.911709 1.5672 -0.117441 
0.91072 1.57778 -0.119897 
0.899938 1.56918 0.126384 
0.65369 1.56858 -0.0475149 
1.01081 1.57164 -0.0636872 
0.788507 1.56338 0.141285 
0.789668 1.57523 0.137934 
0.709876 1.57218 -0.1129 
1.05092 1.56397 0.0086165 
1.05101 1.57342 0.00738976 
0.69492 1.56998 0.10864 
0.808337 1.57141 -0.136939 
0.996238 1.56488 0.078228 
0.996942 1.57474 0.0764934 
0.649296 1.57274 0.0360663 
0.918882 1.56912 -0.114873 
0.892665 1.57266 0.127985 
0.655671 1.57208 -0.0542949 
1.01635 1.56761 -0.0585577 
1.01586 1.57732 -0.0600971 
0.781251 1.56342 0.140246 
0.782406 1.57536 0.136847 
0.715686 1.57454 -0.116345 
1.04991 1.56621 0.0135339 
1.05006 1.57566 0.0122981 
0.690094 1.57284 0.104082 
0.816197 1.56924 -0.136402 
0.99006 1.57134 0.0813384 
0.648423 1.57525 0.0288716 
0.926509 1.56903 -0.111498 
0.925579 1.57949 -0.113833 
0.883821 1.56471 0.132253 
0.884929 1.57552 0.129563 
0.658111 1.5744 -0.0607971 
1.02138 1.57116 -0.0542988 
0.773645 1.56264 0.13914 
0.774787 1.57468 0.135691 
0.723195 1.56268 -0.115487 
0.722159 1.57541 -0.119265 
1.04826 1.56664 0.0189402 
1.04846 1.57611 0.0176893 
0.68522 1.57453 0.0994069 
0.82476 1.56507 -0.135042 
0.823621 1.57652 -0.138137 
0.982427 1.56643 0.0866502 
0.983211 1.57639 0.0847923 
0.647536 1.56235 0.0260334 
0.647735 1.57625 0.0216854 
0.934724 1.56652 -0.107221 
0.933808 1.5769 -0.109485 
0.875458 1.56651 0.13397 
0.876592 1.57741 0.131219 
0.661086 1.57527 -0.0669733 
1.02687 1.56253 -0.0478035 
1.02644 1.57216 -0.0492408 
0.766716 1.57287 0.134558 
0.729364 1.5746 -0.121638 
1.04588 1.56504 0.0249024 
1.04612 1.57452 0.0236285 
0.680286 1.57482 0.0946389 
0.832927 1.57007 -0.13584 
0.974809 1.56985 0.0905767 
0.64724 1.57565 0.0145285 
0.942624 1.57188 -0.104277 
0.866504 1.56735 0.135748 
0.867657 1.57833 0.132931 
0.664634 1.57473 -0.0728039 
1.03142 1.57067 -0.0434312 
0.758237 1.56993 0.133468 
0.737257 1.57227 -0.123516 
1.04301 1.57119 0.0300456 
0.675376 1.57383 0.0897554 
0.841778 1.57292 -0.135704 
0.966593 1.57204 0.0948364 
0.646963 1.57376 0.007401 
0.951886 1.56491 -0.098426 
0.951027 1.57515 -0.10054 
0.857131 1.56765 0.137433 
0.858298 1.57873 0.134549 
0.668727 1.57319 -0.0783046 
1.03615 1.56731 -0.0370667 
1.03585 1.57686 -0.0384245 
0.749533 1.56624 0.132362 
0.750659 1.57858 0.128754 
0.745662 1.56891 -0.125019 
1.03917 1.56691 0.0367287 
1.03952 1.57644 0.035394 
0.670649 1.57203 0.0846992 
0.852191 1.56306 -0.131903 
0.851061 1.57422 -0.134806 
0.957158 1.5636 0.101275 
0.958036 1.57377 0.0991887 
0.64693 1.57122 0.000287428 
0.960447 1.56704 -0.0942965 
0.959638 1.5772 -0.096338 
0.847648 1.56819 0.138771 
0.848828 1.57937 0.135819 
0.673258 1.57135 -0.0835243 
1.04041 1.56309 -0.030455 
1.04014 1.57261 -0.0317708 
0.740893 1.56242 0.131115 
0.741979 1.57488 0.127449 
0.754296 1.56527 -0.126302 
0.753209 1.57758 -0.129867 
1.03474 1.56283 0.0433613 
1.03513 1.57239 0.0419813 
0.666286 1.57012 0.0793975 
0.861541 1.56373 -0.130571 
0.860427 1.57479 -0.133408 
0.948564 1.56588 0.105441 
0.94949 1.57612 0.103282 
0.647146 1.56888 -0.00683454 
0.968864 1.56905 -0.0900738 
0.968104 1.57915 -0.0920434 
0.83842 1.56986 0.139476 
0.678063 1.56995 -0.088532 
1.04378 1.56871 -0.0252143 
1.04359 1.57821 -0.026504 
0.733675 1.57183 0.125845 
0.76173 1.57426 -0.131019 
1.03035 1.5697 0.0481754 
1.03083 1.5793 0.0467621 
0.662433 1.56887 0.0737868 
0.870627 1.56454 -0.129015 
0.869531 1.57551 -0.131786 
0.940321 1.56981 0.108976 
0.647594 1.56752 -0.0139845 
0.976823 1.57191 -0.0860638 
0.829768 1.57342 0.139314 
0.682965 1.56963 -0.0933945 
1.04666 1.56617 -0.0190308 
1.04652 1.57564 -0.0202931 
0.725991 1.57006 0.123797 
0.769932 1.57191 -0.132194 
1.02541 1.56923 0.05371 
1.02593 1.57886 0.0522504 
0.65916 1.56887 0.0678312 
0.879199 1.56612 -0.127442 
0.878127 1.57701 -0.13015 
0.931692 1.56572 0.113907 
0.93268 1.5761 0.111602 
0.648246 1.56766 -0.0211702 
0.984838 1.56626 -0.0806101 
0.984138 1.57622 -0.0824339 
0.820686 1.56782 0.141304 
0.821882 1.57929 0.138167 
0.687838 1.57068 -0.098154 
1.0488 1.56556 -0.0133682 
1.0487 1.57502 -0.0146114 
0.719046 1.56993 0.121214 
0.777697 1.57074 -0.133411 
1.02046 1.57134 0.0584548 
0.656461 1.57035 0.0615312 
0.887165 1.56871 -0.125943 
0.886126 1.57952 -0.128592 
0.923674 1.56411 0.117933 
0.924679 1.57456 0.115559 
0.64908 1.5694 -0.0283809 
0.992089 1.56225 -0.0756699 
0.991404 1.57215 -0.0774233 
0.812374 1.56437 0.142417 
0.813549 1.57594 0.139223 
0.692645 1.57305 -0.102812 
1.05026 1.56692 -0.00823155 
1.05021 1.57637 -0.00946251 
0.712827 1.57144 0.118081 
0.785048 1.57059 -0.134615 
1.01496 1.56615 0.0639905 
1.01555 1.57586 0.0624299 
0.654276 1.5732 0.0549209 
0.894594 1.57213 -0.124481 
0.916194 1.56478 0.121074 
0.917227 1.5753 0.118639 
0.650098 1.57251 -0.0355852 
0.997989 1.56938 -0.0727907 
0.997378 1.57924 -0.0744999 
0.804699 1.56276 0.142743 
0.805864 1.57442 0.139498 
0.69838 1.56331 -0.103376 
0.697438 1.5764 -0.107327 
1.05111 1.56983 -0.00350413 
1.05112 1.57927 -0.00472796 
0.707222 1.57425 0.114446 
0.792128 1.57103 -0.135692 
1.00939 1.56273 0.0689942 
1.01 1.57248 0.0673776 
0.65207 1.5632 0.0523668 
0.652517 1.57702 0.0480586 
0.902697 1.56524 -0.120383 
0.90167 1.57591 -0.12291 
0.90907 1.56716 0.123482 
0.910138 1.57774 0.120991 
0.651724 1.56264 -0.0384208 
0.65133 1.57648 -0.0427317 
1.00405 1.56722 -0.0683105 
1.00346 1.57702 -0.069962 
0.797442 1.56244 0.142442 
0.798603 1.57418 0.139149 
0.703285 1.56713 -0.107704 
1.05139 1.56409 0.00223414 
1.05142 1.57353 0.00101255 
0.701071 1.56481 0.114338 
0.702058 1.57783 0.1104 
0.799159 1.57144 -0.13648 
1.00425 1.57007 0.0720152 
0.650675 1.56735 0.0453358 
0.909628 1.56872 -0.118544 
0.908643 1.57932 -0.121018 
0.902054 1.57053 0.125379 
0.653252 1.56683 -0.0454578 
1.00976 1.5648 -0.0637216 
1.0092 1.57456 -0.0653179 
0.790345 1.5627 0.1417 
0.791504 1.57453 0.138361 
0.708473 1.57071 -0.111709 
1.05112 1.5677 0.0067795 
1.05121 1.57714 0.00555544 
0.69616 1.56843 0.110025 
0.806399 1.57113 -0.136797 
0.99811 1.56773 0.0766043 
0.998819 1.57757 0.0748907 
0.649543 1.57117 0.0381934 
0.916723 1.57106 -0.116149 
0.893797 1.56337 0.129618 
0.894877 1.57409 0.127004 
0.655127 1.57056 -0.052302 
1.01477 1.57096 -0.0603109 
0.783153 1.56287 0.140703 
0.784307 1.57479 0.137317 
0.71413 1.5734 -0.115286 
1.0503 1.57033 0.0115878 
0.691334 1.57152 0.105508 
0.8141 1.56943 -0.136464 
0.991395 1.56462 0.081406 
0.992123 1.57451 0.079627 
0.648622 1.57403 0.031003 
0.924218 1.57155 -0.11299 
0.886175 1.56639 0.131233 
0.88729 1.57718 0.128561 
0.657438 1.57323 -0.0588848 
1.02029 1.56545 -0.0547338 
1.01981 1.57513 -0.0562347 
0.775655 1.56235 0.139606 
0.776798 1.57436 0.13617 
0.720415 1.57471 -0.118353 
1.04885 1.57129 0.0168458 
0.686479 1.57355 0.100862 
0.822464 1.56582 -0.135334 
0.821329 1.5773 -0.138445 
0.9847 1.57005 0.0847846 
0.647887 1.57545 0.0238119 
0.932273 1.56968 -0.10894 
0.877982 1.56849 0.132911 
0.879125 1.57936 0.130179 
0.660267 1.5745 -0.0651522 
1.02532 1.56716 -0.0499129 
1.02489 1.5768 -0.0513696 
0.768851 1.57286 0.135029 
0.727426 1.57435 -0.120872 
1.04669 1.57023 0.0226505 
0.681558 1.57421 0.0961207 
0.830433 1.57143 -0.136384 
0.976497 1.5639 0.0904862 
0.977293 1.57391 0.0885717 
0.647342 1.57527 0.0166466 
0.940936 1.56535 -0.104008 
0.940036 1.57567 -0.106217 
0.869181 1.56958 0.134669 
0.663664 1.57431 -0.0710761 
1.03031 1.56632 -0.0443141 
1.02994 1.57592 -0.0457241 
0.760469 1.5702 0.133932 
0.735149 1.57239 -0.122875 
1.04377 1.56729 0.0289705 
1.04405 1.57679 0.0276786 
0.676631 1.57353 0.0912742 
0.840266 1.56351 -0.133484 
0.839127 1.57479 -0.136471 
0.968395 1.56632 0.0947104 
0.969242 1.5764 0.0927265 
0.647008 1.57366 0.00951242 
0.949201 1.56913 -0.100489 
0.948357 1.57939 -0.102631 
0.859897 1.56998 0.136386 
0.667622 1.57299 -0.0766627 
1.03511 1.56338 -0.0380946 
1.03478 1.57295 -0.0394581 
0.751801 1.56665 0.132843 
0.752935 1.57896 0.12925 
0.743443 1.56925 -0.124466 
1.04009 1.56315 0.0356301 
1.04042 1.57267 0.0343007 
0.67184 1.57188 0.0862726 
0.84945 1.56521 -0.132816 
0.848331 1.5764 -0.13574 
0.959872 1.56805 0.0991074 
0.960766 1.57819 0.0970498 
0.646914 1.57122 0.00239721 
0.957764 1.57144 -0.0964116 
0.85041 1.57039 0.13783 
0.672055 1.57115 -0.0819527 
1.03919 1.56882 -0.0328579 
1.03894 1.57836 -0.0341893 
0.743116 1.56278 0.131651 
0.744209 1.57522 0.128001 
0.752049 1.56561 -0.125795 
0.750968 1.57795 -0.129375 
1.03614 1.56844 0.0409593 
1.03654 1.57799 0.0395982 
0.667366 1.56992 0.0810449 
0.858817 1.56597 -0.131575 
0.857714 1.57706 -0.134432 
0.951263 1.57009 0.103345 
0.647069 1.56874 -0.00472044 
0.96708 1.56324 -0.0901661 
0.966277 1.57335 -0.0921446 
0.841083 1.5717 0.138715 
0.676807 1.56957 -0.0870115 
1.043 1.56473 -0.0262639 
1.04278 1.57424 -0.0275578 
0.735778 1.57191 0.126495 
0.760656 1.56223 -0.127015 
0.759538 1.57445 -0.130538 
1.03143 1.56527 0.0473129 
1.03187 1.57485 0.0459045 
0.66337 1.56843 0.0755228 
0.868007 1.56665 -0.13004 
0.866921 1.57765 -0.132831 
0.941988 1.56322 0.109266 
0.942923 1.57352 0.107046 
0.647462 1.56706 -0.0118618 
0.975158 1.56583 -0.0861121 
0.974408 1.57587 -0.088022 
0.831096 1.56336 0.141855 
0.832258 1.57471 0.138788 
0.681701 1.56892 -0.091909 
1.04589 1.57124 -0.0212406 
0.727913 1.56975 0.124579 
0.767844 1.57182 -0.131704 
1.02649 1.56413 0.0530667 
1.02697 1.57375 0.0516109 
0.659943 1.56805 0.0696618 
0.876737 1.56796 -0.128443 
0.875673 1.57888 -0.13117 
0.934137 1.56881 0.112184 
0.935137 1.57917 0.109903 
0.648065 1.56677 -0.0190384 
0.982623 1.56975 -0.0824058 
0.822967 1.56852 0.141017 
0.686591 1.5696 -0.0966958 
1.04824 1.57009 -0.0154232 
0.720769 1.56917 0.122145 
0.77573 1.57034 -0.132914 
1.0215 1.56553 0.0580491 
1.02203 1.57519 0.0565484 
0.657098 1.56913 0.0634525 
0.88487 1.57027 -0.12691 
0.925961 1.56656 0.11644 
0.926975 1.57699 0.114087 
0.648854 1.5681 -0.0262451 
0.990078 1.56531 -0.0773226 
0.9894 1.57523 -0.0790981 
0.81446 1.56452 0.142361 
0.815636 1.57606 0.139181 
0.691415 1.57165 -0.101385 
1.0499 1.57094 -0.0101471 
0.714365 1.57025 0.119158 
0.783182 1.56996 -0.134134 
1.01655 1.56943 0.0622406 
1.01715 1.57912 0.0606991 
0.654786 1.57164 0.0569208 
0.893501 1.56274 -0.122839 
0.892436 1.57349 -0.125436 
0.918358 1.56668 0.119793 
0.919396 1.57718 0.117377 
0.649823 1.57088 -0.0334559 
0.996815 1.5623 -0.0726598 
0.996157 1.57216 -0.0743706 
0.806635 1.56246 0.142885 
0.807798 1.5741 0.139654 
0.696202 1.57479 -0.105947 
1.05095 1.56406 -0.00409933 
1.05093 1.5735 -0.0053239 
0.708612 1.57276 0.115651 
0.790315 1.5703 -0.135261 
1.01102 1.56562 0.0673546 
1.01163 1.57536 0.0657568 
0.652924 1.57526 0.0501197 
0.900615 1.56654 -0.121358 
0.899592 1.57722 -0.123902 
0.911168 1.56869 0.122364 
0.912241 1.57925 0.11989 
0.650995 1.57468 -0.0406243 
1.00234 1.5699 -0.069862 
0.800449 1.57357 0.139456 
0.702009 1.56546 -0.106384 
0.701062 1.5785 -0.11031 
1.05138 1.56763 0.000449727 
1.05141 1.57707 -0.000771765 
0.702367 1.56319 0.115635 
0.703349 1.5762 0.111706 
0.797335 1.57079 -0.136146 
1.00531 1.563 0.072094 
1.00595 1.57279 0.0704401 
0.650998 1.56556 0.0474356 
0.651423 1.5794 0.043118 
0.907557 1.57017 -0.119616 
0.904159 1.57188 0.124361 
0.652838 1.56505 -0.043387 
0.65242 1.57887 -0.047688 
1.00814 1.56764 -0.0653159 
1.00758 1.57741 -0.0669306 
0.793333 1.57383 0.138768 
0.707103 1.56917 -0.110488 
1.05128 1.57136 0.0049624 
0.697406 1.56684 0.111394 
0.804494 1.57074 -0.136609 
0.999941 1.57053 0.0750031 
0.649804 1.56953 0.0403166 
0.9156 1.56233 -0.114959 
0.914591 1.57288 -0.11738 
0.895974 1.56478 0.128621 
0.897059 1.57548 0.126024 
0.654613 1.56896 -0.0502903 
1.01372 1.56445 -0.0604718 
1.01319 1.57419 -0.0620314 
0.785035 1.56228 0.141151 
0.786187 1.57418 0.137778 
