1.05131 0.783892 -0.0809765 
1.0478 0.792607 -0.0789627 
1.15705 0.781696 0.159121 
1.15473 0.79011 0.159353 
0.703704 0.782403 0.330253 
1.13042 0.777441 -0.172175 
1.12837 0.785707 -0.169232 
1.12627 0.793986 -0.166323 
1.03975 0.782502 0.297048 
1.03725 0.791766 0.295957 
0.744488 0.777813 0.237252 
0.739829 0.789027 0.234246 
1.18348 0.783304 -0.183068 
1.182 0.791313 -0.180227 
0.913993 0.781569 0.387489 
0.911339 0.791849 0.385268 
0.82204 0.78664 0.134018 
1.22598 0.780002 -0.134524 
1.22452 0.787834 -0.132121 
0.806409 0.776755 0.416471 
0.803398 0.788001 0.413474 
0.935808 0.78204 0.0363654 
0.931026 0.791447 0.0362109 
1.22544 0.780813 -0.00801307 
1.22352 0.788732 -0.0064966 
0.727922 0.782756 0.39662 
1.04849 0.776905 -0.0758662 
1.04493 0.785634 -0.0738905 
1.16208 0.784329 0.150146 
1.15979 0.792709 0.150444 
0.701071 0.787847 0.333573 
1.12523 0.784024 -0.167016 
1.12308 0.792319 -0.164114 
1.04704 0.782175 0.290398 
1.04455 0.791384 0.28938 
0.739298 0.781721 0.241909 
0.734676 0.793009 0.238839 
1.18155 0.778266 -0.185866 
1.18008 0.786283 -0.182994 
0.919764 0.786401 0.382896 
0.820766 0.777813 0.141468 
0.815789 0.788117 0.139435 
1.22447 0.778979 -0.139627 
1.22303 0.786814 -0.137185 
0.809072 0.787565 0.413366 
0.928893 0.78226 0.0423021 
0.924072 0.791712 0.0420189 
1.22638 0.783291 -0.0162225 
1.22449 0.791201 -0.0146545 
0.732484 0.778848 0.399876 
0.729048 0.790776 0.396381 
1.04211 0.778524 -0.0687226 
1.03845 0.787291 -0.0668605 
1.16919 0.778733 0.14076 
1.16691 0.787061 0.141157 
0.702662 0.781482 0.340299 
0.698629 0.793494 0.336707 
1.12212 0.782036 -0.164597 
1.11992 0.790347 -0.161704 
1.05423 0.782124 0.283558 
1.05174 0.791279 0.282612 
0.734241 0.78582 0.246453 
1.17819 0.780947 -0.185671 
1.17669 0.78898 -0.182791 
0.928157 0.781372 0.380138 
0.925526 0.79153 0.378033 
0.814597 0.779292 0.14697 
0.809635 0.789659 0.14485 
1.22288 0.777614 -0.144547 
1.22145 0.785454 -0.142067 
1.21999 0.793305 -0.139611 
0.81481 0.787251 0.41309 
0.922001 0.782413 0.0481766 
0.917148 0.79191 0.047767 
1.22904 0.777777 -0.0259932 
1.22719 0.785664 -0.0243414 
1.22532 0.793566 -0.022722 
0.733707 0.786964 0.399503 
1.03561 0.780085 -0.0616414 
1.03185 0.788891 -0.0598971 
1.17377 0.781601 0.131707 
1.1715 0.789899 0.132168 
0.700363 0.7873 0.343271 
1.11904 0.779732 -0.161963 
1.11679 0.788058 -0.159081 
1.0613 0.782348 0.276528 
1.05883 0.79145 0.275655 
0.733906 0.778726 0.254027 
0.729327 0.790097 0.250892 
1.17483 0.783338 -0.185349 
1.1733 0.791387 -0.182463 
0.936515 0.776741 0.37701 
0.933876 0.786825 0.374983 
0.808517 0.780839 0.152467 
0.803572 0.791269 0.150262 
1.21979 0.783769 -0.146779 
1.21835 0.791625 -0.144285 
0.820605 0.787073 0.412645 
0.915129 0.782528 0.0539914 
0.910245 0.792071 0.0534576 
1.22969 0.780059 -0.0340617 
1.22786 0.787939 -0.0323592 
0.738434 0.78332 0.402446 
1.029 0.781609 -0.0546312 
1.02514 0.790455 -0.0530091 
1.1781 0.784575 0.122669 
1.17586 0.792843 0.123193 
0.702232 0.781311 0.349639 
0.698272 0.793365 0.346022 
1.11598 0.7771 -0.159103 
1.11368 0.785442 -0.156232 
1.11133 0.793799 -0.153401 
1.06827 0.782846 0.26931 
1.0658 0.791896 0.26851 
0.729103 0.783096 0.258427 
1.173 0.777381 -0.187822 
1.17148 0.785437 -0.184905 
1.16991 0.793503 -0.182013 
0.94219 0.782502 0.371576 
0.939585 0.792543 0.369587 
0.802518 0.782461 0.157954 
0.797592 0.792956 0.155668 
1.21806 0.781783 -0.151333 
1.21664 0.789643 -0.148803 
0.826448 0.787054 0.412021 
0.908269 0.782637 0.059749 
0.903359 0.792227 0.0590932 
1.23021 0.782246 -0.0420149 
1.2284 0.790119 -0.040262 
0.743216 0.779876 0.4052 
0.739874 0.791714 0.40177 
1.02227 0.783113 -0.0476997 
1.01833 0.791999 -0.0462038 
1.1844 0.779427 0.113041 
1.18217 0.78765 0.11366 
0.700303 0.787585 0.352194 
1.1106 0.782485 -0.153151 
1.10819 0.790858 -0.150336 
1.07512 0.78361 0.261908 
1.07266 0.79261 0.26118 
0.724456 0.787615 0.262735 
1.1697 0.779174 -0.187265 
1.16814 0.787247 -0.184342 
0.950466 0.778545 0.36783 
0.947855 0.788514 0.365918 
0.796592 0.784171 0.163428 
1.21627 0.779519 -0.155741 
1.21486 0.787385 -0.153175 
0.832329 0.787223 0.411207 
0.901418 0.782772 0.0654521 
0.896485 0.792409 0.0646762 
1.23058 0.784334 -0.0498362 
1.2288 0.7922 -0.0480334 
0.744714 0.788447 0.40437 
1.01544 0.784602 -0.0408542 
1.0114 0.793529 -0.0394881 
1.18819 0.782615 0.104015 
1.18599 0.790812 0.104695 
0.702492 0.78203 0.35814 
0.69861 0.794117 0.354503 
1.10755 0.779174 -0.149837 
1.10509 0.787562 -0.147039 
1.08186 0.784622 0.25433 
1.07942 0.793574 0.253672 
0.72446 0.780739 0.270212 
0.719972 0.792264 0.266959 
1.1664 0.78068 -0.186594 
1.1648 0.788768 -0.183666 
0.956086 0.78483 0.361926 
0.790731 0.785981 0.16888 
1.21442 0.776999 -0.160014 
1.21303 0.784871 -0.157411 
1.2116 0.792753 -0.154832 
0.841117 0.776683 0.412946 
0.83824 0.787607 0.410191 
0.894577 0.782955 0.0711032 
0.889624 0.792642 0.0702093 
1.23255 0.778463 -0.0593907 
1.23081 0.78631 -0.057508 
0.749597 0.785421 0.406766 
1.0126 0.777129 -0.0354262 
1.00852 0.786068 -0.0341015 
1.19391 0.777707 0.0942751 
1.19173 0.785863 0.0950481 
1.18955 0.794036 0.0957861 
0.704855 0.776691 0.36385 
0.70099 0.788761 0.360234 
1.10203 0.783895 -0.143514 
1.09946 0.792316 -0.14078 
1.09096 0.776973 0.247136 
1.0885 0.785853 0.246584 
0.720103 0.785418 0.274417 
1.16311 0.781898 -0.185817 
1.16148 0.790003 -0.182885 
0.964275 0.781469 0.357633 
0.961694 0.791327 0.355836 
0.789815 0.777262 0.176752 
0.78493 0.7879 0.174304 
1.21115 0.782121 -0.161524 
1.20973 0.790009 -0.158908 
0.847029 0.777362 0.411673 
0.844176 0.788232 0.408958 
0.887748 0.783208 0.0767054 
0.882779 0.792943 0.0756956 
1.23261 0.780313 -0.0669436 
1.2309 0.788156 -0.0650126 
0.754521 0.782643 0.408951 
1.00569 0.778515 -0.0286392 
1.00153 0.787496 -0.0274474 
1.19717 0.781003 0.0853215 
1.19501 0.789136 0.0861517 
0.703558 0.7836 0.365728 
1.09901 0.779844 -0.13977 
1.09639 0.78828 -0.137059 
1.09748 0.778434 0.239166 
1.09504 0.787268 0.238685 
0.720357 0.77857 0.281861 
0.715923 0.79017 0.278554 
1.15983 0.782831 -0.184941 
1.15816 0.790952 -0.182005 
0.97242 0.778404 0.353059 
0.969835 0.788192 0.351338 
0.784048 0.779234 0.182214 
0.779187 0.789938 0.179691 
1.20922 0.779149 -0.165522 
1.20783 0.787044 -0.162872 
0.852956 0.778307 0.410169 
0.850128 0.789124 0.407494 
0.880939 0.783543 0.0822623 
0.875956 0.79333 0.0811388 
1.23253 0.782008 -0.074312 
1.23084 0.789847 -0.0723334 
0.75949 0.780115 0.410921 
0.756261 0.791807 0.407594 
0.998724 0.779843 -0.021952 
0.994477 0.788865 -0.0208954 
1.20017 0.784288 0.0764489 
1.19803 0.792401 0.0773355 
0.706327 0.778606 0.370984 
0.702542 0.790695 0.367357 
1.09337 0.783851 -0.133134 
1.09064 0.792321 -0.130495 
1.10391 0.780042 0.231056 
1.10147 0.788831 0.230645 
0.716313 0.783302 0.28599 
1.15657 0.783484 -0.183972 
1.15486 0.791621 -0.181033 
0.977929 0.785334 0.346579 
0.778333 0.781337 0.187627 
0.773497 0.79211 0.18503 
1.20589 0.783873 -0.166729 
1.20447 0.791784 -0.164067 
0.858895 0.779545 0.408419 
0.856092 0.790309 0.405784 
0.874156 0.783975 0.0877783 
0.869163 0.793813 0.0865434 
1.2323 0.783524 -0.0814809 
1.23064 0.79136 -0.0794555 
0.764508 0.777837 0.412671 
0.761296 0.789479 0.409385 
0.991719 0.781092 -0.0153655 
0.987395 0.790157 -0.0144456 
1.20505 0.779455 0.0666862 
1.20293 0.787531 0.0676631 
0.705536 0.785822 0.372406 
1.09042 0.779031 -0.129019 
1.08763 0.787516 -0.126406 
1.11023 0.781769 0.22282 
1.10781 0.790514 0.22248 
0.712448 0.78807 0.290057 
1.15332 0.783866 -0.182913 
1.15157 0.792019 -0.179971 
0.98597 0.782738 0.341576 
0.983419 0.792422 0.339973 
0.772666 0.783591 0.19298 
1.20392 0.780513 -0.170487 
1.20252 0.788431 -0.167791 
0.864837 0.781104 0.406408 
0.862061 0.791817 0.403813 
0.867403 0.784516 0.0932585 
1.23354 0.77702 -0.0905368 
1.23192 0.784841 -0.0884371 
1.23028 0.792675 -0.0863656 
0.766384 0.7874 0.410953 
0.98469 0.782247 -0.00887715 
0.980293 0.791354 -0.00809499 
1.20755 0.782653 0.0579351 
1.20546 0.790713 0.0589666 
0.708739 0.781075 0.377225 
0.705035 0.79317 0.373594 
1.08468 0.782334 -0.122139 
1.08178 0.790854 -0.119607 
1.11644 0.783597 0.21447 
1.11404 0.792298 0.214201 
0.713091 0.781135 0.297469 
0.708761 0.792874 0.294062 
1.15009 0.783991 -0.181761 
1.1483 0.79216 -0.178817 
0.993951 0.780404 0.336343 
0.991398 0.790022 0.334815 
0.767043 0.786019 0.198261 
1.20193 0.776979 -0.174148 
1.20054 0.784904 -0.171418 
1.19911 0.792838 -0.16871 
0.870776 0.783018 0.40412 
0.868028 0.793679 0.401563 
0.860684 0.78518 0.0987081 
1.23299 0.778125 -0.0973136 
1.23139 0.785946 -0.0951693 
1.22978 0.793778 -0.0930526 
0.77153 0.785573 0.412296 
0.977648 0.783298 -0.00248171 
0.973182 0.792448 -0.00183775 
1.21191 0.777752 0.0481532 
1.20983 0.785778 0.0492734 
1.20776 0.793822 0.0503591 
0.708459 0.788512 0.37822 
1.0818 0.7768 -0.117706 
1.07884 0.785334 -0.115203 
1.07583 0.793888 -0.112756 
1.12495 0.776883 0.206181 
1.12254 0.785519 0.206016 
0.709526 0.78592 0.301454 
1.14688 0.783873 -0.180507 
1.14505 0.792058 -0.177561 
1.00186 0.778338 0.330888 
0.999309 0.787891 0.329436 
0.766243 0.777725 0.206202 
0.761461 0.788647 0.203459 
1.19855 0.781213 -0.174947 
1.19713 0.789154 -0.172206 
0.876707 0.785315 0.401538 
0.854 0.785979 0.104132 
1.23228 0.779003 -0.103857 
1.23071 0.786823 -0.101669 
0.776737 0.783998 0.413414 
0.9706 0.784241 0.00382738 
0.966071 0.793433 0.00433316 
1.21396 0.780814 0.0395256 
1.21191 0.788825 0.0406992 
0.712078 0.783967 0.382627 
1.07597 0.779492 -0.11064 
1.0729 0.788061 -0.108226 
1.13091 0.778943 0.197564 
1.12852 0.787539 0.19747 
0.710394 0.778972 0.308807 
0.706125 0.790775 0.305358 
1.14368 0.783525 -0.17914 
1.14181 0.791726 -0.176193 
1.00714 0.786041 0.323843 
0.760673 0.780508 0.211372 
0.75592 0.791501 0.20856 
1.19654 0.777363 -0.178376 
1.19514 0.785311 -0.175602 
1.1937 0.793269 -0.17285 
0.885364 0.777495 0.401086 
0.882626 0.788021 0.398651 
0.852371 0.776907 0.111104 
0.847357 0.78692 0.109536 
1.23143 0.779639 -0.11016 
1.22988 0.78746 -0.107929 
0.782009 0.782669 0.414308 
0.963552 0.785072 0.0100566 
1.2158 0.783796 0.0309829 
1.21378 0.791794 0.0322095 
0.71588 0.779538 0.386822 
0.712274 0.791592 0.383229 
1.07002 0.781946 -0.103545 
1.06685 0.79055 -0.101224 
1.13673 0.781104 0.188865 
1.13436 0.78966 0.188839 
0.707104 0.783858 0.312663 
1.1405 0.782951 -0.177644 
1.13859 0.791167 -0.174698 
1.01489 0.78448 0.31804 
1.01237 0.793937 0.316705 
0.755149 0.783531 0.216436 
1.19314 0.781299 -0.178896 
1.19171 0.789264 -0.176112 
0.891236 0.780667 0.397848 
0.888528 0.791144 0.395451 
0.845773 0.777931 0.116594 
0.840762 0.788001 0.114924 
1.23043 0.780013 -0.116223 
1.22891 0.787835 -0.11395 
0.787349 0.781572 0.414986 
0.784282 0.793005 0.411842 
0.956511 0.785789 0.0162112 
1.21947 0.778727 0.0212089 
1.21747 0.786695 0.0225223 
0.716262 0.787241 0.387253 
1.06397 0.784193 -0.0964376 
1.06068 0.792834 -0.0942148 
1.1424 0.783369 0.180094 
1.14005 0.791887 0.180137 
0.70818 0.776999 0.319895 
0.703975 0.788861 0.316407 
1.13733 0.782146 -0.176005 
1.13537 0.790379 -0.173061 
1.02253 0.783213 0.312033 
1.02002 0.792609 0.310773 
0.749684 0.786802 0.221385 
1.19114 0.777098 -0.182088 
1.18972 0.78507 -0.179272 
1.18826 0.793052 -0.176478 
0.89709 0.78425 0.394296 
0.839233 0.779083 0.12207 
0.834228 0.789211 0.120301 
1.2293 0.780101 -0.122047 
1.22779 0.787924 -0.119733 
0.792761 0.780683 0.415455 
0.789714 0.792063 0.412351 
0.954151 0.777101 0.0220943 
0.949483 0.78639 0.022295 
1.22093 0.781549 0.0127758 
1.21896 0.789506 0.0141414 
0.720406 0.782999 0.391081 
1.06114 0.777608 -0.0915217 
1.0578 0.786263 -0.0893348 
1.15025 0.777279 0.171117 
1.1479 0.785738 0.171263 
0.705163 0.782081 0.323557 
0.701009 0.794003 0.320024 
1.13417 0.781098 -0.174208 
1.13218 0.789346 -0.171266 
1.03008 0.782237 0.305827 
1.02757 0.791574 0.30464 
0.748982 0.779166 0.229167 
0.744295 0.790316 0.226215 
1.18773 0.780658 -0.18233 
1.18629 0.788647 -0.179505 
0.905619 0.777876 0.392713 
0.90293 0.788225 0.390433 
0.832764 0.780346 0.127536 
0.827768 0.790534 0.125672 
1.22804 0.779876 -0.127642 
1.22655 0.787702 -0.125288 
0.798247 0.779971 0.415729 
0.79522 0.791298 0.412665 
0.947193 0.777543 0.0282435 
0.942477 0.786876 0.0283108 
1.22224 0.784272 0.00442143 
1.22028 0.792219 0.00583907 
0.724691 0.778863 0.394721 
0.721181 0.790853 0.391179 
1.05496 0.779493 -0.0843369 
1.05152 0.788185 -0.0822548 
1.15555 0.779785 0.162173 
1.15323 0.788209 0.162386 
0.702317 0.78732 0.327074 
1.13104 0.779787 -0.172239 
1.129 0.78805 -0.169302 
1.03752 0.781545 0.299425 
1.03502 0.790826 0.298312 
0.743655 0.782835 0.233945 
0.739003 0.79406 0.230927 
1.18433 0.783991 -0.182433 
1.18285 0.791996 -0.179599 
0.911412 0.78226 0.388512 
0.908756 0.792562 0.386269 
0.82638 0.7817 0.132996 
0.821394 0.791949 0.131039 
1.22666 0.779318 -0.133019 
1.22519 0.787147 -0.130626 
0.803808 0.779408 0.415821 
0.800802 0.790682 0.412797 
0.940259 0.777874 0.0343248 
0.935498 0.78725 0.0342605 
1.22531 0.778969 -0.00535667 
1.22339 0.78689 -0.0038539 
0.725606 0.78678 0.394679 
1.04867 0.781256 -0.077187 
1.04512 0.789986 -0.0752145 
1.16066 0.78239 0.153197 
1.15836 0.790779 0.153477 
0.703735 0.780759 0.333995 
0.69965 0.792733 0.330429 
1.12793 0.778194 -0.170085 
1.12584 0.786473 -0.167153 
1.04485 0.781132 0.292831 
1.04236 0.790357 0.291792 
0.738442 0.786716 0.238605 
1.18239 0.779055 -0.185266 
1.18092 0.787068 -0.182401 
0.919861 0.776751 0.386187 
0.917194 0.786975 0.384022 
0.820089 0.783128 0.138453 
0.815117 0.79344 0.136405 
1.22518 0.778415 -0.138193 
1.22373 0.786248 -0.135761 
1.22225 0.794091 -0.133353 
0.809441 0.778973 0.415739 
0.806456 0.790194 0.412756 
0.93335 0.778105 0.0403399 
0.92855 0.787526 0.0401461 
1.2263 0.781488 -0.0136017 
1.2244 0.789399 -0.0120474 
0.730138 0.782821 0.398003 
1.04227 0.782924 -0.0700868 
1.03862 0.791692 -0.0682284 
1.16785 0.776757 0.143824 
1.16555 0.785093 0.144204 
1.16327 0.79345 0.144549 
0.701202 0.786311 0.337213 
1.12271 0.784596 -0.164807 
1.12052 0.792905 -0.161919 
1.05208 0.780995 0.286046 
1.04958 0.790165 0.28508 
0.737971 0.779486 0.246236 
0.733359 0.790794 0.243151 
1.17902 0.781839 -0.185112 
1.17752 0.789868 -0.18224 
0.925599 0.781816 0.381385 
0.922966 0.791997 0.379259 
0.813895 0.784622 0.143907 
1.22361 0.777167 -0.143178 
1.22218 0.785004 -0.140708 
1.22072 0.792852 -0.138262 
0.815141 0.778659 0.415489 
0.812178 0.789826 0.412546 
0.926466 0.77826 0.046291 
0.92163 0.787725 0.0459699 
1.22715 0.783899 -0.021759 
1.22528 0.791802 -0.0201533 
0.734759 0.778995 0.401153 
0.731344 0.790904 0.397672 
1.03576 0.784524 -0.063048 
1.03201 0.793332 -0.061308 
1.1725 0.779594 0.134762 
1.17023 0.787899 0.135205 
0.702878 0.780061 0.343828 
0.698864 0.792081 0.340234 
1.1196 0.782407 -0.16225 
1.11736 0.790731 -0.159372 
1.05919 0.781132 0.279072 
1.0567 0.790249 0.278179 
0.73299 0.783672 0.250738 
1.17565 0.784335 -0.184831 
1.17412 0.79238 -0.181953 
0.93397 0.777061 0.378373 
0.931328 0.787167 0.376324 
0.807793 0.786181 0.149357 
1.22055 0.78343 -0.145481 
1.2191 0.791282 -0.142998 
0.820901 0.778476 0.41507 
0.817959 0.789589 0.412168 
0.919602 0.778365 0.0521807 
0.914733 0.787876 0.0517343 
1.22971 0.778329 -0.0315082 
1.22787 0.786209 -0.0298192 
1.22602 0.794105 -0.0281622 
0.736052 0.787191 0.400686 
1.03292 0.777262 -0.05778 
1.02913 0.786082 -0.0560799 
1.17691 0.782536 0.125709 
1.17466 0.790812 0.126216 
0.700689 0.786018 0.346674 
1.11652 0.779893 -0.15947 
1.11423 0.788233 -0.156604 
