0.826864 1.5708 0.00824829 
0.826883 1.57272 0.00774803 
0.826904 1.57464 0.00724783 
0.826927 1.57656 0.00674767 
0.826952 1.57849 0.00624757 
0.834255 1.56856 -0.00498876 
0.841934 1.57299 0.00755584 
0.822657 1.56243 0.00272733 
0.822651 1.57401 -0.000305765 
0.845164 1.56374 0.000491228 
0.845151 1.57507 -0.00237152 
0.829237 1.56311 0.0111853 
0.829311 1.57462 0.0082011 
0.831459 1.56611 -0.00413137 
0.831425 1.57759 -0.00709789 
0.843887 1.5623 0.00895122 
0.843936 1.57365 0.00607817 
0.822373 1.5685 0.00296363 
0.843591 1.56483 -0.0012964 
0.843572 1.57618 -0.00417105 
0.831969 1.57153 0.0095536 
0.828837 1.56283 -0.0026347 
0.828788 1.57434 -0.00562102 
0.845364 1.56352 0.00707244 
0.845407 1.57485 0.0042108 
0.822758 1.56301 0.00621471 
0.822787 1.57459 0.00318217 
0.841504 1.56535 -0.00266645 
0.841477 1.57672 -0.00555692 
0.834776 1.56927 0.0102593 
0.826468 1.57034 -0.00355628 
0.84622 1.56509 0.00493988 
0.846257 1.57641 0.00208494 
0.823795 1.56931 0.0062637 
0.839026 1.56516 -0.00351344 
0.83899 1.57656 -0.0064227 
0.837575 1.56788 0.0103099 
0.837682 1.5793 0.00738895 
0.824592 1.5657 -0.000990842 
0.824582 1.57726 -0.00400921 
0.846404 1.5668 0.00269805 
0.846436 1.57813 -0.000155331 
0.825391 1.56442 0.00902468 
0.825457 1.57598 0.00601177 
0.8363 1.56416 -0.00375956 
0.836253 1.5756 -0.00668947 
0.840207 1.56733 0.00973379 
0.840305 1.57872 0.00683287 
0.823233 1.57216 -0.00107014 
0.845905 1.56847 0.000496742 
0.827538 1.57164 0.00833881 
0.83348 1.56231 -0.00335975 
0.833421 1.57377 -0.00631097 
0.842522 1.56753 0.00859439 
0.842612 1.5789 0.00571114 
0.8225 1.56675 0.00211726 
0.822525 1.57833 -0.000916955 
0.844754 1.56987 -0.00151632 
0.830008 1.568 0.0101174 
0.830114 1.5795 0.00713927 
0.830652 1.5711 -0.00527699 
0.844386 1.56838 0.00698523 
0.822429 1.5728 0.00236324 
0.843019 1.57082 -0.00320274 
0.832732 1.56516 0.0112769 
0.832824 1.57663 0.0083192 
0.8281 1.5676 -0.00361466 
0.828083 1.57913 -0.00660653 
0.845689 1.56971 0.00502444 
0.822992 1.56735 0.00558148 
0.823053 1.57893 0.00255081 
0.840802 1.57116 -0.00444063 
0.835558 1.56317 0.011783 
0.835638 1.57461 0.00884657 
0.825904 1.56339 -0.00138749 
0.825871 1.57494 -0.00439597 
0.846352 1.57133 0.00284797 
0.824185 1.56217 0.00858104 
0.824228 1.57374 0.00555906 
0.838232 1.57076 -0.00513134 
0.8384 1.57345 0.00872308 
0.824133 1.57016 -0.0017137 
0.846337 1.57306 0.00060243 
0.825969 1.56899 0.00820954 
0.835457 1.56954 -0.00520547 
0.840951 1.5731 0.00798705 
0.822964 1.56494 0.00131627 
0.822967 1.57652 -0.00171444 
0.845652 1.56334 0.00129684 
0.845643 1.57467 -0.00156223 
0.828183 1.56486 0.01038 
0.828264 1.57638 0.00738803 
0.832633 1.56745 -0.00462745 
0.832607 1.57893 -0.00758509 
0.843093 1.56214 0.00958951 
0.843146 1.5735 0.00671036 
0.822411 1.57105 0.00151398 
0.844327 1.56462 -0.000630984 
0.844312 1.57597 -0.00350005 
0.830814 1.57294 0.00900401 
0.829919 1.56452 -0.00339834 
0.829878 1.57602 -0.0063765 
0.844808 1.56315 0.00785974 
0.844855 1.57449 0.0049938 
0.822514 1.56553 0.00479254 
0.822552 1.57711 0.00175828 
0.842445 1.56541 -0.00219303 
0.842423 1.57677 -0.00507637 
0.833577 1.57033 0.00998817 
0.827406 1.57233 -0.00455317 
0.845936 1.56459 0.0058181 
0.845977 1.57592 0.00296092 
0.823292 1.57171 0.00493203 
0.840117 1.56553 -0.00327386 
0.840086 1.57692 -0.00617485 
0.836398 1.56857 0.0103161 
0.825328 1.56794 -0.0021881 
0.825326 1.5795 -0.00520089 
0.846409 1.56627 0.00360461 
0.846445 1.57759 0.000751207 
0.824647 1.56664 0.00784648 
0.824721 1.5782 0.0048281 
0.837478 1.56489 -0.00378319 
0.837437 1.57631 -0.00670418 
0.83912 1.56767 0.0100009 
0.839223 1.57907 0.00709175 
0.823754 1.56301 0.000613742 
0.823735 1.57458 -0.00241099 
0.8462 1.56798 0.00136771 
0.84623 1.5793 -0.00148715 
0.8266 1.57361 0.00735904 
0.834678 1.5634 -0.0036615 
0.834626 1.57485 -0.00660367 
0.841587 1.56756 0.00909147 
0.841681 1.57893 0.00620108 
0.822733 1.56927 0.000688971 
0.845319 1.56952 -0.000743082 
0.82892 1.56965 0.00938159 
0.83181 1.57254 -0.00584748 
0.843658 1.56815 0.00766907 
0.843745 1.5795 0.00479454 
0.822374 1.56377 0.00394964 
0.82239 1.57536 0.00091435 
0.843822 1.57068 -0.00258452 
0.831554 1.56646 0.0108109 
0.831653 1.57795 0.00784437 
0.829148 1.56938 -0.00444683 
0.84521 1.56929 0.00584218 
0.822674 1.56985 0.00417855 
0.841795 1.5713 -0.00402684 
0.834355 1.56411 0.0115969 
0.834442 1.57556 0.00865139 
0.826784 1.56546 -0.00245003 
0.826759 1.577 -0.00545185 
0.846152 1.57082 0.00374004 
0.823605 1.56453 0.00728967 
0.823657 1.5761 0.00426344 
0.839358 1.57123 -0.00496072 
0.83717 1.56261 0.0117265 
0.837245 1.57404 0.00880227 
0.824807 1.57245 -0.00295664 
0.846428 1.57252 0.0015056 
0.825167 1.57115 0.00708253 
0.836651 1.57036 -0.00530364 
0.839904 1.57335 0.00831998 
0.823386 1.5674 -5.79417e-05 
0.823398 1.57897 -0.0030854 
0.846025 1.56288 0.00214455 
0.84602 1.57421 -0.000711719 
0.827192 1.56673 0.0094705 
0.827282 1.57826 0.00647118 
0.833828 1.56865 -0.00500517 
0.84221 1.56208 0.0101485 
0.842267 1.57345 0.0072626 
0.822568 1.5736 7.34495e-05 
0.844963 1.56433 0.000100902 
0.844952 1.57567 -0.00276336 
0.829624 1.563 0.0113208 
0.829698 1.57451 0.00833957 
0.831048 1.56607 -0.00405059 
0.831014 1.57756 -0.00702021 
0.844146 1.56285 0.00859035 
0.844196 1.5742 0.00571931 
0.822389 1.56807 0.00335032 
0.843306 1.56534 -0.00163215 
0.843288 1.5767 -0.00450896 
0.832388 1.57154 0.00959773 
0.828465 1.56267 -0.00246244 
0.828416 1.57419 -0.00545157 
0.845534 1.56413 0.00666507 
0.845578 1.57547 0.00380477 
0.822872 1.5626 0.00658493 
0.822901 1.57418 0.00355321 
0.841152 1.56577 -0.00293041 
0.841126 1.57715 -0.00582355 
0.835204 1.56941 0.0102055 
0.826155 1.57008 -0.00330595 
0.846291 1.56573 0.0045069 
0.84633 1.57706 0.00165254 
0.824001 1.56895 0.00659601 
0.838627 1.56546 -0.00369211 
0.838592 1.57687 -0.0066044 
0.837987 1.56815 0.01016 
0.824354 1.56536 -0.000675295 
0.824344 1.57693 -0.00369547 
0.846372 1.56746 0.0022616 
0.846406 1.57878 -0.000591995 
0.825677 1.56414 0.00929762 
0.825743 1.57569 0.00628683 
0.835876 1.56434 -0.00384406 
0.83583 1.57578 -0.00677717 
0.840581 1.56771 0.00949531 
0.840679 1.5791 0.00659725 
0.823082 1.57177 -0.000710098 
0.845773 1.56909 7.91015e-05 
0.82789 1.57145 0.00853796 
0.833055 1.56236 -0.00334638 
0.832997 1.57383 -0.00630081 
0.842836 1.56802 0.00827939 
0.842927 1.57938 0.00539856 
0.822445 1.56632 0.00250129 
0.822471 1.57791 -0.000533358 
0.844528 1.57044 -0.00189377 
0.830406 1.56792 0.0102279 
0.830513 1.57942 0.00725284 
0.83025 1.57102 -0.00517063 
0.844621 1.56895 0.0066099 
0.822473 1.57238 0.00274779 
0.842714 1.57131 -0.00352065 
0.833155 1.5652 0.0112915 
0.833248 1.57667 0.00833693 
0.827743 1.56742 -0.00341929 
0.827726 1.57895 -0.00641386 
0.845832 1.57033 0.00460806 
0.823133 1.56696 0.00594316 
0.823194 1.57853 0.00291351 
0.840435 1.57155 -0.00468268 
0.835983 1.56334 0.0116996 
0.836064 1.57478 0.00876635 
0.825611 1.56311 -0.00111553 
0.825577 1.57466 -0.00412622 
0.846395 1.57199 0.00241187 
0.824458 1.5734 0.00587714 
0.837824 1.57103 -0.00528521 
0.838733 1.56234 0.0114608 
0.838803 1.57374 0.00854837 
0.823919 1.5698 -0.00138371 
0.846278 1.56238 0.00302328 
0.846277 1.57371 0.000168895 
0.826276 1.56873 0.00846324 
0.835031 1.56968 -0.00526361 
0.841248 1.56214 0.0106198 
0.84131 1.57352 0.00772653 
0.822841 1.56453 0.00168604 
0.822844 1.57611 -0.00134561 
0.845491 1.56395 0.000889229 
0.845483 1.57529 -0.00197105 
0.82855 1.5647 0.0105534 
0.828632 1.57622 0.00756419 
0.832213 1.56747 -0.00458765 
0.832187 1.57895 -0.00754847 
0.843385 1.56265 0.00925424 
0.843439 1.57401 0.00637735 
0.822384 1.57063 0.00190042 
0.844076 1.56517 -0.000992253 
0.844063 1.57652 -0.00386322 
0.831222 1.5729 0.00908905 
0.829528 1.56441 -0.00326396 
0.829487 1.57592 -0.00624507 
0.845017 1.56374 0.00746972 
0.845065 1.57508 0.00460542 
0.822587 1.56511 0.00517266 
0.822625 1.57669 0.00213892 
0.842119 1.56587 -0.00248943 
0.842099 1.57724 -0.00537523 
0.834003 1.57041 0.00997612 
0.827066 1.57211 -0.00433561 
0.84605 1.56523 0.00539336 
0.846093 1.57655 0.00253709 
0.82346 1.57133 0.0052835 
0.839735 1.56589 -0.0034902 
0.839705 1.57728 -0.00639408 
0.83682 1.56878 0.0102066 
0.825056 1.56764 -0.00189812 
0.825054 1.5792 -0.00491296 
0.846422 1.56692 0.00316689 
0.846459 1.57825 0.000313619 
0.8249 1.56632 0.008147 
0.824974 1.57788 0.00513049 
0.837061 1.56512 -0.00390853 
0.837021 1.57655 -0.00683267 
0.839513 1.568 0.00979897 
0.839616 1.5794 0.00689279 
0.823565 1.56264 0.000958105 
0.823546 1.57421 -0.00206807 
0.846109 1.56862 0.000939374 
0.826926 1.57337 0.00759231 
0.834251 1.56351 -0.00368987 
0.834199 1.57496 -0.00663528 
0.841929 1.568 0.00880727 
0.842024 1.57937 0.00591951 
0.822637 1.56886 0.00106564 
0.845132 1.57012 -0.00114015 
0.829301 1.56953 0.00953107 
0.831396 1.57252 -0.00578149 
0.843928 1.56869 0.00731721 
0.822376 1.56334 0.00433673 
0.822392 1.57493 0.00130143 
0.843548 1.57121 -0.00292997 
0.831969 1.56646 0.0108669 
0.832069 1.57794 0.00790346 
0.828769 1.56925 -0.00428812 
0.845394 1.5699 0.00544076 
0.822774 1.56944 0.00455281 
0.841451 1.57174 -0.00430294 
0.834783 1.56423 0.011555 
0.834869 1.57568 0.00861275 
0.826462 1.56522 -0.00220883 
0.826437 1.57676 -0.00521309 
0.846239 1.57146 0.00330964 
0.823798 1.56416 0.00762791 
0.82385 1.57573 0.00460311 
0.838964 1.57155 -0.00515333 
0.837585 1.56286 0.0115881 
0.837661 1.57428 0.008667 
0.824557 1.57213 -0.00264997 
0.846411 1.57318 0.00106823 
0.825443 1.57085 0.00736581 
0.836229 1.57056 -0.0054031 
0.840218 1.56233 0.0109957 
0.840285 1.57372 0.0080946 
0.823223 1.56701 0.000297592 
0.823235 1.57859 -0.00273111 
0.845905 1.56352 0.00172345 
0.845901 1.57484 -0.00113371 
0.827536 1.56653 0.00967973 
0.827626 1.57806 0.00668297 
0.833402 1.56872 -0.00500696 
0.842532 1.56255 0.00984198 
0.84259 1.57392 0.00695855 
0.8225 1.57318 0.000455293 
0.844749 1.56491 -0.000282513 
0.844739 1.57625 -0.00314839 
0.830017 1.56291 0.0114427 
0.830091 1.57441 0.00846443 
0.830642 1.56601 -0.00395569 
0.830609 1.57751 -0.00692838 
0.844392 1.56341 0.00822133 
0.844444 1.57476 0.0053522 
0.82242 1.56765 0.00373607 
0.822467 1.57923 0.000701194 
0.84301 1.56585 -0.00195823 
0.842993 1.57721 -0.00483728 
0.83281 1.57156 0.00962737 
0.8281 1.5625 -0.00227739 
0.828051 1.57402 -0.00526927 
0.845689 1.56475 0.00625253 
0.845736 1.57609 0.00339345 
0.823 1.5622 0.00695068 
0.823029 1.57378 0.0039199 
0.840791 1.56617 -0.00318242 
0.840767 1.57755 -0.00607829 
0.83563 1.56957 0.0101371 
0.825851 1.56982 -0.00304481 
0.846347 1.56639 0.00407199 
0.846388 1.57771 0.00121809 
0.824219 1.5686 0.0069207 
0.838222 1.56575 -0.00385721 
0.838188 1.57716 -0.00677256 
0.838394 1.56843 0.00999645 
0.824128 1.56502 -0.00035163 
0.824118 1.57658 -0.00337352 
0.846325 1.56811 0.00182654 
0.846361 1.57943 -0.00102738 
0.825974 1.56387 0.00956015 
0.82604 1.57542 0.00655158 
0.83545 1.5645 -0.00391408 
0.835405 1.57594 -0.00685042 
0.840946 1.56811 0.00924456 
0.841046 1.57949 0.00634932 
0.822946 1.57137 -0.000345022 
0.845626 1.56972 -0.000333874 
0.82825 1.57127 0.00872459 
0.832633 1.56239 -0.00331846 
0.832574 1.57386 -0.00627608 
0.843139 1.56852 0.00795429 
0.822406 1.5659 0.00288688 
0.822431 1.57749 -0.000148097 
0.84429 1.571 -0.00226353 
0.83081 1.56786 0.0103245 
0.830917 1.57935 0.00735248 
0.829854 1.57094 -0.00505042 
0.844844 1.56953 0.00622718 
0.822532 1.57196 0.00313042 
0.842398 1.57179 -0.00382822 
0.83358 1.56527 0.0112914 
0.833673 1.57673 0.00834007 
0.827394 1.56722 -0.00321161 
0.827377 1.57875 -0.00620882 
0.84596 1.57097 0.00418736 
0.823288 1.56657 0.00629945 
0.823348 1.57814 0.00327094 
0.84006 1.57192 -0.00491227 
0.836406 1.56354 0.0116017 
0.836488 1.57497 0.00867171 
0.825328 1.56282 -0.000833507 
0.825295 1.57437 -0.00384633 
0.846422 1.57264 0.00197473 
0.8247 1.57307 0.0061868 
0.837411 1.57129 -0.00542517 
0.83913 1.56266 0.0112696 
0.839202 1.57406 0.00836022 
0.823718 1.56944 -0.00104642 
0.846201 1.56303 0.00259261 
0.846201 1.57436 -0.000262347 
0.826593 1.56849 0.00870587 
0.834604 1.56981 -0.00530718 
0.841597 1.56257 0.0103448 
0.84166 1.57395 0.00745427 
0.822732 1.56412 0.00205982 
0.822734 1.57571 -0.000972672 
0.845315 1.56456 0.000487241 
0.84531 1.57589 -0.00237435 
0.828925 1.56456 0.0107138 
0.829006 1.57607 0.00772736 
0.831796 1.56747 -0.00453342 
0.83177 1.57895 -0.00749739 
0.843665 1.56318 0.00890966 
0.843721 1.57453 0.00603494 
0.822373 1.5702 0.00228745 
0.843813 1.56571 -0.00134497 
0.843801 1.57706 -0.00421793 
0.831635 1.57287 0.00915988 
0.829143 1.56429 -0.00311612 
0.829102 1.5758 -0.00610014 
0.845213 1.56434 0.00707322 
0.845263 1.57567 0.00421044 
0.822674 1.5647 0.00554979 
0.822712 1.57628 0.00251668 
0.841784 1.56631 -0.00277478 
0.841764 1.57769 -0.00566312 
0.834431 1.57051 0.00994944 
0.826734 1.57189 -0.00410627 
0.846149 1.56587 0.00496529 
0.846194 1.57719 0.00210982 
0.823641 1.57096 0.00562871 
0.839346 1.56622 -0.00369356 
0.839318 1.57762 -0.00660039 
0.837238 1.56901 0.0100828 
0.824795 1.56732 -0.0015988 
0.824793 1.57888 -0.00461561 
0.846418 1.56758 0.00272915 
0.846457 1.5789 -0.000124108 
0.825165 1.56602 0.00843823 
0.82524 1.57757 0.0054237 
0.836642 1.56533 -0.00401968 
0.836603 1.57676 -0.006947 
0.839899 1.56835 0.009584 
0.82339 1.56226 0.0013088 
0.82337 1.57383 -0.0017187 
0.846004 1.56926 0.000514329 
0.827262 1.57315 0.00781393 
0.833824 1.56359 -0.00370363 
0.833773 1.57505 -0.00665226 
0.842261 1.56846 0.00851198 
0.822555 1.56845 0.00144538 
