1.03894 0.784452 0.0152431 
1.03527 0.793379 0.0161137 
1.0714 0.783531 0.185855 
1.0686 0.792497 0.185559 
0.828283 0.782972 0.242851 
0.824181 0.793653 0.240549 
1.11772 0.780839 -0.0277829 
1.1149 0.789316 -0.0261911 
0.954587 0.780395 0.289051 
0.951539 0.790257 0.287513 
0.901315 0.778942 0.143297 
0.896928 0.788843 0.142069 
1.14764 0.784712 0.0218121 
1.14509 0.793082 0.0230115 
0.855149 0.786451 0.311478 
1.01262 0.777577 0.0404238 
1.00869 0.786664 0.040919 
1.09957 0.782967 0.148208 
1.09683 0.791724 0.148293 
0.823174 0.778135 0.267591 
0.819198 0.788916 0.265181 
1.10045 0.780684 -0.0254014 
1.09745 0.78925 -0.0238676 
0.986536 0.784737 0.266776 
0.873604 0.78235 0.172 
0.869247 0.792506 0.170363 
1.14649 0.780351 -0.00212701 
1.14393 0.788702 -0.000714665 
0.881004 0.777897 0.314096 
0.877681 0.788345 0.311963 
0.978588 0.783707 0.0686699 
0.974441 0.793025 0.0686271 
1.12169 0.784633 0.109563 
1.11902 0.793226 0.110005 
0.823431 0.778519 0.287094 
0.819604 0.789355 0.284624 
1.08031 0.779391 -0.0155532 
1.07707 0.788067 -0.0141683 
1.02217 0.779378 0.239337 
1.01925 0.788711 0.23847 
0.853588 0.77826 0.201464 
0.849296 0.788625 0.199539 
1.13726 0.784236 -0.0169687 
1.13463 0.792625 -0.0154552 
0.907964 0.776904 0.309666 
0.904755 0.787136 0.30774 
0.949356 0.777523 0.0976789 
0.945061 0.787043 0.0971855 
1.13974 0.777744 0.0713092 
1.13713 0.786194 0.0721194 
0.829306 0.785086 0.30006 
1.05376 0.785446 0.0028067 
1.0546 0.781208 0.206156 
1.05175 0.790298 0.205655 
0.837251 0.777512 0.229279 
0.833064 0.788072 0.227114 
1.12634 0.780114 -0.0261545 
1.12361 0.788547 -0.0245608 
0.935228 0.784866 0.297453 
0.917496 0.779457 0.126732 
0.913122 0.789223 0.125746 
1.14617 0.784449 0.0381664 
1.14361 0.792841 0.0392307 
0.847267 0.776705 0.310888 
0.843729 0.78741 0.308527 
1.02725 0.782685 0.0258183 
1.02346 0.791684 0.0265247 
1.08566 0.778754 0.169744 
1.08288 0.787611 0.169636 
0.825256 0.780781 0.254064 
0.821207 0.791513 0.251707 
1.10919 0.784887 -0.0268779 
1.10628 0.793411 -0.0253262 
0.968043 0.78322 0.280027 
0.965036 0.792977 0.278609 
0.888089 0.781893 0.155649 
0.883709 0.791912 0.154224 
1.14735 0.784643 0.0107392 
1.1448 0.793005 0.0120299 
0.86502 0.785577 0.31267 
0.997094 0.782301 0.0527119 
0.993061 0.791494 0.0529603 
1.11128 0.779472 0.131241 
1.10857 0.78814 0.131505 
0.822417 0.778083 0.276716 
0.818503 0.788897 0.274272 
1.0919 0.780655 -0.021986 
1.0888 0.789267 -0.0205074 
1.00212 0.782231 0.255593 
0.99918 0.79172 0.254512 
0.861813 0.786448 0.183891 
1.14218 0.784936 -0.00901836 
1.13959 0.793308 -0.00756927 
0.891509 0.780109 0.312354 
0.888246 0.790477 0.310295 
0.967337 0.77765 0.0812561 
0.963119 0.78704 0.0810441 
1.13048 0.78151 0.0926703 
1.12784 0.790035 0.0932774 
0.825144 0.781074 0.293484 
0.82139 0.79192 0.291 
1.06861 0.783604 -0.00812267 
1.06525 0.792351 -0.00687254 
1.03647 0.780345 0.225366 
1.03358 0.789571 0.224656 
0.843392 0.783849 0.21263 
1.13469 0.776892 -0.0228553 
1.13204 0.785283 -0.0212677 
1.12937 0.793696 -0.0197276 
0.918732 0.782758 0.304701 
0.915589 0.79291 0.302851 
0.934472 0.780084 0.110222 
0.930133 0.789717 0.109495 
1.14302 0.782094 0.0563366 
1.14044 0.790518 0.057257 
0.836952 0.7797 0.305851 
0.833343 0.790482 0.303421 
1.04564 0.776747 0.011384 
1.04202 0.785626 0.0123641 
1.06722 0.784415 0.190499 
1.06441 0.793413 0.19015 
0.828917 0.78488 0.239173 
1.12074 0.777733 -0.02817 
1.11795 0.78619 -0.0265581 
0.948994 0.785027 0.290603 
0.903571 0.78207 0.139169 
0.899188 0.791953 0.137973 
1.14956 0.777921 0.0243634 
1.14701 0.786277 0.0255688 
0.852981 0.784916 0.311333 
1.01562 0.779637 0.037054 
1.01173 0.788707 0.0375917 
1.0961 0.783427 0.153147 
1.09335 0.79221 0.153182 
0.82318 0.779464 0.264456 
0.819188 0.790239 0.262052 
1.10354 0.778708 -0.0264943 
1.10057 0.787255 -0.0249351 
0.984187 0.778319 0.270764 
0.981197 0.787944 0.269507 
0.875464 0.785292 0.167813 
1.14634 0.782982 0.000871185 
1.14379 0.791339 0.00224889 
0.875243 0.785979 0.312625 
0.98564 0.777073 0.0649561 
0.981523 0.786338 0.0650325 
1.11904 0.784904 0.114538 
1.11637 0.793518 0.114932 
0.822731 0.779119 0.284713 
0.818886 0.789956 0.282243 
1.08341 0.778693 -0.0174032 
1.0802 0.787351 -0.0159871 
1.01719 0.78139 0.243068 
1.01427 0.790763 0.242145 
0.855019 0.780876 0.197334 
0.850721 0.791225 0.19543 
1.14 0.779579 -0.0162454 
1.1374 0.787951 -0.0147181 
0.90219 0.783794 0.309282 
0.89899 0.794081 0.307297 
0.952094 0.780519 0.0938053 
0.947814 0.790021 0.0933516 
1.13797 0.778174 0.0760605 
1.13536 0.786639 0.0768278 
0.827913 0.784859 0.29856 
1.06033 0.777204 -0.000900027 
1.05687 0.785995 0.000270852 
1.05009 0.782413 0.210551 
1.04724 0.791537 0.209996 
0.838201 0.779703 0.22538 
0.834004 0.79025 0.22323 
1.12658 0.784857 -0.0245495 
1.12386 0.793295 -0.0229869 
0.932653 0.780339 0.299986 
0.929543 0.790376 0.298256 
0.91995 0.782597 0.122687 
0.915585 0.792345 0.121736 
1.14774 0.777122 0.0412622 
1.14518 0.785502 0.0423302 
1.14261 0.793904 0.0433553 
0.841785 0.786339 0.307911 
1.03031 0.784281 0.0227087 
1.02655 0.793262 0.0234565 
1.08177 0.779415 0.174571 
1.07898 0.788302 0.174411 
0.825628 0.782454 0.250595 
0.821566 0.793177 0.248247 
1.11226 0.782241 -0.0275546 
1.10939 0.790747 -0.0259804 
0.965581 0.777442 0.283541 
0.962547 0.787213 0.282108 
0.890178 0.78496 0.151486 
1.1495 0.778313 0.0128612 
1.14696 0.786659 0.0141597 
0.862718 0.783685 0.312878 
1.00008 0.784638 0.0492188 
0.996078 0.793813 0.0495101 
1.10816 0.779804 0.136253 
1.10544 0.788496 0.136468 
0.822119 0.779112 0.273886 
0.81819 0.789922 0.271446 
1.095 0.779224 -0.0234043 
1.09193 0.787818 -0.0218978 
0.996928 0.784874 0.258796 
0.867833 0.77904 0.181443 
0.863488 0.789253 0.179724 
1.14475 0.779695 -0.00782907 
1.14218 0.78805 -0.00636841 
0.88902 0.777332 0.313395 
0.885733 0.787716 0.311323 
0.970191 0.780471 0.0774947 
0.965993 0.789845 0.0773242 
1.12822 0.781797 0.0975877 
1.12557 0.790339 0.0981498 
0.824132 0.781321 0.291478 
0.82036 0.792171 0.288992 
1.07172 0.783461 -0.0102788 
1.06839 0.792191 -0.00899436 
1.03168 0.781964 0.229421 
1.02879 0.791227 0.228655 
0.844618 0.786281 0.208589 
1.13489 0.781054 -0.0208695 
1.13224 0.789449 -0.0193139 
0.916157 0.778916 0.306669 
0.912987 0.789084 0.304805 
0.9371 0.783166 0.106277 
0.932774 0.792781 0.105589 
1.14161 0.782746 0.0608565 
1.13902 0.791182 0.0617356 
0.83531 0.779097 0.304747 
0.83168 0.789888 0.30231 
1.0487 0.777802 0.00854346 
1.04511 0.786663 0.00956265 
1.06297 0.785371 0.195085 
0.829623 0.786852 0.235443 
1.12097 0.78294 -0.0268458 
1.11819 0.791402 -0.0252646 
0.946449 0.77995 0.293574 
0.943377 0.789877 0.291964 
0.905875 0.785202 0.135068 
1.14885 0.779354 0.0282472 
1.1463 0.787718 0.0294147 
0.850862 0.783484 0.311084 
1.01864 0.781598 0.0337427 
1.01478 0.790651 0.0343228 
1.09252 0.783933 0.158058 
1.08977 0.792743 0.158043 
0.82327 0.780874 0.261239 
0.819265 0.791643 0.258842 
1.10368 0.78511 -0.0259151 
1.10071 0.793663 -0.0243858 
0.978808 0.78167 0.273388 
0.975819 0.791341 0.272075 
0.881753 0.778185 0.165153 
0.877377 0.788262 0.163636 
1.14869 0.777133 0.00257092 
1.14615 0.785474 0.00395795 
1.14359 0.793836 0.00530073 
0.872836 0.783722 0.313184 
0.988574 0.779656 0.0613195 
0.984479 0.788903 0.0614385 
1.11629 0.785184 0.11952 
1.11361 0.793819 0.119868 
0.822121 0.779821 0.282225 
0.818259 0.790657 0.279756 
1.08651 0.77783 -0.0191586 
1.08334 0.78647 -0.017712 
1.01216 0.783541 0.246679 
1.00924 0.792955 0.2457 
0.856506 0.783537 0.193193 
0.852202 0.79387 0.19131 
1.14011 0.783157 -0.0138874 
1.13751 0.791533 -0.012393 
0.899643 0.780585 0.310708 
0.896418 0.790887 0.30871 
0.954867 0.783476 0.0899692 
0.950603 0.79296 0.0895555 
1.13609 0.778559 0.0808608 
1.13347 0.787039 0.0815846 
0.826603 0.784741 0.296945 
1.06341 0.777616 -0.00338545 
1.05997 0.786389 -0.00217828 
1.04552 0.783709 0.214867 
1.04266 0.792868 0.214258 
0.839215 0.781951 0.221444 
0.835009 0.792485 0.21931 
1.12952 0.78105 -0.0244582 
1.12682 0.78947 -0.0228783 
0.926949 0.786019 0.30065 
0.922449 0.785724 0.118675 
1.14666 0.778064 0.0455456 
1.14409 0.786454 0.0465739 
0.839904 0.785375 0.307185 
1.03708 0.776825 0.0188084 
1.03337 0.785757 0.0196684 
1.0778 0.780136 0.179353 
1.075 0.789052 0.179141 
0.826079 0.784198 0.247061 
1.11531 0.77946 -0.0281488 
1.11247 0.787946 -0.0265529 
0.960052 0.781598 0.285497 
0.957021 0.791417 0.284007 
0.896707 0.778103 0.14864 
0.892319 0.788043 0.147344 
1.14904 0.780187 0.0164097 
1.1465 0.788541 0.0176716 
0.860457 0.781896 0.312984 
0.857041 0.792511 0.310697 
1.00706 0.777769 0.045367 
1.00309 0.786892 0.0457765 
1.10493 0.780167 0.141253 
1.1022 0.788883 0.141418 
0.82191 0.780232 0.270963 
0.817966 0.791038 0.268527 
1.0981 0.777633 -0.0247303 
1.09506 0.786208 -0.0231968 
0.994658 0.778142 0.263007 
0.991688 0.787686 0.261853 
0.869565 0.781898 0.177253 
0.865217 0.792095 0.175558 
1.14471 0.782666 -0.00506226 
1.14214 0.791025 -0.00363553 
0.883244 0.785072 0.312243 
0.973072 0.783239 0.0737731 
0.968894 0.792595 0.0736445 
1.12585 0.78207 0.102532 
1.1232 0.790631 0.103048 
0.82321 0.781674 0.28936 
0.819419 0.792526 0.286872 
1.07484 0.783154 -0.0123422 
1.07154 0.791865 -0.0110242 
1.02683 0.7837 0.233374 
1.02394 0.793002 0.232553 
0.850177 0.77836 0.206501 
0.845902 0.788763 0.204527 
1.1377 0.776708 -0.0203848 
1.13508 0.785086 -0.0188144 
1.13243 0.793485 -0.0172909 
0.9104 0.785403 0.306639 
0.939768 0.786219 0.102369 
1.14009 0.783327 0.0654405 
1.13749 0.791776 0.0662778 
0.833742 0.778604 0.303528 
0.830092 0.789403 0.301085 
1.05176 0.778716 0.00578329 
1.0482 0.78756 0.00684104 
1.06148 0.777367 0.200023 
1.05863 0.786403 0.199608 
0.834562 0.77829 0.233871 
0.830398 0.788886 0.231665 
1.12397 0.779566 -0.0270541 
1.12122 0.78801 -0.0254539 
0.940808 0.78497 0.294799 
0.912608 0.778528 0.132054 
0.908227 0.788333 0.130996 
1.14806 0.780668 0.032219 
1.14551 0.789042 0.0333482 
0.848796 0.782155 0.31073 
0.845302 0.792859 0.308364 
1.02168 0.783457 0.0304923 
1.01784 0.792491 0.0311146 
1.08885 0.784487 0.162939 
1.08609 0.793325 0.162872 
0.823444 0.782365 0.257944 
0.819425 0.793126 0.255555 
1.10677 0.782816 -0.0268085 
1.10384 0.791351 -0.0252549 
0.973393 0.785215 0.275845 
0.883719 0.781198 0.160961 
0.879343 0.791257 0.159472 
1.14844 0.779478 0.00578268 
1.1459 0.787825 0.00713438 
0.870462 0.781571 0.313642 
0.867102 0.792108 0.311425 
0.991528 0.78217 0.0577278 
0.987458 0.791399 0.0578896 
1.11613 0.776848 0.124165 
1.11343 0.785479 0.124507 
0.821602 0.780622 0.279633 
0.817723 0.791457 0.277166 
1.0896 0.776802 -0.0208193 
1.08646 0.785423 -0.0193432 
1.0833 0.79407 -0.0179258 
1.00708 0.785839 0.250164 
0.858047 0.786241 0.189043 
1.14278 0.778242 -0.0129601 
1.14019 0.786601 -0.011453 
0.897117 0.777504 0.312021 
0.893867 0.787823 0.31001 
0.961917 0.776961 0.0864674 
0.957672 0.78639 0.086171 
1.13411 0.778905 0.085705 
1.13148 0.7874 0.0863849 
0.825376 0.784732 0.295213 
1.06649 0.777872 -0.00578181 
1.06309 0.786627 -0.00453903 
1.04088 0.785101 0.2191 
0.840293 0.784254 0.217475 
1.13242 0.777127 -0.0242855 
1.12975 0.785529 -0.0226892 
1.12705 0.793953 -0.0211407 
0.924363 0.781814 0.302921 
0.921234 0.791919 0.301119 
0.929345 0.779163 0.115501 
0.924992 0.788835 0.114697 
1.14548 0.778911 0.0499061 
1.14291 0.787312 0.0508942 
0.838087 0.784517 0.306349 
1.04012 0.778193 0.0157996 
1.03644 0.787108 0.0166999 
1.07374 0.78092 0.184086 
1.07093 0.789866 0.183821 
0.826605 0.786011 0.243466 
1.11553 0.785013 -0.0270445 
1.1127 0.793505 -0.025479 
0.954496 0.785966 0.287268 
0.898895 0.781214 0.144489 
0.89451 0.791137 0.143224 
1.14852 0.78193 0.0200497 
1.14597 0.790291 0.0212747 
0.85824 0.780209 0.312988 
0.8548 0.790839 0.31069 
1.01006 0.779953 0.041935 
1.00612 0.789059 0.0423873 
1.1016 0.780566 0.146235 
1.09886 0.789307 0.146351 
0.82179 0.781441 0.267949 
0.81783 0.792242 0.265518 
1.09818 0.784441 -0.0244051 
1.09515 0.793023 -0.0229012 
0.989376 0.781085 0.26597 
0.986405 0.790673 0.26476 
0.87135 0.784791 0.173066 
1.14718 0.777153 -0.00364778 
1.14463 0.785497 -0.00221056 
1.14206 0.793862 -0.000818009 
0.880782 0.782542 0.313058 
0.877481 0.792998 0.310914 
0.97598 0.78595 0.0700924 
1.12337 0.782337 0.107497 
1.12071 0.790916 0.107967 
0.822377 0.782133 0.28713 
0.818568 0.792986 0.284642 
1.07795 0.782682 -0.014312 
1.07469 0.791375 -0.0129612 
1.02193 0.78556 0.237221 
0.851526 0.780906 0.2024 
0.847245 0.791294 0.200445 
1.13787 0.780606 -0.0182268 
1.13524 0.788988 -0.0166888 
0.907828 0.781862 0.308352 
0.904641 0.7921 0.306416 
0.946776 0.779701 0.0990333 
0.942475 0.789242 0.0984977 
1.13846 0.783846 0.0700842 
1.13586 0.792308 0.0708793 
0.832251 0.77822 0.302193 
0.828581 0.789027 0.299744 
1.05483 0.779485 0.00310561 
1.0513 0.788311 0.00420137 
1.05707 0.778446 0.204533 
1.05422 0.787515 0.204063 
0.835416 0.780396 0.230034 
0.831242 0.790979 0.227842 
1.12421 0.784497 -0.0255644 
1.12147 0.792946 -0.0239952 
0.938242 0.78022 0.297512 
0.935148 0.790212 0.29583 
0.915001 0.781673 0.127978 
0.910627 0.79146 0.126954 
1.14719 0.781869 0.0362769 
1.14464 0.790251 0.0373674 
0.846784 0.780931 0.310269 
0.843268 0.791647 0.307894 
1.02472 0.785206 0.0273053 
1.08509 0.785093 0.167783 
1.08231 0.793959 0.167665 
0.8237 0.783932 0.254575 
1.10985 0.780379 -0.0276165 
1.10695 0.788895 -0.0260395 
0.970958 0.77923 0.279515 
0.967943 0.78896 0.278129 
0.885737 0.784234 0.156784 
1.14814 0.781685 0.00908523 
1.14559 0.790038 0.0104013 
0.868123 0.779526 0.313997 
0.86474 0.790078 0.311769 
0.994502 0.78461 0.0541825 
0.990456 0.793822 0.0543872 
1.11316 0.77714 0.129199 
1.11045 0.785793 0.129492 
0.821174 0.78152 0.276939 
0.817278 0.792353 0.274475 
1.08959 0.784212 -0.0208808 
1.08646 0.792841 -0.0194339 
1.0049 0.778825 0.254566 
1.00195 0.788291 0.253517 
0.863978 0.778734 0.186662 
0.859644 0.788987 0.184887 
1.14283 0.781546 -0.0104139 
1.14024 0.78991 -0.00894017 
0.891336 0.784884 0.311197 
0.964736 0.779847 0.0826666 
0.96051 0.789258 0.0824113 
1.13201 0.77922 0.0905881 
1.12937 0.787732 0.0912236 
0.824236 0.784831 0.293366 
1.06957 0.777967 -0.00808762 
1.06621 0.786704 -0.00680995 
1.03906 0.777394 0.223923 
1.03617 0.786597 0.223245 
0.841431 0.78661 0.213477 
1.13264 0.781472 -0.0224179 
1.12997 0.789878 -0.0208533 
0.921788 0.777758 0.305068 
0.918633 0.78788 0.303251 
0.93192 0.782272 0.111521 
0.927578 0.791926 0.110754 
1.14421 0.779671 0.0543403 
1.14163 0.788084 0.0552876 
0.836338 0.783767 0.3054 
1.04317 0.779432 0.0128654 
1.03953 0.788329 0.0138056 
1.06959 0.78177 0.188766 
1.06678 0.790748 0.188448 
0.831333 0.777249 0.242072 
0.827206 0.78789 0.239814 
1.11857 0.781951 -0.0274557 
1.11577 0.790424 -0.0258696 
0.951968 0.780667 0.290413 
0.948914 0.79055 0.288851 
0.901132 0.784334 0.140363 
1.14792 0.783543 0.0237805 
1.14537 0.791912 0.0249683 
0.856067 0.778626 0.31289 
0.852605 0.789269 0.310581 
1.01307 0.782045 0.0385582 
1.00915 0.791133 0.0390531 
1.09817 0.781005 0.151196 
1.09542 0.789771 0.151262 
0.821756 0.782735 0.264849 
0.817781 0.79353 0.262424 
1.10128 0.782519 -0.0255237 
1.09829 0.791082 -0.0239938 
0.984052 0.78421 0.268777 
0.981082 0.793842 0.267511 
0.877558 0.777599 0.170463 
0.873189 0.787716 0.168885 
1.14706 0.779839 -0.000675059 
1.1445 0.788188 0.000727593 
