0.763481 1.5708 0.0599749 
0.763575 1.57284 0.059394 
0.763671 1.57488 0.0588132 
0.763769 1.57692 0.0582326 
0.763869 1.57896 0.057652 
0.825448 1.57067 -0.0709703 
0.912613 1.5655 0.0516284 
0.913068 1.57613 0.0492638 
0.727674 1.57116 0.0013959 
0.914526 1.5638 -0.0441068 
0.914129 1.57442 -0.0464484 
0.823361 1.57088 0.0751334 
0.765661 1.56316 -0.0542109 
0.76516 1.5754 -0.0576763 
0.948265 1.56432 0.0125561 
0.948375 1.57464 0.0104919 
0.745581 1.5669 0.0477433 
0.746005 1.57938 0.0441282 
0.852681 1.57004 -0.0688688 
0.889187 1.57264 0.0622126 
0.731189 1.5638 -0.016212 
0.731021 1.5765 -0.0199306 
0.933535 1.56288 -0.0291411 
0.933263 1.57333 -0.0313255 
0.796907 1.56884 0.0726228 
0.787986 1.57106 -0.06553 
0.938832 1.56599 0.0293914 
0.939101 1.57639 0.0272464 
0.73377 1.57018 0.0298945 
0.87944 1.56958 -0.0620247 
0.862641 1.56787 0.0718673 
0.863279 1.57899 0.0691065 
0.740868 1.56803 -0.0354213 
0.945833 1.56635 -0.0132822 
0.945728 1.57669 -0.015365 
0.773178 1.57417 0.0636873 
0.813444 1.5723 -0.0707076 
0.921834 1.56226 0.045964 
0.922216 1.57281 0.0436744 
0.72812 1.56248 0.0128814 
0.728197 1.57521 0.009139 
0.904265 1.56971 -0.0512513 
0.83505 1.5628 0.0770935 
0.835687 1.5742 0.074124 
0.756616 1.56979 -0.0507249 
0.949621 1.56637 0.00427177 
0.949672 1.57667 0.00221994 
0.753038 1.57269 0.0525053 
0.840817 1.56487 -0.0690133 
0.840215 1.57623 -0.0719313 
0.899841 1.56553 0.0588099 
0.900355 1.57628 0.056341 
0.728813 1.56798 -0.0087485 
0.925472 1.57193 -0.0379187 
0.808407 1.56822 0.0747142 
0.777592 1.56773 -0.0610608 
0.944095 1.56669 0.0217222 
0.944302 1.57705 0.0196224 
0.738119 1.56227 0.0401094 
0.738436 1.57486 0.03644 
0.867677 1.56947 -0.0655586 
0.874533 1.56704 0.0687964 
0.87514 1.57803 0.0661272 
0.73565 1.57283 -0.0291355 
0.941251 1.56735 -0.0210504 
0.941085 1.57773 -0.0231718 
0.783307 1.5705 0.068563 
0.801819 1.57219 -0.0690675 
0.930413 1.57092 0.037307 
0.729837 1.56663 0.0204463 
0.73002 1.57934 0.0167164 
0.893838 1.56319 -0.0549907 
0.893343 1.57401 -0.0574993 
0.847554 1.56826 0.0745391 
0.74909 1.56331 -0.042721 
0.748687 1.57577 -0.0463071 
0.949073 1.56847 -0.00403208 
0.949066 1.57878 -0.00608809 
0.761151 1.56682 0.0598488 
0.761677 1.5791 0.0563462 
0.828479 1.56888 -0.0705299 
0.910435 1.57096 0.0518817 
0.727742 1.57205 -0.00104963 
0.916638 1.56913 -0.0437789 
0.820337 1.56925 0.0754575 
0.767939 1.56324 -0.0554239 
0.767429 1.57545 -0.0588727 
0.947696 1.56817 0.0136921 
0.947844 1.5785 0.0116236 
0.744007 1.56742 0.0459148 
0.855787 1.56714 -0.0676372 
0.855216 1.57834 -0.0704432 
0.886205 1.56833 0.0643529 
0.886786 1.57921 0.061776 
0.731933 1.56464 -0.0185243 
0.731752 1.57732 -0.0222373 
0.935119 1.56739 -0.0283544 
0.934888 1.57783 -0.030527 
0.794122 1.56809 0.0722302 
0.790672 1.57053 -0.0661212 
0.937431 1.5703 0.0302916 
0.732869 1.57096 0.027661 
0.882455 1.56557 -0.0600779 
0.881935 1.5765 -0.0626776 
0.859523 1.56463 0.0733378 
0.860146 1.57578 0.0705521 
0.742285 1.56866 -0.0373822 
0.946648 1.57029 -0.0121975 
0.770772 1.57408 0.0626511 
0.816397 1.57095 -0.070604 
0.919825 1.56731 0.0464591 
0.92025 1.57788 0.0441549 
0.727901 1.56336 0.010451 
0.727965 1.5761 0.00670701 
0.906987 1.56478 -0.0487707 
0.906558 1.57547 -0.0511741 
0.832596 1.57212 0.0747902 
0.758653 1.57005 -0.0521814 
0.949485 1.57014 0.00544344 
0.751175 1.57306 0.0508987 
0.843914 1.5625 -0.0681456 
0.8433 1.57382 -0.0710398 
0.897497 1.57157 0.0587134 
0.729253 1.56886 -0.0111476 
0.927657 1.56626 -0.0350715 
0.927359 1.57677 -0.0373059 
0.805501 1.5671 0.074632 
0.806153 1.57884 0.0714481 
0.780115 1.5675 -0.0619373 
0.943043 1.57076 0.0227506 
0.736922 1.56294 0.0380386 
0.737226 1.57555 0.0343605 
0.870756 1.56594 -0.0639125 
0.870206 1.57699 -0.0666036 
0.871456 1.56329 0.070594 
0.872046 1.57432 0.0678994 
0.736762 1.57356 -0.0312726 
0.942449 1.5715 -0.0200736 
0.780714 1.57013 0.0678069 
0.804669 1.57124 -0.0692851 
0.928314 1.56514 0.0402278 
0.92867 1.57563 0.0379936 
0.729316 1.56748 0.0180763 
0.896215 1.56945 -0.0552224 
0.844434 1.56565 0.0755741 
0.845083 1.57696 0.072675 
0.750868 1.56377 -0.044422 
0.750455 1.5762 -0.0479951 
0.949378 1.57227 -0.00287019 
0.759033 1.56699 0.0584961 
0.759549 1.5793 0.0549783 
0.831527 1.56699 -0.0700079 
0.830934 1.57845 -0.0729952 
0.907761 1.56587 0.0544676 
0.908242 1.57654 0.0520633 
0.72788 1.57295 -0.00349145 
0.919099 1.56378 -0.0410816 
0.918729 1.57436 -0.0433857 
0.817335 1.56773 0.0757019 
0.818001 1.57933 0.0726038 
0.770269 1.56327 -0.0565736 
0.76975 1.57544 -0.0600055 
0.947041 1.57206 0.0148106 
0.742504 1.56797 0.0440339 
0.858895 1.56412 -0.0663278 
0.85831 1.57529 -0.0691093 
0.883204 1.56412 0.0664383 
0.883769 1.57503 0.0638359 
0.73275 1.56545 -0.020808 
0.732556 1.57812 -0.0245149 
0.936649 1.57182 -0.0275224 
0.791373 1.56741 0.0717662 
0.792003 1.57931 0.0684807 
0.793395 1.56992 -0.0666427 
0.935679 1.56427 0.0333228 
0.935969 1.57469 0.0311504 
0.732041 1.57176 0.025395 
0.884918 1.57237 -0.0606475 
0.857013 1.57268 0.0719219 
0.743773 1.56925 -0.039294 
0.947464 1.56387 -0.00902147 
0.947379 1.5742 -0.0110904 
0.768418 1.57404 0.0615497 
0.819371 1.56951 -0.0704217 
0.917788 1.57247 0.0468926 
0.727753 1.56426 0.0080124 
0.727804 1.577 0.00426742 
0.909225 1.57044 -0.0486343 
0.829521 1.57014 0.0753746 
0.76075 1.57028 -0.0535773 
0.949188 1.56362 0.00866575 
0.949258 1.57393 0.0066097 
0.74938 1.57347 0.0492342 
0.846393 1.5713 -0.0700665 
0.894612 1.56694 0.0610419 
0.895155 1.57774 0.0585316 
0.729765 1.56972 -0.0135289 
0.929461 1.57102 -0.0344182 
0.802624 1.56607 0.0744745 
0.803265 1.57784 0.0712697 
0.782683 1.5672 -0.0627473 
0.782147 1.57922 -0.0660895 
0.941691 1.56451 0.0258685 
0.941918 1.57488 0.0237475 
0.735798 1.56364 0.0359252 
0.73609 1.57627 0.0322389 
0.873827 1.56231 -0.0621981 
0.873263 1.57332 -0.0648641 
0.868946 1.57071 0.0696038 
0.737948 1.57426 -0.0333685 
0.943719 1.56524 -0.0169632 
0.943573 1.5756 -0.0190635 
0.778164 1.56983 0.0669833 
0.807546 1.5702 -0.069428 
0.926488 1.56992 0.0408753 
0.728867 1.56835 0.0156871 
0.899061 1.56481 -0.0529004 
0.898596 1.57558 -0.0553678 
0.841324 1.56316 0.0765276 
0.841959 1.5745 0.0736046 
0.752713 1.56419 -0.0460665 
0.752289 1.57659 -0.0496261 
0.94958 1.56574 0.000350788 
0.949592 1.57605 -0.00170113 
0.756976 1.5672 0.0570815 
0.83459 1.56498 -0.0694041 
0.833985 1.57641 -0.0723683 
0.905511 1.57155 0.0545908 
0.72809 1.57384 -0.00592674 
0.921119 1.56892 -0.0406402 
0.920792 1.57948 -0.0429295 
0.814354 1.5663 0.0758673 
0.815009 1.57793 0.0727473 
0.772651 1.56323 -0.0576594 
0.772123 1.57538 -0.061074 
0.946135 1.56565 0.0179909 
0.946302 1.57598 0.0159084 
0.741073 1.56856 0.0421025 
0.861405 1.57213 -0.0676989 
0.880735 1.57095 0.0658384 
0.733641 1.56625 -0.0230607 
0.733434 1.57891 -0.0267609 
0.938328 1.56577 -0.024502 
0.938119 1.57618 -0.0266474 
0.788659 1.5668 0.0712317 
0.78928 1.57874 0.0679266 
0.796151 1.56924 -0.0670936 
0.93412 1.56872 0.0341496 
0.934451 1.57916 0.0319657 
0.731287 1.57257 0.023099 
0.887884 1.56814 -0.0585615 
0.887397 1.57901 -0.0611193 
0.853882 1.5697 0.0732142 
0.745332 1.56981 -0.0411549 
0.948072 1.56774 -0.00789965 
0.948025 1.57806 -0.00996398 
0.766117 1.57405 0.0603839 
0.822367 1.56796 -0.0701598 
0.82178 1.57952 -0.0732145 
0.915276 1.56712 0.049604 
0.915726 1.57773 0.0472621 
0.727677 1.56515 0.00556851 
0.727714 1.57789 0.00182305 
0.911852 1.56533 -0.046061 
0.91145 1.57598 -0.0484251 
0.826462 1.56827 0.0758774 
0.762905 1.57045 -0.0549118 
0.948833 1.56742 0.00982609 
0.94894 1.57773 0.00776733 
0.747653 1.57392 0.0475132 
0.849494 1.56866 -0.0690121 
0.8917 1.5624 0.0633239 
0.892226 1.57323 0.0607882 
0.730349 1.57057 -0.0158898 
0.931496 1.56522 -0.0315108 
0.931221 1.57569 -0.0337129 
0.799776 1.56512 0.0742429 
0.800407 1.57693 0.0710174 
0.785291 1.56683 -0.06349 
0.784747 1.57883 -0.0668134 
0.940456 1.56868 0.0268405 
0.940723 1.57907 0.0247102 
0.734748 1.56437 0.0337714 
0.735027 1.57701 0.0300774 
0.87631 1.56955 -0.0630584 
0.865839 1.56722 0.0712382 
0.866467 1.5783 0.0685017 
0.739523 1.56236 -0.0317644 
0.739206 1.57494 -0.035421 
0.944729 1.56928 -0.0159303 
0.77566 1.56959 0.0660927 
0.810451 1.56906 -0.0694953 
0.924244 1.56427 0.0437367 
0.924622 1.57479 0.0414681 
0.72849 1.56922 0.0132814 
0.901395 1.57082 -0.0529787 
0.838846 1.57216 0.0744525 
0.754622 1.56456 -0.0476534 
0.754188 1.57694 -0.0511991 
0.949665 1.56951 0.00152302 
0.754982 1.56747 0.0556057 
0.837667 1.56287 -0.0687181 
0.83705 1.57426 -0.071659 
0.902745 1.56663 0.057082 
0.903254 1.57735 0.0546372 
0.728371 1.57473 -0.00835265 
0.923455 1.56341 -0.03787 
0.92311 1.57395 -0.0401381 
0.811398 1.56497 0.0759545 
0.812042 1.57664 0.0728129 
0.775081 1.56314 -0.0586807 
0.774544 1.57526 -0.0620778 
0.945276 1.56961 0.0190715 
0.739715 1.56918 0.0401224 
0.864498 1.56885 -0.0662136 
0.877687 1.56697 0.0677808 
0.878286 1.57793 0.0651362 
0.734604 1.56703 -0.0252797 
0.939695 1.57006 -0.0235968 
0.785984 1.56627 0.0706273 
0.786595 1.57824 0.067303 
0.798941 1.56848 -0.067473 
0.932196 1.56279 0.037133 
0.932508 1.57325 0.0349307 
0.730606 1.5734 0.0207756 
0.890829 1.56381 -0.0564225 
0.890326 1.57466 -0.0589554 
0.850754 1.56684 0.0744277 
0.851404 1.57807 0.0715763 
0.746961 1.57033 -0.0429632 
0.948592 1.57158 -0.00676108 
0.763871 1.57413 0.0591543 
0.825382 1.56631 -0.0698177 
0.824784 1.57783 -0.07285 
0.913149 1.57248 0.0499222 
0.727672 1.56605 0.00312216 
0.727695 1.57879 -0.000623255 
0.914017 1.57078 -0.0457972 
0.823421 1.56652 0.076299 
0.824082 1.57805 0.073245 
0.765117 1.57057 -0.056184 
0.948388 1.57124 0.0109751 
0.745995 1.57442 0.045737 
0.8526 1.56591 -0.0678775 
0.852017 1.57714 -0.0707073 
0.889274 1.56881 0.0629958 
0.731006 1.57141 -0.0182274 
0.933167 1.56982 -0.0307683 
0.796959 1.56426 0.0739379 
0.79758 1.5761 0.0706921 
0.787939 1.5664 -0.0641648 
0.787386 1.57836 -0.0674691 
0.938906 1.56253 0.0299215 
0.939154 1.57293 0.0277761 
0.733771 1.56512 0.0315796 
0.734038 1.57777 0.0278785 
0.879346 1.56567 -0.061189 
0.878817 1.57663 -0.0638131 
0.862729 1.56384 0.0728003 
0.863341 1.57495 0.0700388 
0.740865 1.56302 -0.0337814 
0.740537 1.57558 -0.0374281 
0.945787 1.56293 -0.0127865 
0.945661 1.57327 -0.0148692 
0.773204 1.56941 0.0651357 
0.813381 1.56784 -0.069486 
0.812798 1.5795 -0.0726062 
0.9223 1.56922 0.0442867 
0.728184 1.57011 0.0108619 
0.904162 1.56599 -0.0505495 
0.903727 1.57671 -0.0529762 
0.835745 1.56994 0.0752184 
0.756594 1.56489 -0.0491817 
0.756151 1.57725 -0.052713 
0.949626 1.56298 0.00474832 
0.949657 1.57329 0.00269638 
0.753051 1.56778 0.0540697 
0.840127 1.57199 -0.0708674 
0.900436 1.57254 0.0570649 
0.728819 1.56288 -0.00702981 
0.728724 1.57561 -0.0107664 
0.92537 1.56836 -0.0373233 
0.925068 1.57889 -0.0395773 
0.808467 1.56373 0.0759646 
0.809101 1.57544 0.0728016 
0.777559 1.56299 -0.059637 
0.777013 1.57508 -0.0630161 
0.94415 1.56327 0.0222263 
0.944336 1.57362 0.0201261 
0.73843 1.56983 0.0380955 
0.867589 1.56546 -0.0646555 
0.867029 1.57654 -0.0673709 
0.874628 1.5631 0.0696603 
0.875209 1.57409 0.0669903 
0.73564 1.56778 -0.0274627 
0.941185 1.5639 -0.020532 
0.940997 1.57428 -0.0226532 
0.783348 1.56581 0.0699539 
0.78395 1.57782 0.0666106 
0.801761 1.56764 -0.0677799 
0.80119 1.57943 -0.0709843 
0.930493 1.5674 0.0378787 
0.930845 1.57787 0.0356638 
0.729997 1.57425 0.0184275 
0.893233 1.57021 -0.0567409 
0.847633 1.56409 0.0755613 
0.848268 1.57536 0.0726857 
0.748658 1.57081 -0.0447175 
0.949051 1.56508 -0.0035528 
0.949023 1.57539 -0.00560889 
0.761682 1.57425 0.0578613 
0.828415 1.56455 -0.0693947 
0.827806 1.57604 -0.0724044 
0.910527 1.56729 0.0525526 
0.911003 1.57795 0.0501716 
0.727737 1.56695 0.00067617 
0.916538 1.56551 -0.0431397 
0.916163 1.57611 -0.0454654 
0.8204 1.56486 0.07664 
0.821049 1.57643 0.0735637 
0.767384 1.57064 -0.0573935 
0.947728 1.56477 0.0141783 
0.947855 1.5751 0.0121095 
0.744025 1.56243 0.0475334 
0.744407 1.57494 0.043907 
0.855711 1.56303 -0.0666637 
0.855114 1.57423 -0.0694692 
0.886301 1.56448 0.0651514 
0.886858 1.57536 0.0625737 
0.731735 1.57224 -0.0205391 
0.935038 1.56389 -0.0278059 
0.934786 1.57433 -0.0299782 
0.794175 1.56348 0.0735605 
0.794787 1.57536 0.0702946 
0.790625 1.56589 -0.0647709 
0.790062 1.57782 -0.0680557 
0.9375 1.56683 0.0308288 
0.937788 1.57724 0.0286728 
0.732868 1.56589 0.0293523 
0.733122 1.57856 0.0256446 
0.881824 1.57262 -0.0618575 
0.860214 1.57171 0.0715019 
0.742279 1.56365 -0.0357515 
0.741939 1.5762 -0.0393877 
0.946599 1.56688 -0.0117062 
0.946512 1.57722 -0.0137827 
0.770797 1.56929 0.064113 
0.816334 1.56652 -0.069399 
0.815741 1.57815 -0.0724975 
0.919922 1.56371 0.0470824 
0.920325 1.57428 0.0447775 
0.72795 1.57099 0.0084315 
0.906442 1.57177 -0.050485 
0.832658 1.56783 0.0759021 
0.833327 1.57925 0.0729163 
