1.19517 0.000960208 -0.13796 
1.25479 0.00428913 0.0423901 
1.19583 0.00669057 0.0957241 
1.21672 0.000203336 -0.161825 
1.2181 0.00801485 -0.159057 
1.21871 0.00685348 0.166961 
1.19782 0.000816377 -0.0710222 
1.2537 0.00388669 -0.0476201 
1.19405 0.00271627 0.155606 
1.20107 0.00554358 -0.166039 
1.24182 0.00042367 0.114118 
1.24082 0.00811532 0.11692 
1.19941 0.00381968 0.0172553 
1.23771 0.00745445 -0.120519 
1.20233 0.00210525 0.178873 
1.19574 0.00452793 -0.132167 
1.25551 0.00139529 0.0336577 
1.19613 0.00102848 0.100016 
1.21505 0.000705771 -0.163678 
1.21644 0.00852583 -0.160909 
1.22182 0.000281453 0.161755 
1.2204 0.0080713 0.164495 
1.19828 0.00273603 -0.0633048 
1.2526 0.0007523 -0.0561173 
1.25305 0.00839124 -0.0532521 
1.19345 0.00693473 0.160723 
1.19976 0.0034745 -0.165443 
1.24306 0.00397152 0.109472 
1.19921 0.00533308 0.0255135 
1.23523 0.00249344 -0.127249 
1.20384 0.00100635 0.178598 
1.1963 0.00790933 -0.126158 
1.25582 0.00617198 0.0277462 
1.19546 0.0034171 0.107191 
1.21338 0.000993289 -0.16533 
1.22347 0.00171936 0.159092 
1.19868 0.00457032 -0.055476 
1.25186 0.00516131 -0.061652 
1.1944 0.00343017 0.162789 
1.1985 0.00117699 -0.164625 
1.24513 4.36945e-06 0.101848 
1.24424 0.00768021 0.104665 
1.19893 0.00687224 0.033738 
1.23373 0.00504801 -0.130985 
1.20539 0.000131969 0.178108 
1.20379 0.00800663 0.180841 
1.19572 0.00318523 -0.122911 
1.25626 0.00335587 0.0189259 
1.19476 0.00593895 0.114202 
1.21173 0.00106516 -0.166781 
1.22512 0.00336794 0.156232 
1.19901 0.00632859 -0.0475473 
1.25048 0.00181793 -0.0699352 
1.1954 0.000144363 0.164641 
1.19386 0.00807347 0.167452 
1.19877 0.00656541 -0.16077 
1.24624 0.00386977 0.0968896 
1.199 0.000530679 0.0387904 
1.19859 0.00844677 0.0419157 
1.2322 0.00740096 -0.134532 
1.20538 0.0073467 0.180139 
1.19631 0.00621913 -0.116515 
1.2565 0.000560896 0.0100799 
1.25639 0.00818292 0.0129564 
1.19518 0.000669391 0.118071 
1.19401 0.00860289 0.12104 
1.2101 0.000920469 -0.16803 
1.22675 0.0052259 0.153176 
1.19889 0.000104999 -0.0426553 
1.19928 0.00802027 -0.0395305 
1.24958 0.00600397 -0.0752412 
1.19493 0.00500458 0.169087 
1.19763 0.00381896 -0.159511 
1.24806 0.000214619 0.0889565 
1.24728 0.00787659 0.0917864 
1.19867 0.00214844 0.0469187 
1.22948 0.00180103 -0.140681 
1.207 0.00690765 0.179228 
1.19582 0.00116318 -0.112921 
1.25653 0.00539575 0.00410057 
1.19448 0.00348083 0.124752 
1.20848 0.000558087 -0.169074 
1.20994 0.00841205 -0.166304 
1.22836 0.00729151 0.149926 
1.19917 0.00174069 -0.0345709 
1.24794 0.00240358 -0.0832664 
1.19606 0.00216125 0.170502 
1.19654 0.000846944 -0.158032 
1.24902 0.00435683 0.0837188 
1.19827 0.00382023 0.0549766 
1.22788 0.00373358 -0.143845 
1.20864 0.00668785 0.178108 
1.19643 0.00388218 -0.10617 
1.25648 0.0026048 -0.00475355 
1.19375 0.00645148 0.131242 
1.20837 0.00783896 -0.167141 
1.2312 0.00181931 0.143723 
1.19939 0.00332845 -0.026421 
1.24689 0.00632171 -0.0883037 
1.19565 0.00746454 0.174478 
1.19694 0.00557621 -0.153488 
1.25058 0.000968787 0.0755141 
1.24992 0.0086189 0.0783554 
1.1978 0.00555548 0.0629516 
1.22626 0.00545641 -0.146814 
1.2103 0.0066858 0.176783 
1.197 0.00645523 -0.0992411 
1.25634 0.00742005 -0.0107139 
1.19432 0.00165262 0.134617 
1.20683 0.00704527 -0.167769 
1.23273 0.00430018 0.14009 
1.19953 0.00487784 -0.0182184 
1.245 0.00241879 -0.0960316 
1.1969 0.00507188 0.17545 
1.19597 0.00216682 -0.151575 
1.25139 0.00534317 0.0700363 
1.19727 0.00736351 0.0708317 
1.22463 0.00696809 -0.149589 
1.21198 0.00690023 0.175253 
1.19664 0.000967327 -0.0951832 
1.256 0.00458476 -0.0195233 
1.19362 0.00496306 0.140729 
1.20531 0.0060294 -0.168187 
1.23423 0.00697958 0.136269 
1.1996 0.00639847 -0.009976 
1.24381 0.00602734 -0.100765 
1.1982 0.00290919 0.176201 
1.19644 0.00646906 -0.146574 
1.25268 0.00217421 0.0616029 
1.19745 0.00133017 0.0755347 
1.22168 0.000481075 -0.154941 
1.22298 0.00826759 -0.152167 
1.21366 0.00733003 0.173521 
1.19721 0.00327774 -0.0879482 
1.25547 0.00170791 -0.0282895 
1.19429 0.000520053 0.143739 
1.19291 0.00845662 0.146628 
1.20384 0.00478975 -0.168391 
1.23682 0.00213729 0.129483 
1.19959 0.00789999 -0.00170696 
1.24168 0.00178054 -0.108162 
1.19954 0.000976624 0.17673 
1.19559 0.00263773 -0.144238 
1.25332 0.00673386 0.0559284 
1.19688 0.00330884 0.083208 
1.22001 0.00155927 -0.157324 
1.21685 0.000159217 0.168856 
1.21536 0.0079743 0.171588 
1.19774 0.00546901 -0.0805639 
1.25504 0.00640589 -0.034126 
1.19364 0.00420084 0.149445 
1.2024 0.00332481 -0.16838 
1.23822 0.00520606 0.125296 
1.19957 0.00147902 0.00342974 
1.24036 0.00504276 -0.112564 
1.19933 0.00717222 0.17979 
1.19611 0.00653054 -0.138795 
1.25433 0.00373448 0.0473133 
1.19626 0.0053877 0.0907537 
1.21833 0.00242394 -0.159509 
1.21852 0.00102577 0.166723 
1.19821 0.00755035 -0.0730409 
1.25423 0.00341099 -0.0427687 
1.19443 0.000143284 0.152066 
1.19298 0.00807856 0.154925 
1.201 0.00163328 -0.168152 
1.24061 0.000759531 0.118136 
1.23958 0.00845698 0.120933 
1.1995 0.00297088 0.0117145 
1.23801 0.000416473 -0.119602 
1.239 0.00812322 -0.116789 
1.20078 0.00569035 0.179879 
1.19538 0.0022988 -0.136054 
1.25515 0.00080315 0.0386225 
1.2548 0.00843175 0.0414892 
1.19559 0.00757588 0.0981613 
1.21666 0.00307461 -0.161496 
1.2202 0.00210529 0.164391 
1.19799 0.00161231 -0.0684809 
1.25322 0.000336341 -0.0513278 
1.25363 0.00797249 -0.0484606 
1.19383 0.00422119 0.157342 
1.20114 0.00761514 -0.164906 
1.24189 0.00419152 0.113602 
1.19935 0.00447232 0.0199879 
1.23658 0.00330188 -0.123649 
1.20227 0.00443569 0.17975 
1.19595 0.00580561 -0.13019 
1.25552 0.00555218 0.032742 
1.1959 0.00195192 0.102411 
1.215 0.00351077 -0.163284 
1.22187 0.00339704 0.161862 
1.19843 0.00350338 -0.0607261 
1.25253 0.0048104 -0.0569301 
1.19473 0.000574374 0.159552 
1.19322 0.00850746 0.162382 
1.19986 0.00547479 -0.164238 
1.24404 0.000109289 0.106091 
1.24312 0.00779029 0.108903 
1.19912 0.00599301 0.0282365 
1.23512 0.0059932 -0.127512 
1.20379 0.00340665 0.179405 
1.19533 0.00120021 -0.127067 
1.25605 0.00271526 0.0239457 
1.19522 0.00438261 0.109534 
1.21334 0.00373179 -0.164872 
1.22354 0.00490021 0.159135 
1.1988 0.00531209 -0.0528635 
1.25125 0.00154333 -0.0652909 
1.19419 0.00507118 0.164379 
1.19862 0.00310595 -0.16335 
1.2452 0.00387144 0.101235 
1.19882 0.00754257 0.0364472 
1.2325 0.000752511 -0.133984 
1.23362 0.0084857 -0.131187 
1.20535 0.00260152 0.178847 
1.19593 0.00434917 -0.120807 
1.25625 0.00753051 0.0179901 
1.19449 0.00694941 0.11649 
1.2117 0.00373688 -0.166258 
1.22518 0.00661371 0.156211 
1.19911 0.00704783 -0.0449048 
1.2504 0.00581009 -0.0706792 
1.19522 0.00185491 0.166162 
1.19743 0.000509192 -0.16224 
1.19888 0.00842267 -0.159413 
1.24711 0.00011542 0.0934026 
1.24629 0.00778189 0.0962282 
1.1989 0.00121395 0.0414849 
1.23095 0.00303475 -0.137471 
1.20694 0.00201852 0.178077 
1.19651 0.00732954 -0.114348 
1.25649 0.004739 0.0091404 
1.19493 0.00172645 0.120309 
1.21008 0.00352504 -0.16744 
1.22812 0.00077782 0.150339 
1.22681 0.00853613 0.153092 
1.199 0.000805212 -0.0399898 
1.19936 0.00872004 -0.036862 
1.24885 0.00230209 -0.0787965 
1.19475 0.00678642 0.170526 
1.19776 0.00560535 -0.158083 
1.24812 0.00416872 0.0882554 
1.19854 0.00284814 0.0495917 
1.22938 0.00511099 -0.140765 
1.20856 0.00165594 0.177098 
1.19604 0.00222374 -0.1107 
1.25654 0.00195214 0.00028311 
1.19422 0.0045884 0.126928 
1.20848 0.00309508 -0.168418 
1.22971 0.00291509 0.147027 
1.19926 0.00242439 -0.0318828 
1.24785 0.00631589 -0.083929 
1.19589 0.00401427 0.171871 
1.1967 0.00256309 -0.156533 
1.24977 0.000695449 0.0801381 
1.24907 0.00834937 0.0829757 
1.19812 0.00453942 0.0576239 
1.22778 0.00697884 -0.143866 
1.2102 0.00151215 0.175912 
1.19664 0.00489466 -0.10389 
1.25646 0.00677924 -0.0056894 
1.19349 0.00761227 0.133355 
1.2069 0.00244561 -0.169188 
1.23127 0.00525673 0.143523 
1.19945 0.00399871 -0.0237143 
1.24604 0.00252039 -0.0917617 
1.19709 0.0014705 0.172994 
1.1971 0.00722227 -0.15191 
1.25063 0.00499637 0.074737 
1.19762 0.00629718 0.0655693 
1.2249 0.000866065 -0.149553 
1.22616 0.0086365 -0.146772 
1.21185 0.00158571 0.174521 
1.1972 0.00742249 -0.0969062 
1.25621 0.00396443 -0.0145199 
1.19407 0.00286807 0.136673 
1.20536 0.00157513 -0.169749 
1.23399 7.01281e-05 0.137055 
1.2328 0.00779957 0.139828 
1.19956 0.00553776 -0.0154973 
1.2449 0.00623825 -0.0966017 
1.19676 0.00706901 0.176666 
1.19615 0.00374458 -0.149927 
1.25201 0.00175871 0.066376 
1.19779 0.000208918 0.0703348 
1.19707 0.00813074 0.0734159 
1.22326 0.00230402 -0.152265 
1.21352 0.0018754 0.172926 
1.19685 0.00189316 -0.0928025 
1.25578 0.00111653 -0.0233162 
1.19337 0.00623684 0.142716 
1.20385 0.000482035 -0.170098 
1.20533 0.00836045 -0.167318 
1.23546 0.00281733 0.133174 
1.1996 0.00705118 -0.00724481 
1.24285 0.00211232 -0.104114 
1.19807 0.00497816 0.177345 
1.19526 5.25153e-05 -0.147733 
1.19661 0.00797907 -0.144849 
1.25271 0.00626095 0.060763 
1.19726 0.00212498 0.0780877 
1.2216 0.00352948 -0.154781 
1.2152 0.00238016 0.171129 
1.19741 0.0041641 -0.0855178 
1.25542 0.00585012 -0.0291907 
1.19406 0.00185339 0.145665 
1.20388 0.00705098 -0.167453 
1.2369 0.00575678 0.129109 
1.19958 0.000635684 -0.00211609 
1.19956 0.00854861 0.00103001 
1.24157 0.00549566 -0.108631 
1.19944 0.00311726 0.177802 
1.19579 0.0040824 -0.142446 
1.25382 0.00320972 0.0522041 
1.19667 0.00413502 0.0857207 
1.21993 0.00454179 -0.157099 
1.21689 0.00309912 0.169132 
1.19791 0.00631887 -0.0780873 
1.2547 0.00290075 -0.0378809 
1.1934 0.00559707 0.151298 
1.20246 0.0055157 -0.167372 
1.23936 0.00117934 0.122074 
1.19956 0.00212656 0.00616874 
1.23929 0.00100157 -0.115794 
1.24025 0.00870221 -0.112976 
1.20085 0.00148568 0.17804 
1.1963 0.00791083 -0.136929 
1.25474 0.000235193 0.0435606 
1.25434 0.00786573 0.0464252 
1.19603 0.00624822 0.0932226 
1.21827 0.00534043 -0.159221 
1.21857 0.00403153 0.166934 
1.19767 0.000446676 -0.0736027 
1.19836 0.00836667 -0.0705213 
1.25416 0.00751379 -0.0436272 
1.1942 0.00160338 0.153854 
