1.12349 0.00171305 -0.277238 
1.29027 0.00274999 0.0217162 
1.12581 0.00494665 0.26489 
1.13102 0.00167603 -0.343205 
1.2389 0.00590773 0.241868 
1.16565 0.00402316 0.0667598 
1.19777 0.00409087 -0.301751 
1.16039 0.000345101 0.341985 
1.15774 0.00846065 0.344105 
1.15149 0.00466036 -0.162712 
1.27388 0.00364294 -0.138966 
1.11485 0.00401549 0.336127 
1.11935 0.00791964 -0.310873 
1.28276 0.00129735 0.0998564 
1.13948 0.00680877 0.211175 
1.1505 0.00777462 -0.338681 
1.21217 0.00322924 0.289004 
1.16865 0.00254097 -0.0117507 
1.22425 0.00194392 -0.264007 
1.13991 0.000304052 0.35063 
1.13714 0.00854453 0.3527 
1.13684 0.00223414 -0.224489 
1.2871 0.00368689 -0.0631622 
1.11639 0.0031256 0.30864 
1.11994 0.00314957 -0.333911 
1.26556 0.00265039 0.173797 
1.15409 0.00639423 0.146183 
1.17128 0.00500686 -0.327102 
1.18464 0.00542576 0.322629 
1.16315 0.000507072 -0.0890477 
1.16408 0.00860812 -0.085842 
1.25081 0.0034264 -0.210493 
1.12407 0.00147212 0.349833 
1.12418 0.00151302 -0.274081 
1.29044 0.00222743 0.0155013 
1.12501 0.00451436 0.268374 
1.13069 0.00398358 -0.342432 
1.24132 0.00415507 0.237091 
1.16526 0.00239792 0.0718774 
1.19477 0.00063845 -0.305049 
1.19707 0.00854759 -0.302763 
1.16097 0.00380158 0.341854 
1.15225 0.00342868 -0.158154 
1.27239 0.00280251 -0.144704 
1.1147 0.00522353 0.337937 
1.11701 0.000132582 -0.310754 
1.11973 0.00850056 -0.308505 
1.28374 0.000731388 0.0938011 
1.28299 0.00821474 0.0964842 
1.13859 0.00586176 0.215382 
1.14733 0.00260012 -0.340593 
1.21501 0.00056953 0.285099 
1.21282 0.00837751 0.287416 
1.16871 0.000844448 -0.00650862 
1.22357 0.00729683 -0.265789 
1.14036 0.00315978 0.351025 
1.13769 0.00141914 -0.220513 
1.28639 0.00313959 -0.0692839 
1.11588 0.00347931 0.311275 
1.11995 0.00457984 -0.332371 
1.2673 0.00167841 0.168217 
1.15334 0.00505516 0.150906 
1.16813 0.000548511 -0.329591 
1.17065 0.00860845 -0.327393 
1.18774 0.00170224 0.319599 
1.16453 0.00704414 -0.0808441 
1.24861 0.00186504 -0.215507 
1.12429 0.00357687 0.350819 
1.12489 0.00126155 -0.270864 
1.29055 0.001704 0.0092843 
1.12422 0.00412897 0.271799 
1.13039 0.0062322 -0.341609 
1.24369 0.00246568 0.232247 
1.16485 0.000785932 0.076974 
1.19408 0.00502439 -0.306011 
1.16155 0.00730213 0.341675 
1.153 0.00216988 -0.153563 
1.27084 0.00192118 -0.150399 
1.11458 0.00649623 0.339683 
1.11742 0.000652164 -0.308336 
1.28465 0.00017819 0.087723 
1.28395 0.00765755 0.0904129 
1.13769 0.00494781 0.219542 
1.14682 0.00556112 -0.34032 
1.21566 0.00578546 0.283456 
1.16873 0.00721968 0.00204914 
1.22087 0.00481832 -0.269905 
1.14082 0.00606432 0.351375 
1.13855 0.000569508 -0.216486 
1.28562 0.00258437 -0.0753874 
1.1154 0.00389634 0.313848 
1.11999 0.00594672 -0.330767 
1.26898 0.000752795 0.162588 
1.2677 0.00830064 0.165179 
1.15259 0.00374176 0.155599 
1.16751 0.0040996 -0.329845 
1.18839 0.00600345 0.318724 
1.16495 0.00546383 -0.0758211 
1.24635 0.000243069 -0.220458 
1.24802 0.00788964 -0.217955 
1.12453 0.00574256 0.351751 
1.12561 0.000959993 -0.267588 
1.29059 0.00117978 0.00306657 
1.29054 0.00863298 0.00580061 
1.12345 0.00379184 0.275165 
1.12734 0.000114158 -0.342853 
1.13009 0.00842125 -0.340734 
1.24601 0.000838463 0.227338 
1.24425 0.00849167 0.229801 
1.16349 0.00728525 0.0852621 
1.19105 0.00141473 -0.309186 
1.16477 0.00275831 0.339325 
1.15374 0.000884477 -0.148941 
1.26924 0.000996619 -0.15605 
1.27042 0.0085394 -0.153429 
1.11448 0.00783333 0.341364 
1.11786 0.00110819 -0.305857 
1.28485 0.00711112 0.0843202 
1.1368 0.00406762 0.223655 
1.14365 0.000269478 -0.342141 
1.14632 0.00847585 -0.340004 
1.21845 0.00327437 0.279421 
1.1687 0.00552063 0.00729848 
1.21812 0.0022609 -0.273948 
1.14405 0.000801559 0.349606 
1.1415 0.00791501 -0.209666 
1.28478 0.00201932 -0.0814709 
1.11494 0.0043773 0.316358 
1.12005 0.00724994 -0.3291 
1.26936 0.0074121 0.159515 
1.15182 0.00245463 0.160262 
1.16688 0.00760527 -0.33005 
1.19147 0.0024351 0.315572 
1.16535 0.00386818 -0.0707736 
1.24575 0.00621703 -0.222858 
1.12479 0.0079687 0.35263 
1.12636 0.000609733 -0.264253 
1.29056 0.000654883 -0.0031506 
1.29056 0.00810809 -0.000416118 
1.1227 0.00350436 0.278473 
1.12707 0.00224137 -0.341938 
1.24656 0.00691482 0.224844 
1.163 0.00570524 0.0903047 
1.19037 0.00566568 -0.310037 
1.16537 0.00635356 0.339059 
1.15596 0.00771911 -0.141253 
1.26757 2.66631e-05 -0.161653 
1.2688 0.00757679 -0.159044 
1.11728 0.000853819 0.340903 
1.11832 0.00150116 -0.303315 
1.28568 0.00657331 0.0782081 
1.13592 0.00322196 0.227718 
1.14316 0.00313371 -0.341795 
1.22121 0.000842584 0.275312 
1.21909 0.0086184 0.277655 
1.16864 0.00382215 0.0125477 
1.21743 0.00742261 -0.275554 
1.14453 0.00380332 0.349882 
1.14234 0.00699339 -0.205526 
1.28388 0.00144232 -0.0875326 
1.1145 0.00492267 0.318807 
1.11737 0.000121173 -0.329532 
1.12014 0.00848927 -0.327369 
1.27097 0.00656593 0.153807 
1.15104 0.00119434 0.164894 
1.16373 0.00298068 -0.332404 
1.19212 0.00687263 0.314584 
1.16574 0.00225818 -0.0657023 
1.24344 0.00448219 -0.227697 
1.12791 0.00193944 0.35141 
1.12712 0.000212136 -0.260859 
1.12957 0.00851422 -0.258356 
1.29047 0.000129416 -0.00936593 
1.29052 0.00758292 -0.00663151 
1.12197 0.00326791 0.281721 
1.12683 0.00430807 -0.340971 
1.24882 0.00539845 0.219823 
1.16249 0.00414164 0.0953237 
1.18732 0.00190236 -0.313091 
1.16857 0.00192924 0.336606 
1.15664 0.00637837 -0.136556 
1.26712 0.00656707 -0.164611 
1.11725 0.00231856 0.34247 
1.11881 0.00183168 -0.300712 
1.28645 0.00604222 0.0720783 
1.13504 0.00241162 0.23173 
1.14269 0.00594942 -0.341406 
1.22185 0.00625036 0.273491 
1.16855 0.0021254 0.0177944 
1.21464 0.00471722 -0.279469 
1.14503 0.00685063 0.350114 
1.14318 0.00603934 -0.20134 
1.28292 0.000851068 -0.0935706 
1.28362 0.0083353 -0.0908753 
1.1141 0.00553284 0.321193 
1.11749 0.00129726 -0.32775 
1.27252 0.00575976 0.148055 
1.14846 0.00813495 0.172414 
1.16312 0.00639472 -0.332526 
1.19517 0.00346297 0.311307 
1.1661 0.00063488 -0.0606081 
1.16673 0.00872113 -0.0573452 
1.24107 0.00268408 -0.23247 
1.12822 0.00428654 0.352198 
1.13032 0.00806579 -0.254888 
1.29041 0.00705753 -0.0128443 
1.12125 0.00308385 0.284909 
1.1266 0.00631382 -0.339949 
1.25103 0.00394161 0.214739 
1.16195 0.00259543 0.100318 
1.18664 0.00602288 -0.313835 
1.16918 0.0056242 0.336251 
1.1573 0.00501285 -0.13183 
1.26538 0.00550838 -0.170128 
1.11724 0.00384709 0.343974 
1.11932 0.00210046 -0.298047 
1.28716 0.00551616 0.0659327 
1.13416 0.00163749 0.23569 
1.13953 0.000483771 -0.343104 
1.14223 0.00871539 -0.340973 
1.22456 0.00395854 0.269253 
1.16844 0.000431502 0.0230366 
1.16815 0.00850704 0.0263383 
1.21181 0.00192869 -0.283309 
1.14826 0.00175353 0.348222 
1.14401 0.00505346 -0.197108 
1.28189 0.000243122 -0.0995828 
1.28264 0.00773169 -0.0968941 
1.11371 0.00620811 0.323516 
1.11764 0.00240915 -0.325904 
1.274 0.00499109 0.142262 
1.14762 0.00693449 0.176964 
1.15995 0.0016578 -0.334783 
1.19818 0.000141678 0.307954 
1.19582 0.00803989 0.310203 
1.16703 0.00708386 -0.0522224 
1.23865 0.000821588 -0.237177 
1.24044 0.0085048 -0.234709 
1.12854 0.00669219 0.352936 
1.1311 0.00757264 -0.251361 
1.29024 0.00653194 -0.0190531 
1.12056 0.00295353 0.288038 
1.1264 0.00825824 -0.338871 
1.25319 0.00254332 0.209595 
1.16141 0.00106754 0.105288 
1.18356 0.00211078 -0.316772 
1.17236 0.00132474 0.333691 
1.15795 0.00362319 -0.127074 
1.26358 0.00439905 -0.175594 
1.11726 0.00543915 0.345415 
1.11986 0.0023083 -0.295321 
1.28779 0.00499364 0.059773 
1.13329 0.00090051 0.239597 
1.13909 0.00319593 -0.34264 
1.22723 0.00174122 0.264942 
1.16796 0.00681789 0.0315704 
1.21112 0.0068886 -0.28474 
1.14877 0.00489253 0.34838 
1.14484 0.00403636 -0.192834 
1.2816 0.00710908 -0.102886 
1.11336 0.00694867 0.325775 
1.11782 0.00345663 -0.323994 
1.27543 0.0042573 0.136429 
1.14678 0.00576254 0.181479 
1.15936 0.00498306 -0.334826 
1.19884 0.00479083 0.306798 
1.1673 0.0054355 -0.0470794 
1.23802 0.00658861 -0.239366 
1.13169 0.000863911 0.35157 
1.13188 0.0070361 -0.247777 
1.28999 0.00600604 -0.0252565 
1.11989 0.00287828 0.291108 
1.12345 0.00180979 -0.33987 
1.25529 0.00120262 0.204391 
1.15962 0.00767489 0.113371 
1.18289 0.00610654 -0.317412 
1.17299 0.00512542 0.333242 
1.15859 0.00221008 -0.122291 
1.26173 0.00323754 -0.181008 
1.11731 0.00709449 0.346795 
1.12041 0.00245609 -0.292535 
1.28837 0.00447342 0.0536009 
1.13243 0.00020167 0.24345 
1.13004 0.00847867 0.246017 
1.13866 0.00585598 -0.342133 
1.22785 0.0073287 0.262945 
1.16776 0.00513398 0.036793 
1.20826 0.00394522 -0.288452 
1.1493 0.00807475 0.348493 
1.14567 0.00298856 -0.188518 
1.2805 0.00646481 -0.108848 
1.11303 0.00775466 0.327971 
1.11803 0.00443951 -0.322019 
1.27679 0.00355568 0.130559 
1.14594 0.00461961 0.185959 
1.15618 0.000135788 -0.336989 
1.15878 0.00826633 -0.334824 
1.20183 0.00163032 0.303318 
1.16756 0.00377713 -0.0419173 
1.23555 0.00460583 -0.243954 
1.13205 0.00338636 0.352222 
1.13268 0.00645742 -0.244136 
1.28969 0.0054796 -0.0314533 
1.11923 0.00285935 0.294117 
1.1233 0.00362965 -0.338691 
1.25578 0.00751881 0.201654 
1.159 0.0061895 0.118278 
1.17979 0.00205148 -0.320234 
1.17615 0.00095696 0.330572 
1.15922 0.000774229 -0.117479 
1.25982 0.00202245 -0.186368 
1.12024 0.000449944 0.346051 
1.12099 0.00254482 -0.289688 
1.28888 0.00395448 0.047418 
1.12916 0.00782434 0.249798 
1.13552 0.000206407 -0.343704 
1.13824 0.00846275 -0.34158 
1.23047 0.00524248 0.258508 
1.16753 0.00345645 0.0420042 
1.20535 0.000915553 -0.292089 
1.15254 0.00313681 0.346477 
1.1465 0.00191059 -0.184161 
1.27933 0.00579613 -0.114779 
1.11557 0.000236731 0.327966 
1.11273 0.00862609 0.330102 
1.11827 0.00535765 -0.31998 
1.27809 0.00288345 0.124654 
1.14508 0.00350619 0.190401 
1.15561 0.00337357 -0.336955 
1.20248 0.00642038 0.302042 
1.16779 0.00210986 -0.0367377 
1.23303 0.0025551 -0.248474 
