1.07751 0.00515481 -0.336482 
1.30921 0.00343107 -0.00566809 
1.07093 0.00404488 0.352696 
1.07157 0.00851897 -0.413828 
1.26861 0.000878204 0.229273 
1.2669 0.00841443 0.23168 
1.12507 0.00805334 0.190101 
1.12762 0.0079214 -0.410381 
1.17549 0.00445059 0.383038 
1.15137 0.00681852 -0.0417323 
1.21364 0.0048904 -0.330969 
1.09565 0.00782871 0.430142 
1.10619 0.00455339 -0.253583 
1.29394 0.00421757 -0.141053 
1.0608 0.00049078 0.404913 
1.06483 0.00672865 -0.3836 
1.30139 0.00376917 0.104842 
1.09189 0.00709133 0.291245 
1.09061 0.00684633 -0.420582 
1.22829 0.00473723 0.312818 
1.14619 0.00611091 0.0912884 
1.16365 0.00795666 -0.387006 
1.13693 0.00551886 0.413282 
1.13741 0.00657698 -0.143788 
1.25351 0.000377636 -0.25925 
1.25538 0.00797785 -0.256883 
1.07211 0.00778251 0.42821 
1.0815 0.00208151 -0.322546 
1.3084 0.0049906 -0.0331296 
1.06743 0.00229175 0.365422 
1.06755 0.00634838 -0.410521 
1.2757 0.00743734 0.207934 
1.12033 0.00109021 0.210334 
1.11859 0.005819 -0.414563 
1.18684 0.00138414 0.371417 
1.15244 0.00629442 -0.0150609 
1.20306 0.00510302 -0.345534 
1.10439 0.00377346 0.427761 
1.11364 0.00769167 -0.232714 
1.28776 0.00492311 -0.166242 
1.06004 0.00501857 0.412456 
1.06719 0.00764035 -0.373268 
1.30491 0.00541644 0.0780654 
1.08707 0.00305695 0.307371 
1.08533 0.00834459 -0.419804 
1.24004 0.000405545 0.292644 
1.2379 0.00807605 0.294905 
1.14219 0.00562158 0.116907 
1.15172 0.000780826 -0.396013 
1.14619 0.0053282 0.407316 
1.14217 0.00642392 -0.119143 
1.24466 0.00451538 -0.27838 
1.07713 0.00802704 0.429887 
1.08872 0.00710906 -0.305582 
1.30654 0.00660375 -0.0603683 
1.06433 0.00162795 0.377251 
1.06411 0.00328749 -0.406296 
1.28352 0.00730005 0.183498 
1.11301 0.00320455 0.232616 
1.10969 0.00295457 -0.418028 
1.1953 0.00785221 0.360614 
1.15246 0.00579546 0.0117831 
1.19215 0.00387414 -0.358794 
1.11325 0.000704386 0.424663 
1.11853 0.00175066 -0.21367 
1.28055 0.00490796 -0.190779 
1.06321 0.00183433 0.417244 
1.07005 0.00725167 -0.361917 
1.30739 0.00705845 0.0508993 
1.07954 0.00798324 0.324749 
1.0771 0.000137796 -0.420218 
1.24909 0.00458346 0.273668 
1.13735 0.00534341 0.141946 
1.14245 0.000705649 -0.402272 
1.1554 0.00609331 0.400578 
1.14612 0.00599385 -0.0938905 
1.23318 0.00016233 -0.298819 
1.23531 0.00786062 -0.296549 
1.0855 0.000650883 0.429319 
1.0933 0.00318701 -0.28993 
1.30299 0.000852428 -0.0898659 
1.30364 0.00823914 -0.0872396 
1.0617 0.00224665 0.388095 
1.06452 0.00797681 -0.399294 
1.29149 0.000460671 0.155875 
1.2903 0.00789777 0.158412 
1.10531 0.00608043 0.253958 
1.10396 0.00765213 -0.419003 
1.20853 4.67486e-05 0.344355 
1.20606 0.00788086 0.34647 
1.15143 0.00528515 0.0385836 
1.18091 0.00105145 -0.370796 
1.11925 0.00682024 0.422633 
1.12538 0.00342188 -0.19112 
1.27233 0.00404254 -0.214637 
1.06376 0.00831818 0.422718 
1.07334 0.00572776 -0.349641 
1.309 0.00127562 0.0208222 
1.30882 0.00863975 0.0234785 
1.07533 0.00478477 0.339124 
1.07538 0.00829661 -0.416599 
1.25949 0.00194581 0.251447 
1.13172 0.00545577 0.166363 
1.13607 0.00811616 -0.405922 
1.16449 0.00805017 0.392994 
1.14919 0.00544724 -0.0680686 
1.2233 0.00259061 -0.315853 
1.09086 0.00300079 0.42987 
1.10085 0.00740077 -0.271009 
1.29886 0.00237072 -0.11623 
1.05962 0.00424117 0.397864 
1.06246 0.0027476 -0.392939 
1.29705 0.00164044 0.13014 
1.10015 0.00116022 0.271875 
1.09535 0.00282632 -0.421126 
1.21886 0.00143918 0.328839 
1.14937 0.00473894 0.0651345 
1.17203 0.00464272 -0.379638 
1.1284 0.00521599 0.418104 
1.13163 0.00434891 -0.167808 
1.26314 0.00227547 -0.23777 
1.06809 0.00686642 0.425704 
1.077 0.00330231 -0.33651 
1.30919 0.00282026 -0.00670314 
1.07147 0.00220177 0.352679 
1.0709 0.00693464 -0.41405 
1.26902 0.000168335 0.228377 
1.26732 0.00770268 0.230788 
1.12537 0.00613833 0.190108 
1.12693 0.00664614 -0.410788 
1.17614 0.00339252 0.382483 
1.15131 0.00489172 -0.0417537 
1.21306 0.00399365 -0.331667 
1.09636 0.00644177 0.429832 
1.10581 0.00267981 -0.253585 
1.29368 0.00358563 -0.142021 
1.05818 0.00758545 0.406491 
1.06425 0.00498117 -0.383689 
1.30157 0.00315801 0.10384 
1.09233 0.00522255 0.291257 
1.08992 0.00539588 -0.420878 
1.22884 0.00391109 0.312053 
1.14633 0.00417829 0.0912738 
1.16298 0.00681166 -0.387515 
1.13763 0.0042889 0.412848 
1.13719 0.00464893 -0.143807 
1.25492 0.00721391 -0.257732 
1.07282 0.00624633 0.427977 
1.08101 0.000220056 -0.322562 
1.30834 0.00438149 -0.0341601 
1.06798 0.000471318 0.365392 
1.06688 0.00473505 -0.410716 
1.27608 0.0067549 0.207017 
1.11839 0.00753131 0.213107 
1.1179 0.00451532 -0.414943 
1.18747 0.000382882 0.370821 
1.18484 0.0083355 0.372847 
1.15242 0.00437049 -0.0150792 
1.20246 0.00416121 -0.346189 
1.1051 0.0024268 0.427424 
1.11329 0.00580971 -0.232718 
1.28746 0.00427122 -0.167188 
1.06069 0.00336759 0.412316 
1.06662 0.00585848 -0.373336 
1.30505 0.00480876 0.0770484 
1.08753 0.00119158 0.307373 
1.08464 0.00685661 -0.420082 
1.23843 0.00728045 0.294104 
1.14238 0.00368816 0.116896 
1.15382 0.0077528 -0.394544 
1.14688 0.00413229 0.406856 
1.14199 0.00449194 -0.119166 
1.24416 0.00372228 -0.279194 
1.07784 0.00652506 0.429636 
1.08826 0.0052463 -0.305598 
1.30643 0.00599625 -0.0613893 
1.06168 0.00857812 0.379011 
1.06346 0.00164329 -0.40646 
1.28385 0.0066445 0.182558 
1.11336 0.0013165 0.232629 
1.109 0.0016182 -0.418383 
1.19592 0.00690182 0.35998 
1.15249 0.00387222 0.011767 
1.19153 0.00288124 -0.359405 
1.11092 0.0078107 0.42607 
1.12044 0.00820592 -0.210902 
1.2802 0.00423082 -0.191703 
1.06388 0.000216163 0.417073 
1.0695 0.00543956 -0.361968 
1.30748 0.00645098 0.0498713 
1.08004 0.0061196 0.324752 
1.07954 0.0072722 -0.418749 
1.24958 0.00381846 0.27283 
1.13758 0.00341285 0.141939 
1.1446 0.00770256 -0.400808 
1.15608 0.00493774 0.40009 
1.14598 0.00406194 -0.0939137 
1.23478 0.00703906 -0.29733 
1.08306 0.0078008 0.430733 
1.09287 0.00132208 -0.289936 
1.30282 0.0002432 -0.0908713 
1.30348 0.00763061 -0.0882467 
1.06229 0.000491083 0.388031 
1.0639 0.00630272 -0.399436 
1.29059 0.00726448 0.15745 
1.10569 0.00420261 0.253975 
1.10326 0.00628272 -0.419338 
1.20666 0.00697934 0.345792 
1.1515 0.00336021 0.0385686 
1.18026 4.05455e-06 -0.371366 
1.18287 0.00798862 -0.369317 
1.11995 0.00553575 0.422249 
1.12509 0.00151417 -0.191126 
1.27194 0.0033371 -0.215537 
1.06445 0.00672549 0.422529 
1.07281 0.00389208 -0.349677 
1.30904 0.000667856 0.0197875 
1.30887 0.00803181 0.0224443 
1.07584 0.00292966 0.339116 
1.0747 0.00674239 -0.416841 
1.25995 0.0012106 0.250578 
1.13198 0.00353231 0.166363 
1.13539 0.0068691 -0.406353 
1.16516 0.00694156 0.392476 
1.14908 0.00351819 -0.0680903 
1.22274 0.00173393 -0.31659 
1.09157 0.00158009 0.429576 
1.10045 0.00553487 -0.271015 
1.29864 0.001755 -0.117218 
1.06024 0.00252244 0.397779 
1.06185 0.00103586 -0.393046 
1.29728 0.00102407 0.129155 
1.2963 0.00843702 0.131727 
1.09782 0.00776213 0.274294 
1.09465 0.00141512 -0.421436 
1.21943 0.000582485 0.328112 
1.21707 0.00835806 0.330275 
1.14948 0.00281084 0.0651201 
1.17137 0.00354498 -0.380175 
1.1291 0.0039605 0.417695 
1.13137 0.00242997 -0.167819 
1.2627 0.00154078 -0.238643 
1.06879 0.00530334 0.42549 
1.07649 0.00145079 -0.336534 
1.30918 0.00221292 -0.00773838 
1.072 0.000361877 0.35266 
1.07022 0.00535114 -0.414269 
1.26774 0.00699534 0.229895 
1.12566 0.00422564 0.190116 
1.12624 0.00537225 -0.411193 
1.17679 0.00233959 0.381926 
1.15124 0.00296648 -0.0417726 
1.21248 0.00309853 -0.332363 
1.09707 0.00505951 0.42952 
1.10543 0.000807356 -0.253583 
1.29342 0.00295655 -0.142989 
1.05882 0.00590224 0.406382 
1.06366 0.00323409 -0.383773 
1.30176 0.00255056 0.102837 
1.09277 0.00335621 0.291268 
1.08922 0.00394612 -0.42117 
1.22939 0.00308948 0.311286 
1.14648 0.00224732 0.0912606 
1.16232 0.00566772 -0.388023 
1.13832 0.00306338 0.412412 
1.13697 0.002722 -0.143824 
1.25445 0.00645225 -0.258579 
1.07352 0.00471453 0.427743 
1.08349 0.00696297 -0.320449 
1.30827 0.00377588 -0.0351906 
1.06535 0.00736493 0.367232 
1.06621 0.0031225 -0.410908 
1.27646 0.00607683 0.206099 
1.11871 0.00563143 0.213122 
1.1172 0.00321288 -0.415322 
1.18548 0.00733577 0.372255 
1.1524 0.00244812 -0.0150952 
1.20186 0.00322075 -0.346841 
1.1058 0.00108472 0.427086 
1.11295 0.00392877 -0.232719 
1.28715 0.00362197 -0.168135 
1.06135 0.00172081 0.412174 
1.06605 0.00407705 -0.3734 
1.30519 0.00420463 0.0760307 
1.08505 0.00788807 0.309571 
1.08394 0.00536933 -0.420358 
1.23895 0.00648929 0.293302 
1.14257 0.00175652 0.116885 
1.15315 0.00656898 -0.395024 
1.14757 0.00294097 0.406394 
1.14181 0.00256123 -0.119185 
1.24365 0.00293137 -0.280008 
1.07854 0.00502761 0.429383 
1.0878 0.0033848 -0.305611 
1.30632 0.00539218 -0.06241 
1.06226 0.00678781 0.378974 
1.28418 0.00599322 0.181616 
1.11125 0.0078159 0.235282 
1.1083 0.000282895 -0.418735 
1.11129 0.00872334 -0.416924 
1.19654 0.00595649 0.359345 
1.15251 0.00195052 0.0117529 
1.19091 0.00188946 -0.360015 
1.11163 0.00649939 0.425712 
1.12013 0.00631333 -0.210907 
1.27985 0.00355614 -0.192627 
1.06131 0.00736268 0.418566 
1.06895 0.00362802 -0.362015 
1.30757 0.00584697 0.0488428 
1.08053 0.00425862 0.324753 
1.07884 0.00575023 -0.419008 
1.25007 0.00305785 0.271991 
1.1378 0.00148426 0.141934 
1.14392 0.00648543 -0.401262 
1.15676 0.00378699 0.3996 
1.14583 0.00213144 -0.0939342 
