0.651628 1.5708 0.151257 
0.651857 1.57308 0.150548 
0.652089 1.57537 0.149839 
0.652322 1.57765 0.14913 
0.77929 1.56541 -0.182793 
0.777784 1.57732 -0.186226 
1.07478 1.56741 0.0840545 
1.07556 1.57663 0.082966 
0.601123 1.57455 0.0829715 
0.891986 1.56438 -0.172657 
0.890557 1.57506 -0.17538 
0.971889 1.56478 0.146045 
0.973149 1.57475 0.143955 
0.591007 1.56691 -0.0105512 
1.00085 1.56321 -0.126301 
0.999732 1.57299 -0.128088 
0.859699 1.56289 0.186976 
0.861188 1.57385 0.184009 
0.610995 1.56631 -0.102307 
1.09663 1.56364 -0.0631322 
1.0961 1.57271 -0.063999 
0.748721 1.57208 0.183975 
0.67526 1.5673 -0.15816 
1.12836 1.56693 0.00872688 
1.12847 1.57578 0.00812941 
0.656245 1.57196 0.153509 
0.77206 1.57262 -0.184243 
1.07992 1.56664 0.080248 
1.08065 1.57582 0.0792064 
0.602191 1.56682 0.0904549 
0.885381 1.56557 -0.174804 
0.883948 1.57631 -0.177574 
0.978756 1.56984 0.141924 
0.590685 1.57524 -0.00755154 
0.99408 1.56928 -0.130673 
0.992973 1.57911 -0.132537 
0.866331 1.56317 0.185561 
0.867813 1.57407 0.182638 
0.608453 1.57312 -0.0999101 
1.0922 1.56366 -0.0670371 
1.09163 1.57277 -0.0679444 
0.754216 1.56699 0.186386 
0.755758 1.57918 0.182787 
0.669862 1.57297 -0.157634 
1.12861 1.56859 0.00432705 
1.12869 1.57744 0.00373248 
0.660056 1.56404 0.158468 
0.661422 1.57762 0.154274 
0.766413 1.56773 -0.182111 
1.0849 1.56611 0.0763823 
1.0856 1.57525 0.0753863 
0.604219 1.57373 0.0931735 
0.878801 1.56644 -0.176733 
0.877363 1.57725 -0.179549 
0.9844 1.56527 0.139713 
0.985622 1.57515 0.13774 
0.59055 1.56873 0.000220617 
0.988469 1.56523 -0.133086 
0.987313 1.5751 -0.134996 
0.872991 1.5638 0.183889 
0.874469 1.57463 0.18101 
0.607024 1.56539 -0.0927802 
1.08755 1.56342 -0.0708837 
1.08695 1.57256 -0.071833 
0.761309 1.57415 0.185104 
0.665948 1.56506 -0.152868 
0.66459 1.57859 -0.157014 
1.12863 1.57024 -7.34951e-05 
1.12868 1.57908 -0.000667771 
0.665314 1.56975 0.15913 
0.760844 1.56268 -0.179843 
0.759327 1.57482 -0.183387 
1.0897 1.56583 0.072459 
1.09036 1.57494 0.0715074 
0.605526 1.56605 0.100399 
0.872249 1.567 -0.17843 
0.870804 1.57787 -0.181291 
0.991252 1.57089 0.135397 
0.590495 1.56224 0.0079901 
0.590526 1.57711 0.00320561 
0.981696 1.57072 -0.137275 
0.879678 1.56476 0.181973 
0.881152 1.57553 0.17914 
0.604837 1.57219 -0.0901148 
1.08271 1.56292 -0.0746703 
1.08207 1.5721 -0.0756631 
0.766941 1.56926 0.187287 
0.660755 1.57059 -0.152133 
1.12842 1.56303 -0.00387738 
1.12841 1.57188 -0.00447235 
0.6707 1.57545 0.159711 
0.753808 1.56972 -0.181029 
1.0943 1.56581 0.06848 
1.09493 1.57489 0.0675713 
0.607902 1.57297 0.102865 
0.865723 1.56721 -0.179881 
0.864271 1.57815 -0.182786 
0.996918 1.56699 0.132879 
0.998103 1.57677 0.131029 
0.590569 1.5706 0.0109766 
0.976122 1.56597 -0.13937 
0.974925 1.57593 -0.141397 
0.88639 1.56603 0.179829 
0.887862 1.57673 0.177043 
0.603657 1.56441 -0.0827039 
0.60285 1.57904 -0.0873418 
1.07771 1.56218 -0.0783962 
1.07702 1.57139 -0.0794338 
0.772654 1.56454 0.189325 
0.774187 1.57649 0.185836 
0.657035 1.56249 -0.147114 
0.655693 1.57615 -0.151323 
1.128 1.56466 -0.00826879 
1.12796 1.57351 -0.00886705 
0.67478 1.56784 0.164299 
0.748373 1.5645 -0.178551 
0.746873 1.57681 -0.182169 
1.09868 1.56605 0.0644479 
1.09927 1.5751 0.0635803 
0.609507 1.5654 0.109779 
0.859227 1.56708 -0.181073 
0.857766 1.57808 -0.18402 
1.00262 1.56342 0.130193 
1.00376 1.57316 0.12839 
0.590693 1.56405 0.0187533 
0.590844 1.57892 0.0139716 
0.969344 1.57085 -0.14335 
0.893126 1.5676 0.177472 
0.894597 1.57824 0.174735 
0.601773 1.57126 -0.0798207 
1.07183 1.57045 -0.0831442 
0.779952 1.57191 0.187752 
0.65206 1.56803 -0.146203 
1.12734 1.56629 -0.0126504 
1.12727 1.57515 -0.0132547 
0.680371 1.57372 0.164657 
0.741496 1.57156 -0.179604 
1.1028 1.56656 0.0603668 
1.10335 1.57558 0.0595383 
0.612279 1.57234 0.111956 
0.852765 1.56657 -0.181992 
0.851294 1.57764 -0.184981 
1.00944 1.56988 0.125593 
0.591061 1.57232 0.0217616 
0.963809 1.56541 -0.145115 
0.962566 1.57547 -0.147253 
0.899885 1.56945 0.174921 
0.600787 1.5635 -0.0721896 
0.600067 1.57818 -0.0768585 
1.06652 1.56929 -0.0867928 
1.0658 1.57858 -0.0879553 
0.785798 1.56756 0.189493 
0.787352 1.57934 0.18608 
0.647233 1.57368 -0.145224 
1.12643 1.56792 -0.0170186 
1.12633 1.57678 -0.0176315 
0.68464 1.56649 0.16894 
0.736218 1.56619 -0.17691 
0.734736 1.57866 -0.180601 
1.10665 1.56729 0.0562424 
1.10717 1.57629 0.0554507 
0.614226 1.56485 0.118536 
0.6153 1.57924 0.113998 
0.846345 1.56567 -0.182629 
0.844862 1.5768 -0.185658 
1.01515 1.56688 0.122651 
1.01625 1.57653 0.120978 
0.591351 1.56562 0.0295674 
0.957029 1.56968 -0.14887 
0.906665 1.57156 0.172195 
0.599159 1.57046 -0.0691472 
1.06111 1.56793 -0.0903771 
1.06035 1.57726 -0.091588 
0.791722 1.56347 0.191045 
0.793251 1.57519 0.187669 
0.643834 1.56555 -0.139873 
0.642568 1.57945 -0.144175 
1.12526 1.56951 -0.0213692 
1.12513 1.57838 -0.0219936 
0.69044 1.57263 0.169045 
0.729536 1.57321 -0.177802 
1.1102 1.56823 0.0520809 
1.11068 1.5772 0.0513233 
0.617421 1.57173 0.120425 
0.839976 1.56434 -0.182973 
0.838479 1.57554 -0.186042 
1.02087 1.56414 0.119577 
1.02193 1.57375 0.117954 
0.591992 1.57365 0.0326245 
0.951549 1.56353 -0.150293 
0.950255 1.57368 -0.152538 
0.912056 1.56343 0.171914 
0.913463 1.5739 0.169316 
0.598318 1.56277 -0.0613576 
0.597691 1.57749 -0.0660542 
1.05563 1.56636 -0.0938942 
1.05482 1.57573 -0.0951539 
0.799228 1.57133 0.189052 
0.639288 1.57137 -0.138717 
1.124 1.56219 -0.0250715 
1.12382 1.57107 -0.0256984 
0.694902 1.56582 0.173 
0.696371 1.57885 0.169036 
0.724452 1.56758 -0.17485 
1.11343 1.56933 0.0478882 
1.11388 1.57828 0.0471619 
0.619729 1.5642 0.126683 
0.620863 1.57848 0.122192 
0.833667 1.56257 -0.183022 
0.832154 1.57384 -0.18613 
1.02761 1.57118 0.114815 
0.592424 1.56669 0.0404762 
0.944782 1.56719 -0.153806 
0.943493 1.5774 -0.156113 
0.918866 1.56605 0.168846 
0.920276 1.57645 0.166304 
0.596911 1.56987 -0.0582151 
1.05009 1.56459 -0.0973407 
1.04924 1.574 -0.0986494 
0.805282 1.56779 0.190212 
0.806837 1.57934 0.186914 
0.636166 1.56329 -0.13312 
0.63493 1.57732 -0.13748 
1.1223 1.56367 -0.0293604 
1.12208 1.57256 -0.0300031 
0.700917 1.57222 0.17284 
0.718 1.57446 -0.175531 
1.11635 1.57056 0.043669 
1.11676 1.57949 0.0429709 
0.623342 1.57088 0.128314 
0.825895 1.57169 -0.185924 
1.0333 1.56881 0.111575 
1.03433 1.57832 0.110086 
0.593306 1.57439 0.0435915 
0.938029 1.57058 -0.157224 
0.925689 1.56888 0.16566 
0.927103 1.57922 0.163174 
0.59618 1.56231 -0.0503317 
0.595652 1.57708 -0.0550526 
1.04451 1.56264 -0.100713 
1.04361 1.57209 -0.102071 
0.811413 1.56461 0.191134 
0.812946 1.57609 0.187872 
0.631948 1.56931 -0.131766 
1.1203 1.56507 -0.03362 
1.12005 1.57398 -0.0342816 
0.705579 1.56582 0.176461 
0.707068 1.57869 0.172565 
0.713138 1.56847 -0.172273 
1.11857 1.56299 0.0401179 
1.11893 1.5719 0.039426 
0.626005 1.56322 0.134281 
0.627191 1.57739 0.12984 
0.819707 1.56909 -0.185431 
1.03897 1.56661 0.108243 
1.03996 1.57609 0.106804 
0.593854 1.56711 0.051476 
0.932638 1.5634 -0.158137 
0.931292 1.57371 -0.160543 
0.932524 1.57191 0.162366 
0.594972 1.56964 -0.0471539 
1.03797 1.57 -0.105416 
1.03707 1.5795 -0.106856 
0.819132 1.57323 0.188574 
0.627941 1.57549 -0.130321 
1.118 1.56639 -0.0378497 
1.11771 1.57531 -0.0385332 
0.711821 1.57246 0.176036 
0.708402 1.56224 -0.168835 
0.706928 1.5751 -0.172702 
1.12086 1.56442 0.0358289 
1.12119 1.57332 0.0351601 
0.630014 1.56964 0.135684 
0.813592 1.56608 -0.184666 
0.812092 1.57758 -0.187894 
1.04462 1.56459 0.104827 
1.04557 1.57402 0.103439 
0.594951 1.57449 0.0546202 
0.925914 1.56622 -0.161295 
0.92457 1.5766 -0.163758 
0.938015 1.56493 0.161362 
0.939373 1.57517 0.158975 
0.594335 1.56232 -0.0392465 
0.593911 1.57712 -0.0439885 
1.0323 1.56775 -0.10868 
1.03137 1.57729 -0.11017 
0.825397 1.57079 0.189002 
0.625287 1.56761 -0.124336 
1.11538 1.56761 -0.0420493 
1.11506 1.57655 -0.0427577 
0.716698 1.56647 0.179324 
0.718206 1.57918 0.175497 
0.702287 1.5687 -0.169114 
1.12284 1.56593 0.0315202 
1.12314 1.57481 0.0308715 
0.634241 1.5759 0.136994 
0.807549 1.56269 -0.183646 
0.806026 1.57425 -0.186911 
1.05025 1.56274 0.101332 
1.05115 1.57213 0.0999938 
0.595607 1.56697 0.062486 
0.919205 1.56882 -0.164343 
0.917863 1.57926 -0.166862 
0.944873 1.56848 0.157816 
0.946237 1.57867 0.155491 
0.593327 1.56996 -0.0360967 
1.02664 1.56532 -0.111855 
1.02566 1.5749 -0.113395 
0.831739 1.5688 0.189143 
0.621661 1.57406 -0.122665 
1.11244 1.56872 -0.0462182 
1.11209 1.57768 -0.0469546 
0.723178 1.57335 0.178641 
0.696312 1.57507 -0.169277 
1.12451 1.5675 0.0271918 
1.12477 1.57637 0.0265601 
0.637385 1.56803 0.142576 
0.800032 1.57057 -0.185692 
1.05669 1.57044 0.0964729 
0.596918 1.57413 0.0655981 
0.912511 1.5712 -0.167273 
0.950436 1.56215 0.156465 
0.951743 1.57229 0.15418 
0.59279 1.56295 -0.0282217 
0.592477 1.57778 -0.0329812 
1.02097 1.56271 -0.114933 
1.01995 1.57233 -0.116522 
0.838153 1.56727 0.188986 
0.83969 1.57845 0.185884 
0.619351 1.56633 -0.116392 
1.10919 1.56969 -0.0503543 
1.1088 1.57868 -0.0511218 
0.728273 1.56774 0.181614 
0.69188 1.56824 -0.165351 
1.12588 1.56912 0.0228444 
1.12611 1.57799 0.0222265 
0.641954 1.57407 0.143689 
0.794109 1.56658 -0.184254 
0.792609 1.57831 -0.187597 
1.06218 1.56894 0.092879 
1.06304 1.57825 0.0916735 
0.597697 1.56647 0.0733747 
0.907241 1.56282 -0.16746 
0.905831 1.57336 -0.170068 
0.957309 1.56627 0.152678 
0.958624 1.57636 0.150459 
0.592006 1.57094 -0.0251359 
1.01425 1.56956 -0.119539 
1.01323 1.57923 -0.121209 
0.844633 1.56619 0.18853 
0.846158 1.5773 0.185468 
0.616128 1.57301 -0.114468 
1.10563 1.57051 -0.0544542 
1.10521 1.57952 -0.0552554 
0.733486 1.56232 0.184425 
0.734986 1.57479 0.180703 
0.686125 1.57434 -0.165245 
1.12696 1.57078 0.0184799 
0.645386 1.56613 0.149026 
0.788258 1.56231 -0.182615 
0.786731 1.5741 -0.185995 
1.06759 1.56766 0.0892156 
1.06841 1.57693 0.0880588 
0.599242 1.57349 0.0763881 
0.90058 1.56467 -0.170051 
0.899169 1.57527 -0.172711 
0.964189 1.57066 0.14881 
0.591596 1.56422 -0.0173133 
0.591399 1.57907 -0.0220861 
1.00857 1.56654 -0.122429 
1.00751 1.57625 -0.124148 
0.851169 1.56554 0.187778 
0.852684 1.57659 0.184757 
0.614167 1.56536 -0.107882 
1.10225 1.56209 -0.0577003 
1.10177 1.57113 -0.0585128 
0.74028 1.56946 0.1834 
0.681893 1.56707 -0.160986 
1.12762 1.5636 0.0147079 
1.12777 1.57245 0.0141015 
0.650249 1.57199 0.149963 
0.780927 1.56964 -0.184208 
1.07289 1.5666 0.0854864 
1.07368 1.57583 0.0843776 
0.600179 1.56578 0.0840086 
0.893941 1.56626 -0.172471 
0.892528 1.57692 -0.17518 
0.9698 1.56531 0.146975 
0.971071 1.5753 0.144867 
0.591072 1.57246 -0.0142879 
1.00292 1.56323 -0.125176 
1.00182 1.57299 -0.126943 
0.857751 1.56531 0.186739 
0.859258 1.57629 0.18376 
0.611353 1.57215 -0.105677 
1.09816 1.56246 -0.0616744 
1.09764 1.57152 -0.0625245 
0.745676 1.56427 0.185958 
0.747196 1.57657 0.182308 
0.676349 1.57288 -0.160619 
1.1282 1.56528 0.0103123 
1.12832 1.57413 0.00971257 
0.653923 1.56404 0.155072 
0.655266 1.57772 0.150835 
0.775199 1.56495 -0.182252 
0.773691 1.57691 -0.185709 
1.07808 1.56575 0.0816947 
1.07882 1.57495 0.0806331 
0.601992 1.57272 0.0868637 
0.887325 1.56757 -0.174699 
0.885909 1.57829 -0.177456 
0.976672 1.57027 0.142893 
0.590818 1.56591 -0.00650366 
0.996155 1.5694 -0.12958 
0.995058 1.57921 -0.131424 
0.864371 1.56546 0.185425 
0.865871 1.57637 0.182489 
0.609724 1.56447 -0.0987603 
0.608775 1.57898 -0.103338 
1.09381 1.56257 -0.0655944 
1.09326 1.57167 -0.066484 
0.752655 1.57144 0.184771 
0.672311 1.5652 -0.156044 
0.670934 1.57862 -0.160146 
1.12854 1.56694 0.00591242 
1.12863 1.57579 0.00531676 
0.659031 1.56977 0.155846 
0.768011 1.5721 -0.183635 
1.08312 1.56515 0.0778431 
1.08383 1.57431 0.0768277 
0.603133 1.56501 0.094267 
0.880735 1.56857 -0.176716 
0.879314 1.57936 -0.179519 
0.982309 1.5656 0.140737 
0.983541 1.57549 0.138746 
0.590581 1.57427 -0.00351182 
0.990536 1.56546 -0.132048 
0.98939 1.57532 -0.133938 
0.871021 1.56596 0.183849 
0.872516 1.57681 0.180956 
0.607295 1.57128 -0.0962694 
1.08924 1.56242 -0.0694566 
1.08865 1.57155 -0.0703877 
0.7582 1.56642 0.187105 
0.75974 1.57855 0.183529 
0.666975 1.57079 -0.155441 
1.12864 1.5686 0.00151131 
1.1287 1.57744 0.000917029 
0.664273 1.57545 0.15655 
0.762408 1.56712 -0.181421 
0.760918 1.57924 -0.184953 
1.08799 1.56478 0.0739335 
1.08866 1.57391 0.0729632 
0.60526 1.57192 0.0969062 
0.874171 1.56925 -0.178505 
0.989165 1.57112 0.136457 
0.590502 1.56777 0.00425758 
0.983763 1.57106 -0.136275 
0.877699 1.56679 0.182025 
0.87919 1.57757 0.179178 
0.605954 1.56352 -0.0890398 
0.605082 1.5781 -0.0936548 
1.08384 1.57117 -0.0742331 
0.765339 1.5736 0.185767 
0.663127 1.5628 -0.150586 
0.661765 1.57637 -0.154752 
1.12851 1.57024 -0.0028886 
1.12854 1.57908 -0.00348409 
0.668231 1.56765 0.161319 
0.755365 1.5742 -0.182646 
1.09267 1.56468 0.0699677 
1.0933 1.57377 0.0690409 
0.60666 1.56428 0.104032 
0.607606 1.57882 0.0994262 
0.867634 1.5696 -0.180053 
