1.03935 0.781223 0.0197793 
1.03568 0.790152 0.0206218 
1.06704 0.784818 0.186494 
1.06421 0.793813 0.186168 
0.836941 0.777078 0.239803 
0.832829 0.787673 0.237601 
1.11465 0.784771 -0.0197208 
1.1118 0.793275 -0.0182254 
0.95265 0.777622 0.287259 
0.949562 0.787491 0.285725 
0.906334 0.785084 0.138632 
1.14472 0.77794 0.031689 
1.14213 0.786329 0.0328245 
0.857668 0.77927 0.30722 
0.854178 0.78989 0.304941 
1.0181 0.781188 0.0381377 
1.01424 0.790251 0.0386741 
1.0903 0.778002 0.15926 
1.0875 0.78682 0.159246 
0.830617 0.777696 0.257543 
0.826604 0.788391 0.255228 
1.10285 0.783335 -0.0194819 
1.09987 0.791898 -0.0180102 
0.975946 0.780257 0.272201 
0.972924 0.789945 0.27088 
0.889721 0.777226 0.161128 
0.885367 0.787242 0.159707 
1.1434 0.781539 0.0134297 
1.1408 0.789922 0.0147009 
0.873786 0.778477 0.309198 
0.870394 0.788974 0.307031 
0.996972 0.777874 0.0580368 
0.992946 0.787071 0.0582571 
1.10757 0.781532 0.131081 
1.10484 0.790224 0.131324 
0.827237 0.781124 0.272565 
0.82334 0.791897 0.270165 
1.09113 0.776682 -0.0159801 
1.08801 0.785302 -0.0145473 
1.08487 0.793947 -0.0131726 
1.00121 0.77877 0.253992 
0.998238 0.78826 0.252924 
0.870547 0.780447 0.182064 
0.866233 0.790649 0.180362 
1.14006 0.780525 -0.00124981 
1.13744 0.788911 0.000143564 
0.890906 0.781493 0.30752 
0.887617 0.79186 0.305472 
0.97203 0.781492 0.0789549 
0.967861 0.790862 0.0787834 
1.12402 0.777076 0.102568 
1.12133 0.785643 0.103094 
0.830843 0.777021 0.286661 
0.827043 0.787795 0.284255 
1.07329 0.781695 -0.00623007 
1.06997 0.790421 -0.00497323 
1.02503 0.782007 0.232049 
1.02211 0.791316 0.231231 
0.853374 0.785423 0.202155 
1.13269 0.783272 -0.011109 
1.13001 0.791691 -0.0096519 
0.911843 0.778516 0.3039 
0.908629 0.788712 0.302019 
0.947534 0.783768 0.10003 
0.943264 0.793315 0.0994762 
1.13407 0.780747 0.0754957 
1.13143 0.789236 0.0762467 
0.833711 0.787217 0.294642 
1.05547 0.781219 0.00666091 
1.05196 0.79005 0.00771588 
1.04994 0.779656 0.207978 
1.04706 0.788776 0.207446 
0.842599 0.781994 0.223057 
0.838426 0.79251 0.220946 
1.12438 0.781603 -0.0178333 
1.12163 0.790057 -0.0163247 
0.932868 0.780632 0.295859 
0.929736 0.790663 0.294147 
0.923938 0.785381 0.121172 
1.14059 0.782537 0.0505161 
1.13798 0.79097 0.0514744 
0.846632 0.779615 0.303515 
0.843058 0.790315 0.301166 
1.03417 0.7846 0.0232872 
1.03046 0.793564 0.0240504 
1.07257 0.780094 0.181721 
1.06974 0.789045 0.181468 
0.834156 0.780669 0.242464 
0.830071 0.791301 0.240219 
1.1128 0.783986 -0.0200659 
1.10992 0.792499 -0.0185683 
0.956735 0.778451 0.284731 
0.953661 0.788289 0.283232 
0.906014 0.777153 0.143494 
0.901655 0.787024 0.142316 
1.14398 0.78113 0.0283796 
1.14139 0.789523 0.0295296 
0.858047 0.786396 0.306252 
1.01287 0.78394 0.0418585 
1.00897 0.793039 0.0423119 
1.09247 0.782485 0.15414 
1.08969 0.79129 0.154156 
0.828382 0.781802 0.259719 
0.8244 0.792531 0.257366 
1.10099 0.781634 -0.019249 
1.09799 0.790205 -0.0177776 
0.979877 0.782111 0.268858 
0.976871 0.791771 0.267573 
0.885356 0.779339 0.164775 
0.881009 0.789397 0.163289 
1.14224 0.783904 0.01082 
1.13964 0.792293 0.0121028 
0.874455 0.786198 0.307641 
0.991727 0.78017 0.0618803 
0.98767 0.789404 0.0620164 
1.11188 0.777476 0.125731 
1.10915 0.786135 0.126043 
0.825614 0.78582 0.274144 
1.0862 0.782584 -0.0136811 
1.08303 0.791237 -0.0123095 
1.00492 0.781525 0.249953 
1.00196 0.790989 0.24892 
0.866541 0.782878 0.185542 
0.862241 0.793123 0.183782 
1.1386 0.782032 -0.00319459 
1.13597 0.790426 -0.00179221 
0.895066 0.779522 0.30738 
0.891786 0.789853 0.305367 
0.96681 0.783518 0.0827764 
0.96262 0.792926 0.0825214 
1.12494 0.781637 0.0977487 
1.12227 0.790199 0.0982988 
0.829823 0.782343 0.287584 
0.82606 0.79314 0.285152 
1.07158 0.777908 -0.00469466 
1.06824 0.78664 -0.00344355 
1.02844 0.785452 0.227508 
0.854016 0.777869 0.207333 
0.849769 0.788249 0.205391 
1.13101 0.783961 -0.0124488 
1.12831 0.792387 -0.0109852 
0.916034 0.777451 0.302955 
0.912831 0.787612 0.30111 
0.94243 0.785651 0.103805 
1.13434 0.785035 0.071092 
1.13171 0.793522 0.0718631 
0.836959 0.782449 0.297254 
0.833307 0.793216 0.294845 
1.05034 0.785243 0.00989536 
1.04679 0.794108 0.0108754 
1.05299 0.783606 0.203092 
1.05013 0.792705 0.202594 
0.839426 0.785226 0.226012 
1.12258 0.781494 -0.0186236 
1.11981 0.789955 -0.0171107 
0.937032 0.780577 0.294059 
0.933913 0.790574 0.292384 
0.923379 0.777518 0.125814 
0.919038 0.787246 0.124896 
1.14287 0.777897 0.0456582 
1.14027 0.786309 0.0466769 
0.846693 0.786243 0.303058 
1.0327 0.778894 0.0260601 
1.02896 0.787862 0.026814 
1.07518 0.784383 0.176655 
1.07237 0.793318 0.176433 
0.831476 0.784362 0.245031 
1.11094 0.783042 -0.0203089 
1.10804 0.791563 -0.0188095 
0.960798 0.779473 0.282047 
0.957738 0.78928 0.280585 
0.901389 0.779089 0.147221 
0.897031 0.789001 0.145972 
1.14315 0.784178 0.025202 
1.14056 0.792575 0.0263658 
0.861956 0.783042 0.307423 
0.858517 0.793637 0.305164 
1.01153 0.777507 0.0451354 
1.00761 0.786609 0.0455792 
1.09732 0.778228 0.148951 
1.09454 0.786994 0.149037 
0.826267 0.786023 0.261781 
1.09915 0.779752 -0.0189039 
1.09612 0.788331 -0.0174332 
0.983775 0.784138 0.265384 
0.980784 0.793768 0.264134 
0.881055 0.78151 0.168385 
0.876717 0.791609 0.166836 
1.1436 0.777741 0.00700045 
1.14101 0.786114 0.00833929 
0.878538 0.783568 0.308113 
0.875198 0.794035 0.305969 
0.986475 0.782412 0.0657095 
0.98239 0.791684 0.0657612 
1.11333 0.78209 0.12071 
1.11062 0.790739 0.121048 
0.827981 0.779861 0.278002 
0.82412 0.79064 0.275593 
1.08442 0.779671 -0.0126928 
1.08122 0.788331 -0.0113247 
1.00857 0.784417 0.245816 
1.00563 0.793855 0.244818 
0.862608 0.785385 0.188973 
1.13708 0.783388 -0.00502227 
1.13444 0.791789 -0.00361137 
0.899235 0.777712 0.307093 
0.895965 0.788008 0.305116 
0.961602 0.785514 0.0865768 
1.12842 0.777632 0.092388 
1.12575 0.786165 0.0930036 
0.832692 0.777025 0.290772 
0.828932 0.787796 0.288367 
1.06654 0.782662 -0.00178931 
1.06315 0.791428 -0.000607504 
1.03471 0.779761 0.223613 
1.0318 0.788995 0.222905 
0.850474 0.780739 0.210559 
0.846247 0.79116 0.208566 
1.12929 0.784504 -0.0136845 
1.12659 0.792938 -0.0122148 
0.917032 0.786695 0.300043 
0.941654 0.77794 0.108198 
0.937356 0.787527 0.107559 
1.13714 0.780782 0.0659568 
1.13451 0.789246 0.0667904 
0.840283 0.777823 0.299718 
0.836636 0.788559 0.297339 
1.04877 0.780258 0.0121928 
1.04519 0.789128 0.0131644 
1.05884 0.778567 0.1986 
1.05597 0.787619 0.198176 
0.840497 0.778007 0.231033 
0.836346 0.788552 0.228888 
1.12076 0.781236 -0.019315 
1.11797 0.789706 -0.0177982 
0.941184 0.780717 0.292097 
0.938077 0.790681 0.290458 
0.918529 0.77936 0.129591 
0.914183 0.789128 0.128598 
1.14245 0.781548 0.041926 
1.13985 0.789962 0.0429611 
0.850384 0.782314 0.304805 
0.846858 0.792993 0.302472 
1.02751 0.782011 0.0296824 
1.02373 0.791014 0.0303556 
1.08052 0.779822 0.171734 
1.0777 0.788714 0.171585 
0.832962 0.777505 0.249769 
0.828904 0.788159 0.247499 
1.10908 0.781933 -0.0204485 
1.10616 0.790463 -0.0189477 
0.964836 0.780685 0.279213 
0.961791 0.790461 0.277786 
0.896819 0.781066 0.15092 
0.892464 0.79102 0.149602 
1.14483 0.778699 0.0209351 
1.14224 0.787078 0.0221564 
0.865902 0.77983 0.308456 
0.86247 0.790389 0.306231 
1.0063 0.780062 0.0489361 
1.00235 0.7892 0.0492964 
1.09928 0.782772 0.143841 
1.09652 0.791527 0.143956 
0.828222 0.779616 0.266093 
0.824273 0.790359 0.263725 
1.09732 0.777685 -0.0184443 
1.09427 0.786272 -0.0169747 
0.990641 0.776761 0.262957 
0.987637 0.786331 0.261784 
0.87682 0.783743 0.171958 
0.872493 0.793884 0.170346 
1.14232 0.779788 0.00463616 
1.13972 0.788168 0.00598569 
0.882642 0.781086 0.308445 
0.879311 0.791517 0.306336 
0.98122 0.784606 0.0695226 
0.977108 0.793915 0.0694899 
1.11739 0.778082 0.115333 
1.11468 0.786699 0.115739 
0.826581 0.784781 0.279347 
1.07943 0.785226 -0.010217 
1.07619 0.79392 -0.00891296 
1.01514 0.778056 0.24251 
1.01219 0.787438 0.241588 
0.863039 0.777687 0.194164 
0.858749 0.787967 0.192353 
1.13552 0.784592 -0.00673547 
1.13287 0.793001 -0.00531657 
0.900151 0.786328 0.304716 
0.960636 0.778038 0.0907007 
0.956408 0.787485 0.0903559 
1.1291 0.782122 0.0876996 
1.12644 0.790651 0.0883373 
0.831892 0.782588 0.291438 
0.82817 0.793381 0.289009 
1.06487 0.77849 -1.09273e-05 
1.06146 0.787262 0.00116421 
1.038 0.783416 0.21892 
1.03511 0.792629 0.218246 
0.847015 0.783696 0.21372 
1.12756 0.784901 -0.0148177 
1.12483 0.793344 -0.0133425 
0.92123 0.785963 0.298816 
0.936623 0.779775 0.112009 
0.932314 0.789401 0.111291 
1.13718 0.784909 0.0617428 
1.13457 0.793372 0.0625952 
0.840037 0.784045 0.299686 
1.04363 0.783974 0.0155693 
1.04 0.792879 0.0164641 
1.06173 0.782659 0.193627 
1.05888 0.791693 0.193236 
0.837488 0.78139 0.233873 
0.833362 0.791973 0.231683 
1.11894 0.780828 -0.0199074 
1.11612 0.789306 -0.0183872 
0.945321 0.781053 0.289974 
0.942227 0.790984 0.28837 
0.913724 0.781223 0.133343 
0.909375 0.791032 0.132277 
1.14452 0.77668 0.0372255 
1.14193 0.785074 0.03832 
1.13933 0.79349 0.0393708 
0.854128 0.778527 0.30641 
0.850608 0.789172 0.304109 
1.0223 0.785024 0.0333165 
1.01848 0.794063 0.0339082 
1.08294 0.784207 0.166635 
1.08014 0.793084 0.166517 
0.830472 0.781372 0.252176 
0.826443 0.792062 0.249867 
1.10722 0.780657 -0.0204827 
1.10428 0.789194 -0.0189809 
0.968848 0.782085 0.27623 
0.965817 0.791831 0.274839 
0.892308 0.783088 0.154588 
0.887958 0.793084 0.153203 
1.14384 0.781444 0.0180086 
1.14125 0.789829 0.0192428 
0.869882 0.776759 0.30935 
0.866458 0.787283 0.30716 
1.00105 0.782545 0.052731 
0.997065 0.791719 0.0530073 
1.10389 0.778616 0.138572 
1.10114 0.787334 0.138757 
0.826319 0.784039 0.267952 
1.09243 0.784024 -0.0164001 
1.08933 0.792644 -0.0149888 
0.99445 0.779141 0.259201 
0.991462 0.788683 0.258063 
0.872653 0.786041 0.175491 
1.14098 0.78168 0.00239739 
1.13837 0.790066 0.00375709 
0.886764 0.778754 0.308637 
0.883441 0.789149 0.306563 
0.980098 0.777444 0.0733591 
0.975966 0.786755 0.073318 
1.1186 0.782689 0.110391 
1.11591 0.791299 0.110822 
0.829134 0.779047 0.282971 
0.825311 0.78983 0.280557 
1.07767 0.781922 -0.00898515 
1.07441 0.790623 -0.00768583 
1.01869 0.781224 0.238162 
1.01575 0.790581 0.237275 
0.85924 0.780308 0.197547 
0.854967 0.790629 0.195681 
1.13657 0.777252 -0.00981009 
1.13392 0.785646 -0.00833681 
1.13126 0.794063 -0.00691038 
0.904342 0.784816 0.304165 
0.955479 0.77995 0.0945402 
0.951232 0.789436 0.0941133 
1.13232 0.77806 0.0823936 
1.12967 0.786563 0.0830958 
0.834936 0.77752 0.294365 
0.831218 0.788284 0.291964 
1.0598 0.782904 0.00305903 
1.05634 0.79171 0.00416237 
1.04413 0.777994 0.214777 
1.04123 0.787156 0.214178 
0.843642 0.786741 0.216812 
1.12852 0.776726 -0.0173792 
1.12579 0.785154 -0.01585 
1.12305 0.793605 -0.0143695 
0.925422 0.78542 0.297429 
0.931626 0.781611 0.115797 
0.927307 0.791277 0.115002 
1.13974 0.780501 0.0567258 
1.13713 0.788942 0.0576398 
0.843508 0.779675 0.301886 
0.839906 0.790395 0.299518 
1.0421 0.778651 0.0180879 
1.03845 0.787561 0.0189738 
1.0674 0.777819 0.188952 
1.06455 0.786806 0.188635 
0.834578 0.784869 0.236627 
1.1171 0.780267 -0.0204003 
1.11427 0.788754 -0.018877 
0.949441 0.781585 0.287691 
0.94636 0.791484 0.286123 
0.908968 0.783113 0.137072 
0.904618 0.792963 0.135933 
1.14391 0.780072 0.0337325 
1.14132 0.788469 0.0348423 
0.854408 0.785492 0.305605 
1.0209 0.778897 0.0363768 
1.01706 0.78794 0.0369588 
1.08806 0.77979 0.161587 
1.08527 0.788626 0.161541 
0.828095 0.785347 0.254478 
1.10537 0.779209 -0.0204096 
1.10241 0.787754 -0.0189073 
0.972831 0.783669 0.273103 
0.969815 0.793385 0.271747 
0.887858 0.78516 0.158225 
1.14278 0.784038 0.0152139 
1.14019 0.792428 0.0164604 
0.870475 0.784319 0.307951 
0.995794 0.784961 0.056517 
1.10563 0.783203 0.133491 
1.10289 0.791911 0.133703 
0.828457 0.777828 0.272068 
0.824542 0.788582 0.269688 
1.09061 0.781586 -0.0157073 
1.08749 0.790213 -0.0142984 
0.998219 0.781675 0.255331 
0.995248 0.79119 0.254229 
0.872877 0.778228 0.180649 
0.868555 0.788406 0.178982 
1.13958 0.783416 0.00028181 
1.13696 0.791809 0.00165114 
0.887587 0.786935 0.306648 
0.974872 0.779516 0.0772195 
0.970715 0.788864 0.0770946 
1.1224 0.778699 0.105012 
1.11971 0.787279 0.105509 
0.827958 0.7842 0.284072 
1.07594 0.77842 -0.00762859 
1.07265 0.787127 -0.00633431 
1.02218 0.784506 0.233737 
1.01927 0.793839 0.232885 
0.855517 0.783008 0.200875 
0.851263 0.793371 0.198955 
1.13495 0.77815 -0.0113094 
1.13228 0.786552 -0.00982877 
0.908537 0.783478 0.303462 
0.905332 0.793707 0.301546 
0.950341 0.781845 0.0983574 
0.946079 0.79137 0.0978492 
1.13276 0.782446 0.0778586 
1.13012 0.790946 0.0785816 
0.834348 0.783327 0.294773 
0.830669 0.79411 0.292349 
1.05817 0.778357 0.00507591 
1.05469 0.787168 0.00617177 
1.04728 0.781833 0.209958 
1.0444 0.790974 0.209393 
0.844543 0.779383 0.221917 
0.840356 0.789875 0.219834 
1.12675 0.776825 -0.0183167 
1.12401 0.785262 -0.0167824 
1.12125 0.793721 -0.0152972 
0.929606 0.785069 0.295881 
0.926666 0.783454 0.119563 
0.92234 0.79316 0.118691 
1.13957 0.784434 0.05272 
1.13696 0.792875 0.0536517 
0.843448 0.786135 0.301603 
1.03694 0.78208 0.0215947 
1.03325 0.791024 0.022402 
1.07013 0.782034 0.183913 
1.0673 0.791005 0.183627 
0.835871 0.777839 0.24151 
0.83177 0.788448 0.239291 
1.11526 0.77955 -0.0207928 
1.1124 0.788046 -0.0192668 
0.953541 0.782313 0.285249 
0.950474 0.79218 0.283717 
0.904264 0.785033 0.140775 
1.1432 0.783328 0.0303697 
1.14061 0.791729 0.0314941 
0.858253 0.781953 0.30696 
0.854783 0.792574 0.304679 
1.01568 0.781685 0.0401058 
1.0118 0.790763 0.0406053 
1.09028 0.784255 0.156474 
1.08751 0.793078 0.156458 
0.829833 0.778725 0.259 
0.825834 0.789433 0.256671 
1.10352 0.777585 -0.0202272 
1.10054 0.786138 -0.0187246 
0.976784 0.785432 0.269837 
0.887822 0.777251 0.163279 
0.88347 0.787284 0.16183 
1.14424 0.778103 0.0112472 
1.14165 0.786477 0.0125502 
0.87452 0.781499 0.308604 
0.871147 0.791994 0.306436 
0.994566 0.778103 0.060109 
0.990524 0.787317 0.0602918 
1.10999 0.779127 0.128165 
1.10726 0.7878 0.128447 
0.826773 0.782464 0.273709 
0.822891 0.793248 0.271297 
1.0888 0.778954 -0.0148945 
1.08566 0.787589 -0.0134883 
1.00195 0.784355 0.251354 
0.998992 0.793844 0.250287 
0.868837 0.780622 0.184155 
0.864529 0.790842 0.182429 
1.13813 0.784997 -0.00171308 
1.13551 0.793397 -0.000334644 
0.891745 0.784877 0.306589 
0.969651 0.781552 0.0810598 
0.965471 0.790938 0.0808513 
1.12338 0.783273 0.100171 
1.1207 0.791847 0.100692 
0.830696 0.778701 0.287449 
0.826912 0.789483 0.285035 
1.07091 0.783433 -0.004858 
1.06758 0.792174 -0.00363132 
1.02856 0.778616 0.230017 
1.02563 0.787896 0.229241 
0.851874 0.785792 0.204144 
1.13329 0.778902 -0.0127013 
1.13061 0.787311 -0.0112137 
0.912734 0.782317 0.302603 
0.909539 0.792511 0.300723 
0.945227 0.783728 0.102152 
0.94095 0.793292 0.101564 
1.13573 0.778292 0.0726321 
1.13309 0.786767 0.0734186 
0.837559 0.778511 0.297434 
0.833884 0.789265 0.295041 
1.05307 0.782442 0.00830164 
1.04954 0.791288 0.00932345 
1.05036 0.785743 0.205102 
0.841325 0.782569 0.224912 
0.837162 0.793101 0.222782 
1.12496 0.776778 -0.0191547 
1.12221 0.785223 -0.0176156 
1.11943 0.793691 -0.0161262 
0.933781 0.784911 0.29417 
0.921747 0.785308 0.123307 
1.1419 0.779837 0.0478407 
1.1393 0.788258 0.048833 
0.847051 0.782018 0.303542 
0.843496 0.792719 0.301189 
1.03175 0.78539 0.0251225 
1.07561 0.77737 0.179075 
1.07278 0.786297 0.178863 
0.833139 0.781481 0.244125 
0.829065 0.792128 0.241864 
1.11341 0.778675 -0.0210837 
1.11054 0.787179 -0.0195555 
0.957621 0.783234 0.282652 
0.954567 0.79307 0.281155 
