1.17144 0.0058666 -0.195368 
1.26818 0.00693287 0.0435089 
1.17419 0.00669658 0.157699 
1.19109 0.00177383 -0.239148 
1.22002 0.00421256 0.213401 
1.18641 0.00716829 -0.0434475 
1.24954 0.0014015 -0.139507 
1.17186 0.000980673 0.246875 
1.16954 0.00165714 -0.210271 
1.26572 0.00336397 0.0683566 
1.17696 0.00742605 0.136914 
1.19882 0.00739321 -0.232683 
1.21242 0.00384836 0.224925 
1.1846 0.00241772 -0.0706066 
1.25554 0.000830652 -0.11783 
1.25648 0.00844836 -0.115077 
1.16791 0.00681004 0.243141 
1.17003 0.00383119 -0.220695 
1.26217 0.000324852 0.0925735 
1.26139 0.00791545 0.0953413 
1.18074 0.00106957 0.111911 
1.2047 0.00345333 -0.227326 
1.2046 0.00527024 0.234869 
1.18285 0.00512556 -0.0938725 
1.26132 0.00667833 -0.0921645 
1.16673 0.00642486 0.235097 
1.17109 0.00422931 -0.229333 
1.25659 0.00568433 0.118648 
1.18289 0.00349662 0.08891 
1.21243 0.00569321 -0.217921 
1.19868 0.000530914 0.240771 
1.19665 0.0084347 0.243277 
1.18079 0.00714379 -0.116227 
1.26511 0.00400111 -0.0682715 
1.16614 0.00784969 0.225257 
1.17273 0.00280623 -0.236176 
1.25077 0.00451493 0.140821 
1.18468 0.0065216 0.0651295 
1.21998 0.00615805 -0.206971 
1.19079 0.00535808 0.247709 
1.17714 0.000286125 -0.140456 
1.1785 0.00831004 -0.137483 
1.2678 0.000674527 -0.0436459 
1.26813 0.00823817 -0.040833 
1.16812 0.00292766 0.210987 
1.177 0.00759914 -0.238704 
1.24401 0.00467046 0.161649 
1.18646 0.0019928 0.0376005 
1.22726 0.00481251 -0.194428 
1.18511 0.00390199 0.250676 
1.17458 0.000423281 -0.160369 
1.17611 0.00845958 -0.157465 
1.26953 0.00449514 -0.0157263 
1.16854 0.00768046 0.197681 
1.17971 0.00258962 -0.242134 
1.23639 0.00638352 0.180961 
1.1871 0.00569687 0.0129192 
1.23418 0.00166099 -0.180267 
1.17969 0.00409348 0.252147 
1.17374 0.00742258 -0.176006 
1.2698 0.000568509 0.00959042 
1.2697 0.0081241 0.0124097 
1.1712 0.00581682 0.180024 
1.18491 0.00387717 -0.241434 
1.22963 0.00208952 0.196039 
1.18711 0.00148216 -0.0150337 
1.24198 0.00445472 -0.161829 
1.17464 0.00599154 0.252064 
1.1715 0.00502722 -0.192953 
1.26866 0.00423022 0.0376688 
1.17396 0.00524292 0.160835 
1.19043 0.00350021 -0.239234 
1.22073 0.00734568 0.212074 
1.1865 0.00511243 -0.0395789 
1.24898 0.00557771 -0.141816 
1.17223 0.00161877 0.247842 
1.16952 0.00110976 -0.20817 
1.26649 0.000586539 0.0626087 
1.26595 0.00815753 0.0654034 
1.17671 0.00578861 0.140271 
1.19618 0.00150071 -0.23558 
1.21314 0.00666636 0.223882 
1.18476 0.000438418 -0.0668417 
1.18541 0.00842639 -0.0636856 
1.25506 0.00523365 -0.120367 
1.16818 0.00711223 0.244424 
1.1699 0.00359853 -0.218915 
1.26249 0.00501141 0.089745 
1.17933 0.00728803 0.118502 
1.20397 0.00576351 -0.227933 
1.20532 0.00778035 0.2341 
1.18304 0.0032529 -0.0902448 
1.26017 0.0036681 -0.097669 
1.16689 0.00639233 0.23671 
1.17086 0.00432561 -0.227881 
1.25796 0.00260679 0.113243 
1.18269 0.00157896 0.0926169 
1.20988 0.000468064 -0.221374 
1.21169 0.00830702 -0.218795 
1.19938 0.00274575 0.240275 
1.18099 0.00540726 -0.112771 
1.26423 0.00114484 -0.0739447 
1.2648 0.00872393 -0.0711488 
1.16619 0.00749164 0.227195 
1.1724 0.00323552 -0.23505 
1.25241 0.00121228 0.135652 
1.18451 0.00450886 0.0689548 
1.21753 0.00128483 -0.210725 
1.19146 0.00727935 0.247474 
1.1787 0.00673908 -0.13423 
1.2676 0.00549036 -0.0466314 
1.16809 0.00226286 0.213249 
1.17449 0.000328122 -0.240451 
1.17656 0.00835849 -0.237888 
1.24589 0.00109403 0.156755 
1.18591 0.00789778 0.0446935 
1.22493 0.000294187 -0.198489 
1.22654 0.00805692 -0.195864 
1.18573 0.00553262 0.250709 
1.17629 0.00708447 -0.154445 
1.26929 0.00180752 -0.0215938 
1.16842 0.0067348 0.200239 
1.17919 0.00366496 -0.24162 
1.2385 0.00249207 0.176371 
1.18706 0.00358947 0.0168618 
1.23349 0.00521925 -0.181992 
1.18025 0.00542559 0.252457 
1.17387 0.0062746 -0.173248 
1.26981 0.00545481 0.00652375 
1.17102 0.00461989 0.182864 
1.18432 0.00525758 -0.241201 
1.23031 0.00559726 0.194373 
1.18724 0.00735581 -0.0078907 
1.24001 0.00062446 -0.166514 
1.24135 0.00831407 -0.16383 
1.17512 0.00701237 0.252662 
1.17158 0.0041376 -0.190483 
1.26905 0.00153747 0.0318152 
1.17375 0.00382592 0.163929 
1.18978 0.00517455 -0.23927 
1.22317 0.00275889 0.208118 
1.18659 0.00304628 -0.0356968 
1.24723 0.00205391 -0.146795 
1.17263 0.00231711 0.24875 
1.16951 0.000507307 -0.206011 
1.1714 0.008568 -0.203287 
1.26669 0.00539546 0.0596389 
1.17648 0.00418232 0.143591 
1.19548 0.00346368 -0.23588 
1.2157 0.0017257 0.220236 
1.18554 0.00643038 -0.0598959 
1.25357 0.00197324 -0.125608 
1.16847 0.00747573 0.245648 
1.1698 0.00330719 -0.217075 
1.26352 0.00213578 0.0841144 
1.17909 0.00552218 0.122017 
1.20135 0.0001373 -0.231048 
1.20325 0.00802086 -0.22849 
1.20797 0.00249015 0.230757 
1.18322 0.00135877 -0.0865904 
1.25894 0.000622003 -0.103133 
1.25975 0.00822449 -0.100364 
1.16708 0.00642055 0.238262 
1.17065 0.00436137 -0.226368 
1.25836 0.00717142 0.110546 
1.18148 0.00768312 0.0993877 
1.20915 0.00302343 -0.222203 
1.20009 0.00501329 0.239729 
1.18119 0.00364393 -0.109281 
1.26391 0.00584573 -0.076799 
1.16627 0.00719189 0.229075 
1.17208 0.00360432 -0.233865 
1.25289 0.00558592 0.133157 
1.18434 0.00251107 0.0727622 
1.2168 0.00415154 -0.211829 
1.19421 0.00132487 0.244694 
1.1789 0.0051359 -0.130938 
1.26699 0.00272584 -0.0524098 
1.16807 0.00165237 0.215454 
1.17408 0.00102608 -0.239584 
1.24645 0.00523209 0.154494 
1.18578 0.00583046 0.0485871 
1.22421 0.00347844 -0.199877 
1.18636 0.00721611 0.250691 
1.17647 0.00567152 -0.151381 
1.26917 0.00667036 -0.0246338 
1.16832 0.00583823 0.202745 
1.17869 0.00468384 -0.241052 
1.23912 0.0063565 0.174372 
1.18701 0.00148511 0.0208016 
1.2313 0.000990999 -0.186312 
1.2328 0.00872245 -0.183662 
1.18083 0.0068125 0.252714 
1.17402 0.00508302 -0.170442 
1.26984 0.00278563 0.000636749 
1.17085 0.00346639 0.185656 
1.18373 0.00658402 -0.240917 
1.23256 0.00143039 0.190038 
1.18724 0.0052488 -0.00395106 
1.23937 0.00442945 -0.168468 
1.1778 7.21651e-05 0.250711 
1.17562 0.0080906 0.253206 
1.17167 0.00319872 -0.187961 
1.26914 0.0064106 0.0287663 
1.17354 0.00244662 0.166981 
1.18914 0.00679665 -0.239256 
1.22387 0.00600877 0.206687 
1.18667 0.0009709 -0.0318024 
1.24665 0.00613769 -0.149013 
1.17304 0.00307532 0.249601 
1.17141 0.00791133 -0.201064 
1.26736 0.00265056 0.0538522 
1.17625 0.00260816 0.146873 
1.1948 0.00537489 -0.23613 
1.21641 0.00465931 0.219092 
1.18567 0.00441937 -0.0560871 
1.25306 0.00629906 -0.128066 
1.16877 0.00790044 0.246812 
1.16971 0.0029577 -0.215176 
1.26381 0.0068667 0.0812348 
1.17886 0.00378311 0.1255 
1.20063 0.00233817 -0.231563 
1.20869 0.00511279 0.229892 
1.18423 0.00743837 -0.079785 
1.25851 0.00514647 -0.105797 
1.16728 0.00650977 0.239754 
1.17046 0.00433681 -0.224796 
1.25965 0.00416289 0.105068 
1.18126 0.00580835 0.103038 
1.20841 0.00552457 -0.22298 
1.2008 0.00733375 0.239131 
1.18139 0.00185477 -0.105761 
1.26294 0.00293983 -0.0824171 
1.16636 0.00695102 0.230895 
1.17179 0.00391248 -0.23262 
1.25444 0.00237087 0.127899 
1.18418 0.000529282 0.0765506 
1.18336 0.00852224 0.0796814 
1.21606 0.00696237 -0.212879 
1.19489 0.00335416 0.244366 
1.17911 0.00350152 -0.127609 
1.26675 0.00751293 -0.0553609 
1.16807 0.00109703 0.217602 
1.17368 0.00166476 -0.238661 
1.24825 0.00176024 0.149498 
1.18566 0.00377336 0.0524687 
1.22349 0.00660611 -0.20121 
1.18912 0.000996586 0.248135 
1.17667 0.0042218 -0.148275 
1.26883 0.0039662 -0.0304822 
1.16823 0.00499177 0.205197 
1.1782 0.00564576 -0.24043 
1.24115 0.00258341 0.16967 
1.18667 0.00736375 0.0279383 
1.2306 0.00443531 -0.187934 
1.18356 0.000267497 0.25043 
1.18141 0.00825378 0.252919 
1.17418 0.00384888 -0.167587 
1.26978 0.000114936 -0.00524901 
1.2698 0.0076704 -0.00242838 
1.1707 0.00235739 0.188399 
1.18317 0.00785605 -0.24058 
1.23322 0.00505151 0.188268 
1.18724 0.00313976 -8.08428e-06 
1.23732 0.000479832 -0.173041 
1.23871 0.00818226 -0.17037 
1.17831 0.00121023 0.251207 
1.17177 0.00221159 -0.185386 
1.26944 0.00373139 0.0228954 
1.17334 0.00110605 0.169989 
1.18647 0.000402623 -0.241734 
1.1885 0.00836627 -0.239193 
1.22626 0.0015541 0.202612 
1.18701 0.00686643 -0.0246963 
1.24483 0.00250782 -0.153889 
1.17346 0.003893 0.250395 
1.17143 0.00720115 -0.198785 
1.26753 0.00748532 0.0508506 
1.17602 0.00106715 0.150117 
1.19412 0.00723435 -0.236331 
1.21713 0.00764917 0.217893 
1.18579 0.00239438 -0.0522603 
1.25148 0.0029491 -0.133217 
1.17128 0.00033097 0.245393 
1.1691 0.00838622 0.247917 
1.16965 0.00255065 -0.213219 
1.26474 0.004038 0.0755504 
1.17863 0.00207179 0.12895 
1.19992 0.00448669 -0.232027 
1.20941 0.00779025 0.228973 
1.18438 0.00550341 -0.0760752 
1.25719 0.00202901 -0.111186 
1.1675 0.00666016 0.241187 
1.17029 0.00425217 -0.223164 
1.26085 0.00118911 0.0995483 
1.18104 0.00395602 0.106662 
1.20582 0.000111779 -0.226274 
1.20768 0.00797182 -0.223706 
1.20349 0.00182928 0.235971 
1.1816 4.07552e-05 -0.10221 
1.1826 0.00804346 -0.0991272 
1.26189 4.30597e-06 -0.0880008 
1.26259 0.0075937 -0.0852178 
1.16648 0.00676955 0.232656 
1.17151 0.00415992 -0.231316 
1.2549 0.00681968 0.125325 
1.18316 0.00655826 0.0834444 
1.21356 0.00189752 -0.21647 
1.19558 0.00543565 0.243987 
1.17932 0.00183693 -0.124244 
1.26605 0.00471301 -0.0610988 
1.16809 0.00059767 0.219693 
1.16604 0.00867182 0.222336 
1.1733 0.00224381 -0.237679 
1.24879 0.00598917 0.147147 
1.18552 0.00172756 0.0563371 
1.2211 0.00189536 -0.205106 
1.18977 0.00278874 0.248024 
1.17687 0.00273633 -0.145127 
1.26841 0.00125077 -0.036317 
1.16815 0.00419641 0.207595 
1.17772 0.00655024 -0.239752 
1.24175 0.00655151 0.167573 
1.18659 0.00526911 0.0318662 
1.22835 7.7871e-05 -0.192137 
1.2299 0.00782376 -0.1895 
1.18416 0.00176611 0.25059 
1.17435 0.00257327 -0.164686 
