1.03636 0.783657 0.0298046 
1.03269 0.79262 0.0305214 
1.06117 0.779001 0.18775 
1.05827 0.788029 0.187404 
0.84593 0.786796 0.229441 
1.11058 0.784736 -0.00496601 
1.10768 0.793277 -0.00361781 
0.945888 0.783773 0.281141 
0.942758 0.793692 0.279573 
0.924624 0.777728 0.132125 
0.920336 0.787468 0.131179 
1.132 0.78306 0.0535928 
1.12932 0.791544 0.0545012 
0.860075 0.777864 0.295255 
0.856505 0.788437 0.29304 
1.03188 0.778203 0.0349087 
1.02815 0.787189 0.0355752 
1.06743 0.781689 0.179074 
1.06455 0.790671 0.178807 
0.846244 0.779446 0.236929 
0.84218 0.789974 0.234808 
1.10884 0.779195 -0.00650994 
1.10591 0.787739 -0.00513092 
0.954756 0.779581 0.277906 
0.951635 0.789425 0.276423 
0.917431 0.778276 0.139088 
0.913136 0.788075 0.138035 
1.13256 0.784739 0.0467659 
1.12988 0.793215 0.0477249 
0.861331 0.786806 0.294837 
1.02369 0.781274 0.0409473 
1.0199 0.790314 0.0414926 
1.07339 0.784563 0.170301 
1.07054 0.793503 0.170112 
0.842774 0.782878 0.242084 
0.838751 0.793454 0.239906 
1.10415 0.781662 -0.00631394 
1.10118 0.790232 -0.00495824 
0.960427 0.785855 0.272689 
0.910413 0.778872 0.14604 
0.906114 0.788731 0.144881 
1.13548 0.777544 0.0392611 
1.13281 0.78599 0.0403141 
0.866341 0.785601 0.296207 
1.01549 0.783971 0.0471145 
1.01163 0.793067 0.0475366 
1.08189 0.778724 0.161533 
1.07905 0.787597 0.161462 
0.839636 0.786628 0.246943 
1.09942 0.783598 -0.00577222 
1.0964 0.792195 -0.00444218 
0.969119 0.782966 0.268385 
0.966048 0.792702 0.267031 
0.903582 0.779543 0.152968 
0.899284 0.789462 0.151708 
1.13543 0.778341 0.0331466 
1.13276 0.786782 0.0342471 
0.871516 0.78482 0.297157 
1.01116 0.777214 0.0530207 
1.00726 0.786332 0.0533904 
1.0872 0.781928 0.152583 
1.08438 0.790764 0.152587 
0.84081 0.780095 0.253711 
0.836844 0.790712 0.251485 
1.09465 0.784981 -0.00487709 
1.09158 0.793606 -0.00357506 
0.977699 0.780739 0.263535 
0.974639 0.790404 0.262267 
0.896949 0.780313 0.159863 
0.892656 0.790292 0.158504 
1.13513 0.778654 0.0274229 
1.13246 0.787093 0.028569 
0.876834 0.784463 0.297691 
1.00298 0.779216 0.0595118 
0.999028 0.788389 0.0597566 
1.09216 0.785237 0.143629 
1.08936 0.794037 0.143706 
0.83833 0.784486 0.25796 
1.09297 0.777167 -0.00494839 
1.08986 0.785791 -0.00361985 
0.98615 0.779144 0.258166 
0.983104 0.788742 0.256983 
0.890523 0.781206 0.166711 
0.886239 0.791244 0.165257 
1.13459 0.778469 0.0220892 
1.13191 0.786905 0.0232794 
0.882276 0.784535 0.297813 
0.994806 0.780949 0.0660778 
0.990803 0.790178 0.0661971 
1.09956 0.779879 0.134512 
1.09677 0.788621 0.134703 
0.84012 0.778595 0.264108 
0.836217 0.789242 0.261845 
1.08822 0.777356 -0.00328871 
1.08507 0.786007 -0.00199163 
0.994461 0.778147 0.25231 
0.99143 0.787681 0.251211 
0.884313 0.782243 0.173498 
0.88004 0.792341 0.171952 
1.13383 0.777777 0.0171411 
1.13115 0.786212 0.0183739 
0.887823 0.785044 0.297521 
0.986647 0.782444 0.0727041 
0.982597 0.79173 0.0726978 
1.10377 0.783337 0.125576 
1.101 0.792049 0.125837 
0.838334 0.783695 0.26765 
1.08348 0.776936 -0.00124775 
1.08027 0.785613 1.5606e-05 
1.00262 0.777712 0.246003 
0.999602 0.787181 0.244988 
0.878325 0.783446 0.180208 
0.874068 0.793603 0.178574 
1.13019 0.785008 0.0138448 
1.12748 0.793465 0.0150718 
0.89346 0.786001 0.296812 
0.978517 0.783732 0.079379 
0.974425 0.793075 0.0792473 
1.11036 0.778142 0.116365 
1.1076 0.786801 0.116736 
0.840762 0.778523 0.273077 
0.836928 0.78919 0.270789 
1.07549 0.784596 0.00240823 
1.07221 0.793326 0.00357539 
1.01061 0.777794 0.239282 
1.00761 0.787202 0.238352 
0.872568 0.784832 0.186824 
1.12907 0.783294 0.00968214 
1.12635 0.791753 0.0109487 
0.902488 0.777167 0.297594 
0.89917 0.787421 0.295679 
0.970433 0.784842 0.0860926 
1.11378 0.781598 0.107588 
1.11104 0.790233 0.108024 
0.839688 0.784393 0.275833 
1.07074 0.78295 0.00519011 
1.0674 0.791705 0.00631819 
1.01842 0.77835 0.232187 
1.01544 0.787699 0.231341 
0.867049 0.786418 0.193331 
1.12781 0.781075 0.00587515 
1.12507 0.789534 0.00718005 
0.908224 0.779113 0.295988 
0.90494 0.789324 0.294114 
0.962409 0.785801 0.0928376 
1.11681 0.784976 0.0989775 
1.11408 0.793589 0.0994776 
0.842754 0.780003 0.280459 
0.838995 0.790678 0.278157 
1.06602 0.780674 0.00836201 
1.06263 0.789454 0.0094491 
1.02604 0.779335 0.22476 
1.02307 0.788627 0.223997 
0.86599 0.777934 0.201523 
0.861776 0.788219 0.199709 
1.12642 0.778354 0.00241287 
1.12367 0.786815 0.00375496 
0.914005 0.78156 0.29394 
0.910756 0.791729 0.292107 
0.95866 0.777157 0.100036 
0.954464 0.786635 0.099608 
1.12215 0.779661 0.089963 
1.11943 0.78823 0.0905685 
0.842383 0.786683 0.282375 
1.06135 0.777774 0.0119214 
1.05791 0.786579 0.0129657 
1.03345 0.780704 0.21704 
1.0305 0.78994 0.216359 
0.860945 0.779906 0.207829 
0.856758 0.790248 0.20594 
1.12217 0.783597 0.000663711 
1.11938 0.792083 0.00199292 
0.919819 0.784531 0.29144 
0.950838 0.777834 0.106947 
0.946614 0.787371 0.106399 
1.12438 0.782758 0.0817295 
1.12167 0.79131 0.0823945 
0.846061 0.783114 0.286155 
0.842382 0.793785 0.283851 
1.05324 0.783094 0.0168621 
1.04973 0.791952 0.0177969 
1.04064 0.782414 0.209065 
1.03772 0.791598 0.208467 
0.856163 0.782119 0.213966 
0.852006 0.792517 0.212004 
1.12059 0.779883 -0.00210145 
1.11778 0.788371 -0.000737483 
0.928862 0.777997 0.290183 
0.925654 0.788045 0.288478 
0.943124 0.778439 0.113874 
0.938877 0.788034 0.113207 
1.12891 0.777117 0.0729985 
1.12621 0.785629 0.0737653 
0.850013 0.779975 0.28949 
0.846359 0.790617 0.287214 
1.04864 0.779017 0.0211296 
1.04507 0.7879 0.0220176 
1.0476 0.784427 0.200873 
1.0447 0.79356 0.200357 
0.851654 0.784587 0.219912 
1.11613 0.784161 -0.00314754 
1.11328 0.792675 -0.00180018 
0.934669 0.782114 0.286712 
0.931497 0.79212 0.285049 
0.935534 0.778996 0.12081 
0.931269 0.78865 0.120029 
1.13037 0.779726 0.0652774 
1.12768 0.788227 0.0660999 
0.854222 0.777269 0.29238 
0.850595 0.78788 0.290134 
1.04048 0.78328 0.0265966 
1.03684 0.792217 0.0273692 
1.05722 0.777651 0.192895 
1.05432 0.786707 0.1925 
0.851546 0.776865 0.227684 
0.84743 0.787322 0.225648 
1.11444 0.779447 -0.00523867 
1.11157 0.787964 -0.00385875 
0.943635 0.776876 0.284347 
0.940471 0.786806 0.28277 
0.928084 0.779534 0.127753 
0.923805 0.789247 0.126859 
1.13146 0.782013 0.0578834 
1.12878 0.790502 0.0587597 
0.85507 0.785575 0.292612 
1.03597 0.778124 0.0315201 
1.03228 0.787085 0.0322431 
1.06365 0.780212 0.184293 
1.06077 0.789221 0.183978 
0.847584 0.779828 0.233249 
0.843503 0.790336 0.231151 
1.10983 0.782739 -0.005597 
1.10692 0.791282 -0.00423734 
0.949383 0.782191 0.279893 
0.946257 0.792082 0.278358 
0.92079 0.780078 0.134696 
0.916501 0.78985 0.133692 
1.13222 0.783932 0.0508388 
1.12954 0.792413 0.0517669 
0.859763 0.783701 0.294655 
1.02779 0.781447 0.0374454 
1.02404 0.790462 0.0380484 
1.06979 0.782976 0.175576 
1.06693 0.791942 0.175339 
0.84393 0.783086 0.238557 
0.839888 0.793644 0.2364 
1.1081 0.776986 -0.0070093 
1.10515 0.785531 -0.00561911 
1.1022 0.794101 -0.00428205 
0.958218 0.778276 0.276424 
0.955102 0.788093 0.274974 
0.913664 0.780655 0.141633 
0.909369 0.790487 0.140521 
1.13532 0.776994 0.0431381 
1.13265 0.785444 0.0441611 
1.12997 0.793917 0.0451391 
0.864654 0.782254 0.296267 
0.861145 0.792803 0.29407 
1.01958 0.784376 0.0435112 
1.01577 0.793446 0.0439919 
1.0785 0.77702 0.166892 
1.07564 0.785917 0.166775 
0.8406 0.786654 0.243584 
1.10341 0.779233 -0.00666706 
1.10042 0.787805 -0.0053007 
0.963856 0.784795 0.271012 
0.906719 0.781291 0.148553 
0.902423 0.791183 0.147339 
1.13544 0.77807 0.0367917 
1.13277 0.786515 0.0378631 
0.869721 0.781233 0.297455 
0.866242 0.791744 0.295294 
1.01522 0.777855 0.0492685 
1.01135 0.786947 0.049697 
1.084 0.780148 0.15796 
1.08117 0.789006 0.157919 
0.841594 0.779944 0.250516 
0.837608 0.790546 0.248308 
1.09868 0.780941 -0.00597532 
1.09564 0.789539 -0.00463513 
0.972505 0.782172 0.266489 
0.969439 0.79188 0.265168 
0.899966 0.782012 0.155448 
0.895673 0.791964 0.154133 
1.1353 0.778676 0.0308339 
1.13262 0.787117 0.031952 
0.874943 0.780637 0.298225 
0.871495 0.791107 0.2961 
1.00703 0.780048 0.0556797 
1.00311 0.789195 0.0559838 
1.08918 0.783397 0.149006 
1.08636 0.792219 0.149039 
0.838908 0.784131 0.254964 
1.09392 0.782088 -0.00492588 
1.09083 0.790712 -0.00361419 
0.981036 0.7802 0.26143 
0.977982 0.789839 0.260194 
0.893416 0.782841 0.162305 
0.889129 0.792853 0.160893 
1.13489 0.778792 0.0252671 
1.13222 0.78723 0.0264302 
0.880301 0.780466 0.29858 
0.876884 0.790896 0.296493 
0.998845 0.78195 0.0621752 
0.99487 0.791153 0.062354 
1.0968 0.777977 0.139914 
1.094 0.786739 0.140061 
0.840509 0.77804 0.261308 
0.836584 0.788675 0.25906 
1.08914 0.782652 -0.00350987 
1.08601 0.791304 -0.002229 
0.989433 0.778847 0.255864 
0.986393 0.78842 0.254713 
0.887077 0.783802 0.169109 
0.8828 0.793874 0.167604 
1.13426 0.778405 0.020089 
1.13158 0.786841 0.0212955 
0.885775 0.780727 0.298522 
0.88239 0.791116 0.296474 
0.990664 0.783596 0.0687395 
0.98664 0.792856 0.0687925 
1.10124 0.781414 0.130938 
1.09845 0.790144 0.131156 
0.838508 0.782917 0.265076 
0.834631 0.79359 0.262784 
1.08436 0.782616 -0.00171866 
1.08118 0.791294 -0.000470873 
0.997684 0.778079 0.249824 
0.994659 0.787587 0.248758 
0.880958 0.784916 0.175847 
1.13343 0.777508 0.0152936 
1.13074 0.785944 0.0165422 
0.891347 0.781429 0.298048 
0.887996 0.791776 0.29604 
0.982505 0.785018 0.075359 
1.1053 0.784878 0.122037 
1.10253 0.793579 0.122324 
0.840742 0.777523 0.270727 
0.836884 0.788181 0.26845 
1.07959 0.781965 0.000455219 
1.07635 0.790668 0.00166771 
1.00578 0.777854 0.243348 
1.00277 0.7873 0.242367 
0.875065 0.786203 0.182503 
1.12971 0.784536 0.0121614 
1.127 0.792994 0.0134036 
0.897002 0.782585 0.297156 
0.893684 0.79289 0.295188 
0.978488 0.776907 0.082147 
0.974382 0.786244 0.082023 
1.11173 0.779684 0.112849 
1.10897 0.788334 0.113245 
0.839449 0.783154 0.273729 
0.835643 0.793844 0.271416 
1.07484 0.780687 0.00301718 
1.07155 0.789417 0.00419224 
1.0137 0.77813 0.236475 
1.0107 0.787515 0.235577 
0.873652 0.777477 0.190761 
0.869406 0.78768 0.189059 
1.12853 0.78262 0.00814288 
1.1258 0.791079 0.00942406 
0.902725 0.784213 0.295836 
0.970456 0.777908 0.0889709 
0.966311 0.787303 0.0887228 
1.11499 0.783114 0.104135 
1.11225 0.791741 0.104597 
0.842324 0.778526 0.2786 
0.838539 0.789196 0.276306 
1.07012 0.77878 0.00596987 
1.06678 0.787534 0.00710549 
1.02143 0.778862 0.229244 
1.01846 0.788188 0.22843 
0.868213 0.779102 0.197281 
0.863989 0.789363 0.195499 
1.12722 0.7802 0.00447554 
1.12447 0.78866 0.00579456 
0.908502 0.78633 0.29408 
0.962488 0.77877 0.0958226 
0.95831 0.788222 0.0954517 
1.12058 0.777867 0.0950345 
1.11785 0.786448 0.0956023 
0.84174 0.784958 0.280775 
1.06204 0.785023 0.010407 
1.05862 0.793832 0.0114379 
1.02897 0.780004 0.221696 
1.02601 0.789275 0.220965 
0.863021 0.780948 0.203662 
0.858823 0.791266 0.201804 
1.12579 0.77728 0.00114877 
1.12303 0.785741 0.00250456 
0.917566 0.77882 0.293677 
0.91432 0.788958 0.291877 
0.954602 0.779516 0.102697 
0.950394 0.789026 0.102204 
1.12304 0.781076 0.0866556 
1.12033 0.789638 0.0872843 
0.845236 0.781142 0.284809 
0.84153 0.791811 0.282509 
1.05736 0.781893 0.0140929 
1.05389 0.790726 0.0150798 
1.0363 0.781513 0.213871 
1.03336 0.790729 0.213223 
0.858086 0.783027 0.209887 
0.853916 0.793402 0.207955 
1.1215 0.782325 -0.00045501 
1.1187 0.790812 0.0008873 
0.923376 0.782022 0.290978 
0.920166 0.792117 0.28922 
0.946815 0.780174 0.109588 
0.942582 0.789743 0.108977 
1.12511 0.784088 0.0785269 
1.12241 0.792634 0.0792144 
0.849015 0.777754 0.288401 
0.845334 0.788396 0.286128 
1.05274 0.778159 0.018156 
1.04921 0.787017 0.0190974 
1.0434 0.783348 0.205807 
1.04048 0.792512 0.205241 
0.853419 0.785353 0.215934 
1.1199 0.778413 -0.00309083 
1.11708 0.786902 -0.00171413 
0.929202 0.785774 0.287814 
0.939144 0.780769 0.116493 
0.93489 0.790397 0.115765 
1.12949 0.778348 0.0698912 
1.12679 0.786856 0.0706797 
0.849407 0.785411 0.289303 
1.0446 0.782725 0.0234808 
1.041 0.791636 0.0243084 
1.05026 0.785471 0.19754 
0.85316 0.777501 0.223794 
0.849029 0.787937 0.221784 
1.11541 0.782492 -0.00399621 
1.11255 0.791007 -0.00263668 
0.9382 0.780117 0.285811 
0.935032 0.790093 0.284181 
0.931604 0.781329 0.123408 
0.927334 0.791015 0.122565 
1.1308 0.780834 0.0622989 
1.12811 0.78933 0.0631423 
0.85373 0.78286 0.292035 
0.850135 0.793485 0.289769 
1.04006 0.777879 0.0282177 
1.03641 0.786814 0.0289965 
1.05977 0.77881 0.189468 
1.05687 0.787848 0.189105 
0.849026 0.780305 0.22949 
0.84493 0.790794 0.227416 
1.11371 0.777575 -0.00595895 
1.11082 0.786093 -0.00456717 
0.943983 0.785057 0.281664 
0.924212 0.781879 0.130327 
0.91993 0.791625 0.129373 
1.13175 0.782978 0.055043 
1.12908 0.791465 0.0559393 
0.858284 0.78074 0.294326 
0.854716 0.791331 0.292093 
1.03189 0.781466 0.0340226 
1.02817 0.790455 0.0346828 
1.06609 0.781455 0.180819 
1.06321 0.790447 0.180534 
0.845193 0.783396 0.234942 
0.841134 0.793935 0.232807 
1.10908 0.780659 -0.00617551 
1.10616 0.789203 -0.00480451 
0.952866 0.780721 0.278551 
0.949744 0.790582 0.277049 
0.916981 0.782446 0.137245 
0.912692 0.792251 0.136182 
1.13238 0.784739 0.048144 
1.1297 0.793217 0.0490914 
0.863048 0.779051 0.296183 
0.859509 0.789606 0.293984 
1.02369 0.78464 0.0399802 
1.01991 0.793683 0.0405191 
1.07211 0.784292 0.172065 
1.06926 0.793241 0.171859 
0.841676 0.786787 0.240127 
1.1044 0.783236 -0.00605357 
1.10143 0.791807 -0.00470568 
0.961666 0.777082 0.27485 
0.958554 0.78687 0.273434 
0.909925 0.783056 0.144153 
0.905632 0.792922 0.142985 
1.13535 0.777631 0.0405759 
1.13268 0.786079 0.0416176 
0.868 0.777789 0.297612 
0.864491 0.788306 0.295448 
1.01929 0.778368 0.0455824 
1.01546 0.787434 0.0460695 
1.08068 0.778413 0.163328 
1.07784 0.787295 0.16324 
0.842494 0.779907 0.247214 
0.838488 0.790492 0.245024 
1.10266 0.776714 -0.00696468 
1.09966 0.785287 -0.0055878 
1.09665 0.793885 -0.00426538 
0.967269 0.783843 0.269247 
0.964196 0.793594 0.267874 
0.903055 0.783736 0.151042 
0.898763 0.793662 0.149772 
1.13537 0.778522 0.034385 
1.1327 0.786965 0.0354744 
0.87312 0.776952 0.298618 
0.869641 0.787431 0.29649 
1.0111 0.780762 0.0519075 
1.00721 0.789884 0.0522707 
1.08606 0.781592 0.154385 
1.08323 0.790436 0.154372 
0.839607 0.783897 0.25185 
1.09794 0.778191 -0.00612105 
1.09489 0.78679 -0.00477083 
0.975873 0.781482 0.264508 
0.972812 0.791163 0.26322 
0.896383 0.784511 0.157901 
1.13512 0.778934 0.0285842 
1.13244 0.787374 0.0297196 
0.874939 0.786979 0.297117 
1.0029 0.782847 0.0583271 
0.998953 0.792024 0.0585653 
1.09109 0.784881 0.145432 
1.08829 0.793689 0.145492 
0.84102 0.777612 0.258382 
0.837074 0.788235 0.256149 
1.09319 0.779097 -0.00491533 
1.09009 0.787723 -0.00359409 
0.984352 0.77976 0.259244 
0.981304 0.789373 0.258042 
0.889918 0.785403 0.164718 
1.13462 0.77885 0.023174 
1.13194 0.787288 0.0243537 
0.880365 0.786955 0.297331 
0.9947 0.784655 0.0648244 
0.990704 0.793889 0.0649369 
1.09857 0.779502 0.136325 
1.09577 0.788251 0.1365 
0.838806 0.782272 0.262367 
0.834907 0.792933 0.26009 
1.08843 0.779414 -0.00333862 
1.08528 0.788066 -0.00204867 
0.992692 0.778644 0.253486 
0.989659 0.788192 0.252369 
0.883668 0.786436 0.171477 
1.13391 0.77826 0.0181504 
1.13122 0.786696 0.0193731 
0.889284 0.777009 0.299145 
0.885901 0.787365 0.297131 
0.990554 0.776966 0.0713245 
0.986516 0.78622 0.0713847 
1.10286 0.782953 0.127377 
1.10008 0.791672 0.127621 
0.836966 0.78731 0.265971 
1.08367 0.779124 -0.00138268 
1.08047 0.787802 -0.000126271 
