1.21433 0.00218833 -0.0730954 
1.24189 0.00743088 0.0312364 
1.21213 0.00459895 0.0465298 
1.22933 0.00482695 -0.0806748 
1.22398 0.00741881 0.0993437 
1.21333 0.00727254 -0.0498893 
1.24309 0.00371229 -0.000667285 
1.21231 0.0071376 0.0725545 
1.22377 0.00774475 -0.0878462 
1.23044 0.00527414 0.0868083 
1.2125 0.000530902 -0.0254579 
1.21271 0.00837629 -0.0223839 
1.24141 0.00718238 -0.0291692 
1.2139 0.00652524 0.0906299 
1.21855 0.00389579 -0.0883892 
1.23669 0.00139805 0.0655698 
1.21231 0.00744985 0.00737835 
1.23687 8.8284e-05 -0.0578236 
1.23735 0.0078069 -0.0548934 
1.21739 0.00413079 0.0995761 
1.21501 0.00115129 -0.0792863 
1.24104 0.0022291 0.0397538 
1.21205 0.00658512 0.0370959 
1.23141 0.00363219 -0.0760094 
1.22268 0.000660626 0.098876 
1.22176 0.00845179 0.101787 
1.21323 0.000244245 -0.0610626 
1.21377 0.00808412 -0.058031 
1.24301 0.00578759 0.0112121 
1.21264 1.91813e-05 0.0614418 
1.21203 0.0078641 0.0644709 
1.22514 0.00112753 -0.0883943 
1.22832 0.00395374 0.0915319 
1.21269 0.00256853 -0.034918 
1.24222 0.00202766 -0.0206764 
1.21329 0.00537362 0.0844986 
1.2205 0.00752231 -0.0884231 
1.23431 0.00576297 0.0751825 
1.21242 0.0021344 -0.00572352 
1.23885 0.00392153 -0.0476422 
1.21641 0.000687824 0.0957744 
1.2155 0.00851165 0.098718 
1.21657 0.00715675 -0.0816893 
1.23952 0.00508476 0.0508406 
1.21231 0.00100387 0.024287 
1.2334 0.00164964 -0.0705855 
1.22053 0.00256908 0.100452 
1.2137 0.000454893 -0.0685531 
1.21431 0.00829181 -0.0655355 
1.24269 0.000221408 0.0201013 
1.24249 0.0079131 0.0230355 
1.21238 0.00127698 0.0527814 
1.22732 0.00142531 -0.0851623 
1.22613 0.00345374 0.0954599 
1.21295 0.00424549 -0.0439838 
1.24287 0.00430077 -0.00898495 
1.2128 0.00495861 0.0776037 
1.22175 0.00246199 -0.0905251 
1.23239 0.00308788 0.081216 
1.21253 0.00457482 -0.0156376 
1.24048 0.0072004 -0.0369286 
1.21468 0.00592759 0.0940579 
1.21753 0.00450825 -0.0862351 
1.23816 0.000693665 0.0585477 
1.23761 0.00840764 0.0614665 
1.21229 0.00345259 0.014349 
1.23582 0.00665485 -0.0615227 
1.21845 0.00537291 0.10115 
1.21496 0.00782163 -0.0723308 
1.24187 0.00250937 0.031758 
1.21222 0.00298059 0.0436472 
1.22946 0.000873395 -0.0811101 
1.23015 0.00862806 -0.0781825 
1.22392 0.00380521 0.0985607 
1.2133 0.00546942 -0.0525613 
1.2431 0.00641741 0.002857 
1.21242 0.00521515 0.0700087 
1.22388 0.00431288 -0.0888076 
1.23035 0.00115394 0.0865292 
1.21271 0.00682562 -0.0253391 
1.2415 0.00232445 -0.0287101 
1.21397 0.0041665 0.0885502 
1.21859 0.00100614 -0.089903 
1.236 0.00456843 0.0686349 
1.21235 0.00598612 0.00432253 
1.23748 0.00324797 -0.0547331 
1.21739 0.00125323 0.0980363 
1.21572 0.00660996 -0.0783554 
1.24062 0.00507581 0.0431334 
1.21213 0.00503784 0.0341343 
1.2322 0.00724718 -0.0733443 
1.22173 0.00503093 0.10081 
1.21375 0.00615282 -0.0605633 
1.24302 0.000803986 0.0117974 
1.24288 0.00849404 0.0147332 
1.21214 0.00606832 0.0617872 
1.22603 0.00527951 -0.0862302 
1.22822 9.72357e-06 0.0910762 
1.22739 0.00777282 0.0939826 
1.21265 0.000945255 -0.0377884 
1.24245 0.00479613 -0.0172122 
1.21337 0.00318469 0.0822376 
1.22057 0.00443725 -0.0897388 
1.23422 0.0013553 0.0751886 
1.21242 0.000659014 -0.00876493 
1.21247 0.00850533 -0.0056836 
1.23936 0.00694601 -0.044423 
1.21555 0.00582676 0.0969827 
1.21659 0.0046051 -0.0835593 
1.23945 0.000322378 0.0511998 
1.23898 0.00802999 0.0541225 
1.21212 0.00735338 0.0243432 
1.23414 0.00508891 -0.0677571 
1.21957 0.0071459 0.10219 
1.2143 0.00621504 -0.0679106 
1.24249 0.00295499 0.0235948 
1.21196 0.0074353 0.0530216 
1.22818 0.00537838 -0.0828125 
1.22518 0.00746755 0.0977278 
1.21291 0.00252869 -0.0467498 
1.24297 0.00702324 -0.00547671 
1.21289 0.00292596 0.0751751 
1.22263 0.00697444 -0.0886982 
1.23155 0.00658029 0.0839747 
1.21252 0.00306554 -0.0186395 
1.24058 0.00241 -0.0365374 
1.21474 0.0034297 0.0921241 
1.21756 0.00176814 -0.0879052 
1.23754 0.00375716 0.0617159 
1.21233 0.00198272 0.0112992 
1.23595 0.00220514 -0.0614695 
1.21844 0.0023438 0.0997685 
1.21495 0.00558426 -0.0745337 
1.24153 0.00529706 0.0351964 
1.21229 0.00138015 0.0407438 
1.2303 0.00463388 -0.0785812 
1.22386 0.000234455 0.0977303 
1.22295 0.00801963 0.10064 
1.21326 0.00363906 -0.0552022 
1.24312 0.00143108 0.00344562 
1.21252 0.00332288 0.0674285 
1.22397 0.000837744 -0.0897215 
1.22475 0.00861987 -0.0867873 
1.22947 0.00482531 0.08912 
1.2127 0.00526052 -0.0282774 
1.24181 0.00514602 -0.0252969 
1.21404 0.00184705 0.0864266 
1.21944 0.00588249 -0.0884197 
1.23591 4.82732e-05 0.0687516 
1.23528 0.00777323 0.0716661 
1.21238 0.00452174 0.00126755 
1.23806 0.0063747 -0.0516109 
1.21649 0.00623798 0.0993899 
1.21572 0.00419943 -0.0803735 
1.24057 0.00024108 0.0435656 
1.24016 0.00794324 0.0464918 
1.21221 0.00350368 0.0311572 
1.23234 0.00307918 -0.0735696 
1.22168 0.00165373 0.0997844 
1.21371 0.00419024 -0.0630601 
1.2429 0.003514 0.0153152 
1.21224 0.00429856 0.0590736 
1.22615 0.00161288 -0.0869521 
1.22731 0.00386977 0.0934902 
1.21296 0.00714697 -0.0375761 
1.24263 0.00755171 -0.0137355 
1.21345 0.00103224 0.0799358 
1.22064 0.00130831 -0.091006 
1.23344 0.00471539 0.0780731 
1.21249 0.00702422 -0.00871886 
1.23948 0.00223607 -0.0441121 
1.21559 0.00318454 0.0952 
1.21659 0.00201168 -0.0853829 
1.23892 0.0032911 0.0544599 
1.21219 0.00586387 0.0213164 
1.23428 0.000757452 -0.0678193 
1.23485 0.00848855 -0.0648908 
1.21956 0.00396459 0.100967 
1.21427 0.0041034 -0.0702466 
1.24224 0.0056988 0.0270774 
1.21206 0.00576868 0.0501945 
1.22831 0.00152496 -0.0833478 
1.22511 0.00374968 0.0970498 
1.21286 0.000788028 -0.0494881 
1.2133 0.00863048 -0.0464382 
1.24302 0.0020491 -0.00490022 
1.21298 0.000926432 0.0727092 
1.22273 0.00364969 -0.0897677 
1.23146 0.00236716 0.083789 
1.21251 0.00154561 -0.0216286 
1.24098 0.00529948 -0.0331894 
1.21479 0.000972823 0.0901446 
1.21837 0.00680019 -0.0865689 
1.23689 0.00685164 0.0648532 
1.21236 0.00051606 0.00824594 
1.21225 0.00836297 0.0113269 
1.2366 0.00544554 -0.0584547 
1.21751 0.00717189 0.10127 
1.21493 0.00330897 -0.0766943 
1.24149 0.00040337 0.0356887 
1.24115 0.00810101 0.038618 
1.21197 0.0076434 0.0408828 
1.23043 0.000600186 -0.0789368 
1.2311 0.00835007 -0.0760099 
1.2229 0.00449229 0.0997703 
1.21322 0.00178051 -0.0578108 
1.24309 0.0041334 0.00697216 
1.21261 0.00145987 0.0648151 
1.22487 0.00510106 -0.0876616 
1.22938 0.000783311 0.0887628 
1.22856 0.00854065 0.0916679 
1.21268 0.00367988 -0.0311973 
1.24189 0.000255254 -0.024804 
1.24208 0.00795015 -0.0218669 
1.21329 0.00740272 0.0872404 
1.2195 0.00290519 -0.0898448 
1.2352 0.00328491 0.0717539 
1.2124 0.00305556 -0.00178517 
1.23819 0.00175722 -0.0513915 
1.21652 0.00344763 0.097762 
1.21571 0.00174856 -0.0823467 
1.24011 0.00312823 0.0469057 
1.21227 0.00198153 0.0281661 
1.2331 0.00661361 -0.0708296 
1.22072 0.00611686 0.10163 
1.21367 0.00219552 -0.0655206 
1.24273 0.00622952 0.018827 
1.21234 0.00255383 0.0563312 
1.22702 0.00567464 -0.0847036 
1.22722 7.60248e-06 0.0929528 
1.22637 0.00777573 0.0958594 
1.21294 0.00548425 -0.040404 
1.24269 0.00260456 -0.0131863 
1.21277 0.00675528 0.0805914 
1.22151 0.00593431 -0.0892864 
1.23335 0.000376872 0.0780098 
1.23263 0.00811449 0.0809194 
1.21251 0.00553633 -0.011746 
1.23995 0.00520753 -0.0408426 
1.21562 0.000584673 0.0933701 
1.21473 0.00841272 0.0963226 
1.21737 0.00719662 -0.0841914 
1.23834 0.00628704 0.0576929 
1.21225 0.00438145 0.0182811 
1.23499 0.0041217 -0.064921 
1.21953 0.000827377 0.0996946 
1.2186 0.00863478 0.102616 
1.21424 0.00195613 -0.0725426 
1.24221 0.000760183 0.027616 
1.24194 0.00845428 0.0305478 
1.21216 0.00412258 0.0473436 
1.22916 0.00539042 -0.0809164 
1.22503 7.40711e-05 0.0963251 
1.22415 0.00785325 0.0992332 
1.21327 0.00686508 -0.0491526 
1.24307 0.00475967 -0.00138075 
1.21237 0.00680162 0.0732203 
1.22281 0.000281355 -0.0907893 
1.2236 0.00806938 -0.0878533 
1.2306 0.00593885 0.0864732 
1.21248 1.39008e-05 -0.0246036 
1.21269 0.00785943 -0.0215292 
1.24107 0.000468417 -0.0327565 
1.24133 0.00816713 -0.0298203 
1.214 0.00638889 0.0910909 
1.21841 0.00397353 -0.0881511 
1.23682 0.00225763 0.0650452 
1.2123 0.00689824 0.00827221 
1.23673 0.000931478 -0.058337 
1.23722 0.00865074 -0.0554061 
1.21752 0.0042309 0.0997989 
1.21491 0.000995152 -0.0788118 
1.24112 0.00322307 0.0390955 
1.21207 0.00607527 0.0379453 
1.23125 0.00427659 -0.0763297 
1.22285 0.0010082 0.0988529 
1.2137 0.00773309 -0.0573536 
1.24302 0.00683645 0.0104975 
1.21208 0.00746981 0.0651975 
1.22498 0.00153934 -0.0884889 
1.22848 0.00453863 0.0912749 
1.21265 0.00208261 -0.0340977 
1.24216 0.00304454 -0.0213599 
1.21338 0.00515984 0.0850388 
1.22035 0.00768897 -0.0882733 
1.23445 0.00655773 0.0747206 
1.21241 0.00158645 -0.00483422 
1.23874 0.00482386 -0.0482126 
1.21654 0.000700569 0.096086 
1.21563 0.00852371 0.0990282 
1.21645 0.00708225 -0.0812966 
1.23962 0.00603853 0.0502223 
1.21232 0.000470292 0.0251623 
1.21205 0.00831746 0.0282351 
1.23325 0.00237068 -0.0709804 
1.22069 0.00282759 0.100517 
1.21363 0.000167832 -0.0679438 
1.21423 0.00800519 -0.0649252 
1.24273 0.00126044 0.0193972 
1.21242 0.00083312 0.0535612 
1.21188 0.00867938 0.0566024 
1.22715 0.00192333 -0.0853411 
1.2263 0.00395521 0.0952846 
1.2129 0.00380019 -0.0432072 
1.24284 0.00533923 -0.00968962 
1.21287 0.00467336 0.0782175 
1.22159 0.00271722 -0.0904648 
1.23254 0.00381177 0.0808238 
1.21251 0.00404053 -0.0147638 
1.24005 0.000449547 -0.0404826 
1.24038 0.00815302 -0.0375479 
1.21479 0.00585476 0.0944546 
1.2174 0.00451847 -0.0859289 
1.23827 0.00159796 0.0579792 
1.2123 0.002905 0.0152389 
1.23567 0.00744779 -0.0619861 
1.2186 0.00554185 0.101304 
1.21487 0.00760644 -0.0717943 
1.24192 0.00352726 0.0310755 
1.21224 0.00249593 0.0444701 
1.22929 0.00145501 -0.0813702 
1.22409 0.00422053 0.09847 
1.21324 0.00507385 -0.0518374 
1.24309 0.00746618 0.00214228 
1.21248 0.00486547 0.0706892 
1.22371 0.00465704 -0.0888348 
1.23051 0.00180149 0.0862118 
1.21268 0.0063149 -0.0244912 
1.24143 0.0033172 -0.0293696 
1.21407 0.00401246 0.0890298 
1.21845 0.00110345 -0.0896853 
1.23614 0.00541396 0.0681236 
1.21234 0.00543449 0.00521638 
1.23735 0.0041054 -0.0552598 
1.21753 0.00133378 0.0982795 
1.21561 0.00647211 -0.0778983 
1.2407 0.00606158 0.0424831 
