0.737382 1.5708 0.0812741 
0.737507 1.57289 0.0806607 
0.737634 1.57498 0.0800474 
0.737763 1.57708 0.0794343 
0.737895 1.57917 0.0788213 
0.816749 1.57176 -0.0983819 
0.947904 1.56735 0.0624634 
0.948474 1.57764 0.060365 
0.693236 1.57346 0.0136081 
0.920739 1.56862 -0.0734343 
0.920126 1.57917 -0.0757552 
0.847928 1.56888 0.101223 
0.717544 1.5712 -0.0616235 
0.989181 1.56502 -0.0126106 
0.989076 1.57498 -0.014344 
0.74837 1.56752 0.0879194 
0.802978 1.5674 -0.0961107 
0.802167 1.57916 -0.0993218 
0.958881 1.56524 0.0548327 
0.959372 1.57544 0.052828 
0.695119 1.57158 0.0253033 
0.907102 1.57107 -0.0802285 
0.862807 1.57234 0.097884 
0.710117 1.56998 -0.0527006 
0.984627 1.56833 -0.022554 
0.984455 1.57832 -0.024328 
0.760523 1.56933 0.0922005 
0.788837 1.57296 -0.0955654 
0.968733 1.56469 0.0464791 
0.969149 1.57481 0.0445603 
0.698256 1.56976 0.0365968 
0.893164 1.57137 -0.0858095 
0.87697 1.5674 0.0955517 
0.877804 1.57834 0.0928716 
0.704026 1.56843 -0.042847 
0.978105 1.5706 -0.0320651 
0.773482 1.57216 0.0953356 
0.776044 1.565 -0.0903464 
0.775255 1.57709 -0.0937468 
0.977177 1.56557 0.0374936 
0.977521 1.57562 0.03565 
0.7027 1.56807 0.0473002 
0.879087 1.56924 -0.0899312 
0.891158 1.56516 0.0914902 
0.891943 1.57597 0.0889199 
0.699269 1.56667 -0.0322086 
0.969861 1.57158 -0.0410262 
0.786279 1.56423 0.100623 
0.787124 1.57617 0.097285 
0.763063 1.56776 -0.0872486 
0.983935 1.56774 0.0279716 
0.98421 1.57773 0.0261893 
0.708493 1.5666 0.0572367 
0.865021 1.56443 -0.0923661 
0.86422 1.57551 -0.0951263 
0.905218 1.56539 0.0859224 
0.905962 1.57606 0.0834648 
0.695814 1.56479 -0.0209601 
0.695607 1.57798 -0.0249434 
0.960178 1.5711 -0.0493414 
0.800456 1.5698 0.101211 
0.750846 1.56948 -0.0830169 
0.988754 1.57095 0.0180268 
0.715647 1.56548 0.0662541 
0.716224 1.57835 0.0624172 
0.850241 1.56803 -0.0958012 
0.849443 1.57926 -0.0986729 
0.918989 1.5678 0.0790981 
0.919699 1.57835 0.0767552 
0.693612 1.56288 -0.00929074 
0.693493 1.57609 -0.0132914 
0.949344 1.56904 -0.0569237 
0.948874 1.57933 -0.0590041 
0.81427 1.56539 0.103573 
0.815147 1.57699 0.100431 
0.739528 1.5703 -0.0776672 
0.991344 1.56494 0.00951318 
0.991437 1.57488 0.00779678 
0.724134 1.56483 0.0742384 
0.724772 1.57758 0.0704632 
0.835669 1.56906 -0.0974836 
0.932295 1.57213 0.0712585 
0.692594 1.57418 -0.0014032 
0.937634 1.56528 -0.0636749 
0.937078 1.57567 -0.0658524 
0.828498 1.56318 0.104257 
0.829361 1.57463 0.101216 
0.729251 1.57036 -0.0712019 
0.991841 1.5692 -0.000850657 
0.99187 1.57913 -0.00256169 
0.733875 1.56479 0.081121 
0.734569 1.57741 0.0774156 
0.821398 1.5676 -0.0973924 
0.820581 1.57914 -0.100473 
0.944347 1.56781 0.0647339 
0.94494 1.57814 0.0626053 
0.692889 1.57228 0.0105268 
0.92465 1.57018 -0.0717426 
0.843064 1.56338 0.103181 
0.843922 1.57467 0.100245 
0.720145 1.56977 -0.0636344 
0.990152 1.56338 -0.00943034 
0.990065 1.57333 -0.0111551 
0.744752 1.56549 0.0868732 
0.745499 1.57795 0.083245 
0.807506 1.56383 -0.0955831 
0.80667 1.57553 -0.0987618 
0.955617 1.56522 0.0573393 
0.956129 1.57545 0.0553061 
0.694388 1.57039 0.0223049 
0.911815 1.56264 -0.0764979 
0.91113 1.57327 -0.0788886 
0.857884 1.56613 0.100326 
0.858743 1.57726 0.0975005 
0.712309 1.56867 -0.0550105 
0.986243 1.56693 -0.0194767 
0.98609 1.57691 -0.0212361 
0.756624 1.56703 0.0914896 
0.757421 1.57934 0.0879451 
0.793202 1.56984 -0.0954334 
0.965845 1.56421 0.0491917 
0.966281 1.57435 0.0472472 
0.697126 1.56855 0.0337384 
0.897983 1.56353 -0.0823911 
0.897256 1.57428 -0.0848943 
0.872853 1.57143 0.095758 
0.705799 1.56719 -0.0454204 
0.9803 1.56955 -0.0291308 
0.769345 1.56956 0.0949648 
0.780249 1.56233 -0.0906089 
0.779435 1.57436 -0.0939796 
0.974752 1.56467 0.0403855 
0.975115 1.57474 0.0385199 
0.701155 1.56682 0.0446371 
0.883192 1.57295 -0.0895149 
0.887036 1.56836 0.0922303 
0.887853 1.5792 0.0896292 
0.700628 1.56547 -0.0349985 
0.700303 1.57858 -0.0389445 
0.972556 1.57094 -0.0382673 
0.782783 1.57321 0.0972696 
0.767053 1.56541 -0.0878524 
0.766287 1.5776 -0.0913161 
0.982056 1.56647 0.0310129 
0.98235 1.57648 0.0292132 
0.706523 1.56528 0.0548197 
0.706999 1.57829 0.0509156 
0.869093 1.56902 -0.0925131 
0.901141 1.56782 0.0871245 
0.901914 1.57853 0.0846355 
0.69677 1.56361 -0.0239124 
0.696526 1.57678 -0.0278883 
0.963285 1.57091 -0.0467849 
0.795964 1.56636 0.101609 
0.796834 1.57818 0.098339 
0.754583 1.5674 -0.0839517 
0.987493 1.56939 0.021181 
0.98772 1.57936 0.0194311 
0.713254 1.56405 0.0641248 
0.7138 1.57696 0.0602704 
0.855103 1.56231 -0.0936947 
0.854274 1.57348 -0.0965285 
0.915009 1.56957 0.0806859 
0.694022 1.5749 -0.0163444 
0.952776 1.56934 -0.0545958 
0.810497 1.57305 0.101244 
0.742969 1.56847 -0.0789314 
0.990737 1.5632 0.0127429 
0.990847 1.57314 0.0110205 
0.721332 1.56326 0.0724256 
0.721941 1.57605 0.0686302 
0.840459 1.56405 -0.0958701 
0.839626 1.57538 -0.0988125 
0.927827 1.56284 0.0754342 
0.928469 1.57331 0.0731617 
0.692744 1.573 -0.00450611 
0.941309 1.56611 -0.0616077 
0.940777 1.57647 -0.0637547 
0.824597 1.57006 0.102506 
0.732354 1.56872 -0.0727957 
0.991931 1.56741 0.00239372 
0.991976 1.57735 0.000683282 
0.730694 1.56304 0.0796398 
0.731361 1.5757 0.0759118 
0.826092 1.56326 -0.0962713 
0.825248 1.57475 -0.0993175 
0.940715 1.56844 0.0669268 
0.941331 1.5788 0.0647675 
0.692663 1.57109 0.00743187 
0.928521 1.57156 -0.0699488 
0.839065 1.56942 0.10203 
0.722871 1.5683 -0.065552 
0.990847 1.57163 -0.0079462 
0.741231 1.56352 0.0857279 
0.741952 1.57603 0.0820749 
0.811223 1.57175 -0.0980784 
0.952254 1.56534 0.0597786 
0.952787 1.5756 0.0577163 
0.69378 1.5692 0.0192757 
0.915793 1.56466 -0.0750668 
0.915136 1.57525 -0.0774261 
0.853817 1.5713 0.099776 
0.714631 1.56733 -0.0572346 
0.987668 1.56545 -0.0163641 
0.987532 1.57542 -0.0181107 
0.752809 1.56481 0.0906798 
0.75358 1.57717 0.0871085 
0.797622 1.5666 -0.0951886 
0.796812 1.57842 -0.0984373 
0.962832 1.56386 0.0518456 
0.963288 1.57403 0.0498744 
0.696123 1.56734 0.0308322 
0.902038 1.56624 -0.0813616 
0.901341 1.57696 -0.0838337 
0.867922 1.56471 0.0985325 
0.868757 1.57574 0.0957819 
0.707705 1.56594 -0.0479198 
0.707271 1.57894 -0.0518121 
0.982326 1.56838 -0.02615 
0.982122 1.5784 -0.0279441 
0.765279 1.56704 0.094493 
0.7661 1.57924 0.0910091 
0.783678 1.57152 -0.0941081 
0.972176 1.56389 0.0432267 
0.972558 1.57398 0.0413378 
0.699742 1.56558 0.0419102 
0.700108 1.57869 0.0379553 
0.88805 1.56556 -0.0863482 
0.887307 1.57641 -0.0889312 
0.88292 1.57181 0.0928067 
0.702117 1.56427 -0.0377293 
0.701757 1.57736 -0.0416641 
0.975107 1.57017 -0.035453 
0.778504 1.57036 0.0971475 
0.771116 1.56297 -0.0883576 
0.770325 1.57511 -0.0917927 
0.980001 1.5653 0.0340129 
0.980313 1.57533 0.0321943 
0.704688 1.56398 0.0523245 
0.705131 1.57702 0.0484068 
0.873986 1.56234 -0.0897842 
0.873189 1.57333 -0.0924751 
0.897053 1.57049 0.0881856 
0.697852 1.56243 -0.0268222 
0.697571 1.57558 -0.0307898 
0.966274 1.57059 -0.0441652 
0.791527 1.56305 0.101891 
0.792371 1.57492 0.0985897 
0.758405 1.56526 -0.0847896 
0.757661 1.57756 -0.0883144 
0.986036 1.56791 0.0243057 
0.986281 1.57789 0.0225421 
0.710993 1.56265 0.0619062 
0.711508 1.5756 0.0580353 
0.859134 1.56751 -0.094254 
0.858344 1.57865 -0.0970595 
0.911001 1.57154 0.0821558 
0.694673 1.57372 -0.0193712 
0.956116 1.5695 -0.0521966 
0.805897 1.56927 0.101931 
0.746509 1.56657 -0.0800985 
0.745812 1.57903 -0.0837077 
0.990048 1.57145 0.0142283 
0.719236 1.57456 0.0667019 
0.844424 1.57012 -0.0970269 
0.923929 1.56416 0.0772715 
0.924596 1.57467 0.0749672 
0.693014 1.57181 -0.00760025 
0.944917 1.56678 -0.0594586 
0.944408 1.57711 -0.0615753 
0.819879 1.56567 0.103663 
0.820759 1.57721 0.100561 
0.735567 1.56704 -0.0742922 
0.991806 1.56563 0.00563893 
0.991868 1.57556 0.00392705 
0.728267 1.57404 0.0743096 
0.829957 1.57018 -0.0980281 
0.937016 1.56923 0.0690379 
0.692557 1.5699 0.00432846 
0.932943 1.56231 -0.0658432 
0.932346 1.57275 -0.0680583 
0.834247 1.56436 0.10368 
0.835116 1.57575 0.10068 
0.725719 1.56679 -0.0673748 
0.991419 1.56989 -0.00472153 
0.738507 1.57417 0.0808061 
0.815824 1.56782 -0.0972689 
0.815009 1.57942 -0.100389 
0.9488 1.56561 0.062148 
0.949355 1.5759 0.060056 
0.693295 1.56801 0.0162208 
0.919743 1.56648 -0.0735196 
0.919113 1.57703 -0.0758475 
0.848923 1.56553 0.101921 
0.849789 1.57675 0.0990287 
0.717083 1.56595 -0.0593704 
0.71655 1.57882 -0.0631928 
0.988895 1.56389 -0.01322 
0.988777 1.57385 -0.0149556 
0.749082 1.56266 0.0897712 
0.749828 1.57507 0.0861737 
0.802096 1.56323 -0.0948279 
0.80126 1.57499 -0.0980448 
0.959703 1.56365 0.0544383 
0.960179 1.57385 0.0524396 
0.695248 1.56614 0.0278834 
0.695494 1.57932 0.0238945 
0.906083 1.56873 -0.0801937 
0.905415 1.57941 -0.0826346 
0.863815 1.56926 0.0983985 
0.709742 1.56466 -0.0503415 
0.709276 1.57764 -0.0542186 
0.984175 1.56711 -0.0231259 
0.98399 1.57711 -0.0249034 
0.761289 1.56462 0.0939211 
0.762084 1.57687 0.0904092 
0.787981 1.56858 -0.09413 
0.969457 1.56324 0.0460148 
0.969858 1.57335 0.0441014 
0.698461 1.56435 0.039124 
0.698791 1.57748 0.0351596 
0.892137 1.5688 -0.0856342 
0.877999 1.56459 0.0958869 
0.878813 1.57552 0.0932134 
0.703737 1.56306 -0.0403966 
0.703342 1.57612 -0.0443191 
0.977505 1.56927 -0.0325858 
0.97725 1.57933 -0.0344226 
0.774291 1.56761 0.0969208 
0.774431 1.57253 -0.092169 
0.977778 1.56425 0.0369688 
0.978109 1.5743 0.0351298 
0.702987 1.5627 0.0497551 
0.703396 1.57576 0.0458248 
0.878067 1.56641 -0.0895954 
0.877305 1.57736 -0.0922567 
0.892193 1.5626 0.0916624 
0.892959 1.5734 0.0890988 
0.698745 1.57438 -0.033643 
0.969138 1.57013 -0.0414848 
0.787965 1.57179 0.0987278 
0.762308 1.56303 -0.0855307 
0.761539 1.57529 -0.0890279 
0.984389 1.56652 0.0273971 
0.984652 1.57651 0.0256182 
0.709348 1.57426 0.0557147 
0.8632 1.57243 -0.0946198 
0.906244 1.56306 0.0859516 
0.90697 1.57372 0.0835009 
0.695448 1.57253 -0.0223668 
0.959358 1.5695 -0.0497288 
0.801349 1.56563 0.102495 
0.802219 1.57738 0.0992633 
0.750143 1.56461 -0.0811687 
0.749421 1.57702 -0.0847521 
0.989043 1.56981 0.0174159 
0.716659 1.57311 0.0646798 
0.849256 1.56467 -0.0951067 
0.848435 1.57591 -0.0979847 
0.91999 1.56567 0.0790054 
0.920683 1.57621 0.0766694 
0.693404 1.57063 -0.0106805 
0.94845 1.56729 -0.0572311 
0.947965 1.57759 -0.059318 
0.816059 1.57305 0.101553 
0.738888 1.5653 -0.0756916 
0.738216 1.57787 -0.0793554 
0.991467 1.56386 0.00888052 
0.991547 1.57379 0.00716514 
0.725292 1.57244 0.0726096 
0.834709 1.56543 -0.0966039 
0.833881 1.57683 -0.0995884 
0.933255 1.57018 0.071063 
0.692571 1.56872 0.00122171 
0.93669 1.56337 -0.063892 
0.936118 1.57377 -0.0660763 
0.83031 1.57093 0.102158 
0.728686 1.56524 -0.0691019 
0.728066 1.57795 -0.0728394 
0.991779 1.56812 -0.00148551 
0.991795 1.57805 -0.00319708 
0.735169 1.57237 0.0794387 
0.820471 1.56372 -0.0963309 
0.81963 1.57527 -0.0994174 
0.945262 1.56603 0.0644442 
0.945839 1.57635 0.0623221 
0.692932 1.56682 0.0131453 
0.92366 1.5681 -0.0718627 
0.923057 1.57862 -0.0741592 
0.844898 1.57124 0.101002 
0.719661 1.56455 -0.0614155 
0.719099 1.57738 -0.065219 
0.989921 1.56227 -0.0100483 
0.98982 1.57222 -0.0117748 
0.746168 1.57305 0.0851406 
0.80576 1.57142 -0.097533 
0.956465 1.56359 0.0569673 
0.956962 1.57381 0.0549403 
0.694499 1.56494 0.0248968 
0.694707 1.57814 0.0209023 
0.910111 1.57099 -0.0788946 
0.858899 1.56297 0.100893 
0.859737 1.57409 0.0980734 
0.711911 1.56337 -0.0526819 
0.711413 1.57631 -0.0565429 
0.985841 1.56575 -0.0200617 
0.985674 1.57573 -0.0218242 
0.757378 1.56228 0.0932497 
0.758148 1.57458 0.0897104 
0.792341 1.56552 -0.0940427 
0.791529 1.5774 -0.0973286 
0.966602 1.56272 0.0487472 
0.967023 1.57286 0.0468084 
0.69731 1.56313 0.0362835 
0.697604 1.57628 0.0323104 
0.896225 1.57179 -0.0847661 
0.873872 1.56854 0.096148 
0.87472 1.57951 0.0934446 
0.70506 1.57487 -0.046905 
0.979744 1.56826 -0.0296684 
0.979508 1.5783 -0.0314851 
0.770145 1.56496 0.096591 
0.770964 1.57709 0.0931411 
0.778604 1.56985 -0.0924436 
0.975394 1.56331 0.0398775 
0.975743 1.57338 0.0380168 
0.701794 1.57452 0.0431737 
0.882163 1.57021 -0.089232 
0.888066 1.56572 0.0924517 
0.888863 1.57655 0.0898572 
0.700048 1.57318 -0.0364428 
0.971869 1.56953 -0.0387459 
0.783619 1.56878 0.0987559 
0.765494 1.57293 -0.0896434 
0.982558 1.56523 0.0304517 
0.982839 1.57523 0.0286559 
0.707323 1.57295 0.0533119 
0.86808 1.56602 -0.0920576 
0.867295 1.57707 -0.0947951 
0.902167 1.56542 0.0871966 
0.902922 1.57612 0.0847144 
0.696348 1.57134 -0.025326 
0.962492 1.56937 -0.0471949 
0.796854 1.56213 0.10294 
0.797698 1.57394 0.0996761 
0.753867 1.56258 -0.0821423 
0.75312 1.57494 -0.0856993 
0.987835 1.56824 0.0205793 
0.988049 1.5782 0.0188319 
0.714211 1.5717 0.0625659 
0.853271 1.57021 -0.0958939 
0.916015 1.56738 0.0806298 
0.916734 1.57795 0.078262 
0.693915 1.56945 -0.0137416 
0.951902 1.56764 -0.0549285 
0.951439 1.57792 -0.0569861 
0.811408 1.56904 0.102415 
0.742313 1.5635 -0.0769938 
0.741614 1.57602 -0.0806332 
0.990916 1.56211 0.012114 
0.991013 1.57205 0.0103931 
0.72244 1.57088 0.0708124 
0.838643 1.57184 -0.0979928 
0.929439 1.5713 0.0729972 
0.692705 1.56754 -0.00188326 
