1.00991 0.780383 0.122015 
1.00632 0.789635 0.121803 
1.00763 0.780837 0.173635 
1.00427 0.790185 0.173059 
0.9575 0.7805 0.172733 
0.95375 0.790153 0.171809 
1.03767 0.778382 0.120742 
1.0343 0.787472 0.120722 
0.964646 0.778132 0.200915 
0.961111 0.787789 0.199893 
0.997248 0.781234 0.130387 
0.993583 0.790574 0.130024 
1.0194 0.780455 0.160808 
1.01607 0.789711 0.16039 
0.953471 0.776806 0.183949 
0.949742 0.786499 0.182944 
1.03408 0.778408 0.116066 
1.03066 0.787511 0.116059 
0.973474 0.783156 0.197152 
0.970005 0.792758 0.196197 
0.985507 0.778705 0.14117 
0.981789 0.788128 0.140659 
1.02854 0.780951 0.147613 
1.02522 0.790134 0.147339 
0.948434 0.785489 0.191781 
1.02561 0.782633 0.115254 
1.02213 0.791789 0.115185 
0.985808 0.783325 0.190423 
0.982392 0.792838 0.189591 
0.97156 0.783547 0.15284 
0.967815 0.793082 0.152133 
1.03478 0.780658 0.135429 
1.03146 0.789787 0.135277 
0.953315 0.778406 0.198501 
0.949684 0.788131 0.197409 
1.01635 0.781751 0.118312 
1.0128 0.790962 0.118165 
1.00066 0.778309 0.181031 
0.997276 0.787706 0.180372 
0.963424 0.778193 0.165565 
0.959664 0.787791 0.164737 
1.03819 0.778007 0.125429 
1.03485 0.787099 0.125379 
0.95667 0.785386 0.200328 
1.00342 0.785244 0.124768 
1.01045 0.785916 0.168577 
0.954002 0.783086 0.17681 
0.950264 0.792773 0.175827 
1.03582 0.780775 0.118517 
1.03244 0.789875 0.118494 
0.968585 0.777755 0.200127 
0.965071 0.787384 0.199139 
0.991003 0.784708 0.134087 
0.98732 0.794096 0.133641 
1.02461 0.776802 0.155871 
1.02128 0.786015 0.155531 
0.951012 0.780286 0.18723 
0.947303 0.790007 0.186175 
1.0316 0.778981 0.115296 
1.02816 0.788098 0.115277 
0.977535 0.784606 0.194846 
0.979763 0.781245 0.145504 
0.976032 0.790713 0.144913 
1.03265 0.77722 0.14285 
1.02933 0.786367 0.142646 
0.950683 0.780558 0.19496 
0.947022 0.790297 0.19386 
1.02276 0.781252 0.115983 
1.01925 0.790423 0.115896 
0.993054 0.777009 0.187518 
0.989645 0.786462 0.186773 
0.966535 0.785706 0.157369 
1.03446 0.78532 0.13124 
0.952786 0.784792 0.199196 
1.01341 0.778439 0.120487 
1.00983 0.787666 0.120317 
1.00395 0.782804 0.176358 
1.00059 0.792181 0.175734 
0.959304 0.780445 0.169966 
0.95555 0.790081 0.169073 
1.03687 0.78139 0.122377 
1.03352 0.79049 0.122329 
0.960389 0.78384 0.20055 
0.956851 0.793533 0.199481 
1.00063 0.780235 0.128198 
0.996981 0.78955 0.127878 
1.01628 0.78196 0.163853 
1.01295 0.791242 0.16339 
0.950904 0.785973 0.180606 
1.0337 0.782503 0.116833 
1.0303 0.791615 0.116803 
0.972605 0.778089 0.198738 
0.969114 0.787691 0.197785 
0.988621 0.778388 0.138502 
0.984913 0.787788 0.138033 
1.02608 0.782386 0.150641 
1.02276 0.79159 0.150326 
0.948958 0.784233 0.190085 
0.945273 0.793979 0.188986 
1.02896 0.778814 0.1151 
1.02549 0.787946 0.115067 
0.984992 0.777212 0.192833 
0.981553 0.786725 0.192002 
0.974266 0.783581 0.149953 
0.970528 0.793095 0.149284 
1.03301 0.782418 0.138124 
1.0297 0.791563 0.137936 
0.949622 0.785936 0.196543 
1.01984 0.779118 0.11728 
1.01631 0.788305 0.117173 
0.996706 0.780726 0.183413 
0.993319 0.790156 0.182705 
0.965598 0.778277 0.162661 
0.961839 0.787857 0.161867 
1.03706 0.780447 0.127535 
1.03373 0.789551 0.127454 
0.956152 0.782127 0.200392 
0.952573 0.791844 0.199298 
1.0069 0.783676 0.122987 
1.00329 0.792953 0.122735 
1.01032 0.778354 0.171975 
1.00696 0.787679 0.171435 
0.955564 0.782885 0.174179 
0.951821 0.792557 0.173225 
1.03521 0.78418 0.119827 
1.03184 0.793289 0.119778 
0.964265 0.783006 0.200159 
0.960748 0.792671 0.199122 
0.994307 0.783993 0.13171 
0.990637 0.793357 0.131307 
1.02173 0.778224 0.158967 
1.0184 0.78746 0.158584 
0.951933 0.779517 0.185098 
0.948214 0.789227 0.184066 
1.03134 0.78353 0.115706 
1.02792 0.792655 0.115666 
0.976658 0.779126 0.196764 
0.97319 0.7887 0.195847 
0.982738 0.781098 0.142728 
0.979017 0.790544 0.142178 
1.03046 0.778725 0.145802 
1.02714 0.787892 0.145559 
0.950982 0.778967 0.193554 
0.947306 0.788699 0.19247 
1.02618 0.777895 0.115481 
1.02268 0.787041 0.115432 
0.988896 0.779991 0.189452 
0.985481 0.789477 0.188658 
0.969052 0.785789 0.154461 
1.03627 0.778195 0.133839 
1.03295 0.78731 0.133716 
0.952537 0.782202 0.198675 
0.948922 0.791939 0.197564 
1.01334 0.785447 0.119003 
1.00015 0.784939 0.178948 
0.961252 0.780456 0.167138 
0.957497 0.790075 0.166276 
1.03596 0.784173 0.124189 
1.03262 0.793285 0.124113 
0.959744 0.780156 0.20098 
0.956184 0.789848 0.199916 
1.00406 0.779037 0.126145 
1.00042 0.788327 0.125868 
1.01301 0.783544 0.166844 
1.00968 0.792852 0.166336 
0.952219 0.785582 0.178148 
1.03664 0.77724 0.117804 
1.03325 0.786329 0.117804 
0.968252 0.782885 0.199158 
0.964757 0.792524 0.198156 
0.991811 0.77794 0.135924 
0.988114 0.787316 0.135498 
1.02346 0.783805 0.153696 
1.02014 0.793031 0.153339 
0.949632 0.783172 0.188215 
0.945934 0.792909 0.187136 
1.02879 0.78383 0.115147 
1.02534 0.79297 0.115095 
0.980697 0.780847 0.194232 
0.977253 0.790394 0.193351 
0.977083 0.783559 0.147101 
0.97335 0.79305 0.146471 
1.03108 0.784069 0.140917 
1.02777 0.793233 0.140692 
0.949693 0.783978 0.195466 
0.946046 0.79373 0.194345 
1.01979 0.785381 0.116368 
0.992665 0.783358 0.185619 
0.989273 0.79282 0.184862 
0.967907 0.778381 0.159733 
0.964149 0.787942 0.158974 
1.03579 0.782699 0.129794 
1.03247 0.791818 0.129681 
0.955736 0.779128 0.200227 
0.952137 0.788842 0.199141 
1.0104 0.781875 0.121367 
1.00681 0.791126 0.121157 
1.00671 0.780223 0.174777 
1.00335 0.789577 0.17419 
0.957276 0.782777 0.171465 
0.953528 0.792432 0.170539 
1.03786 0.778252 0.121349 
1.0345 0.787341 0.121326 
0.963519 0.778893 0.200953 
0.959979 0.788558 0.19992 
0.997666 0.783104 0.129453 
0.994008 0.792443 0.129093 
1.0187 0.779687 0.162041 
1.01537 0.788948 0.161614 
0.953008 0.778908 0.182824 
0.949279 0.788606 0.181814 
1.03444 0.778698 0.116334 
1.03103 0.7878 0.116326 
0.972303 0.783475 0.197562 
0.96883 0.793085 0.196596 
0.985804 0.780848 0.140022 
0.982091 0.790271 0.139513 
1.02809 0.780178 0.14881 
1.02478 0.789365 0.148527 
0.951426 0.777591 0.191958 
0.947736 0.787314 0.19089 
1.02607 0.783386 0.115163 
1.0226 0.79254 0.115095 
0.984675 0.783224 0.191175 
0.981255 0.792745 0.190332 
0.971689 0.785844 0.151567 
1.0346 0.780029 0.136471 
1.03128 0.78916 0.136313 
0.95241 0.779861 0.197933 
0.948776 0.789593 0.196833 
1.01685 0.782971 0.117867 
1.0133 0.792182 0.117722 
0.999641 0.777855 0.182059 
0.996256 0.787259 0.181389 
0.963341 0.780515 0.164263 
0.959585 0.790116 0.163434 
1.03826 0.777654 0.126224 
1.03492 0.786746 0.12617 
0.959185 0.776737 0.20118 
0.955604 0.786427 0.200121 
1.00751 0.777625 0.124238 
1.00389 0.786891 0.124004 
1.00961 0.78523 0.169763 
0.953687 0.785312 0.175583 
1.03609 0.780798 0.118998 
1.03271 0.789897 0.118972 
0.967433 0.778344 0.200313 
0.963915 0.787982 0.199313 
0.995068 0.777344 0.133447 
0.991384 0.786696 0.133063 
1.02067 0.78523 0.15676 
0.950457 0.782294 0.186183 
0.946748 0.79202 0.185124 
1.03201 0.779445 0.115428 
1.02857 0.78856 0.115409 
0.976369 0.784761 0.195391 
0.980001 0.783462 0.144298 
0.976277 0.79293 0.143709 
1.02899 0.785634 0.143793 
0.949901 0.782249 0.194186 
0.946239 0.791994 0.193079 
1.02324 0.782186 0.115755 
1.01974 0.791355 0.115669 
0.99196 0.776759 0.188391 
0.988546 0.78622 0.187635 
0.970344 0.778487 0.156796 
0.966589 0.788028 0.156073 
1.03438 0.784783 0.132194 
1.03106 0.793915 0.132048 
0.951812 0.786096 0.19876 
1.0139 0.77983 0.119914 
1.01032 0.789056 0.119746 
1.00299 0.782248 0.177458 
0.999625 0.791631 0.176823 
0.959135 0.782745 0.16868 
0.955384 0.792384 0.167785 
1.03702 0.78117 0.123057 
1.03367 0.79027 0.123006 
0.959281 0.784711 0.200492 
1.00107 0.782024 0.127325 
0.997426 0.791338 0.127008 
1.01552 0.781216 0.165075 
1.01219 0.790503 0.164602 
0.954235 0.778446 0.18042 
0.950498 0.78813 0.179434 
1.03403 0.782688 0.117183 
1.03064 0.791798 0.117152 
0.971439 0.778508 0.199067 
0.967943 0.788119 0.198102 
0.98895 0.780478 0.137398 
0.985248 0.789877 0.136931 
1.02557 0.781601 0.151856 
1.02225 0.790809 0.151533 
0.948314 0.786132 0.18913 
1.0294 0.779456 0.115094 
1.02594 0.788586 0.115062 
0.983846 0.777201 0.193517 
0.980403 0.786721 0.192674 
0.97444 0.785853 0.148701 
1.03277 0.781742 0.139211 
1.02945 0.79089 0.139017 
0.952411 0.777762 0.196977 
0.948761 0.787489 0.195888 
1.02033 0.780231 0.116917 
1.0168 0.789416 0.116811 
0.995655 0.780348 0.184383 
0.992264 0.789785 0.183664 
0.965568 0.780605 0.161356 
0.961812 0.790186 0.160562 
1.03708 0.780018 0.128394 
1.03374 0.789123 0.128309 
0.955119 0.783268 0.200099 
0.951537 0.792992 0.198996 
1.00738 0.785229 0.122294 
1.00943 0.777707 0.173142 
1.00608 0.787038 0.172591 
0.955306 0.785144 0.172925 
1.03544 0.784106 0.120385 
1.03207 0.793215 0.120333 
0.963125 0.783706 0.200248 
0.959603 0.79338 0.1992 
0.994713 0.78591 0.130741 
1.02107 0.777445 0.160205 
1.01774 0.786686 0.159812 
0.951435 0.781585 0.184001 
0.947716 0.7913 0.182963 
1.03172 0.783885 0.115922 
1.02831 0.793009 0.115881 
0.97549 0.779378 0.197232 
0.972017 0.788961 0.196303 
0.983015 0.783272 0.141557 
0.979299 0.792718 0.141009 
1.03005 0.777964 0.146985 
1.02673 0.787133 0.146734 
0.950252 0.78074 0.19271 
0.946575 0.790478 0.191618 
1.02664 0.778718 0.115337 
1.02316 0.787862 0.115289 
0.987777 0.779831 0.190253 
0.984357 0.789326 0.189448 
0.972905 0.778577 0.153863 
0.969154 0.788097 0.153177 
1.03613 0.777598 0.134852 
1.03281 0.786714 0.134723 
0.951604 0.783602 0.198156 
0.947986 0.793346 0.197036 
1.0174 0.777533 0.118637 
1.01384 0.786733 0.11851 
0.999156 0.784447 0.18 
0.995787 0.793862 0.179317 
0.961137 0.782772 0.16584 
0.957385 0.792393 0.164977 
1.03606 0.783869 0.124939 
1.03272 0.792981 0.124859 
0.958662 0.781129 0.200834 
0.955099 0.790829 0.19976 
1.00451 0.78074 0.125338 
1.00088 0.790029 0.125063 
1.01221 0.782833 0.168047 
1.00887 0.792147 0.167529 
0.955614 0.778114 0.177899 
0.95187 0.787784 0.176939 
1.03693 0.777324 0.118236 
1.03354 0.786413 0.118234 
0.967091 0.783414 0.199393 
0.963591 0.793061 0.19838 
0.99217 0.779969 0.134867 
0.988479 0.789344 0.134443 
1.02289 0.783017 0.154923 
1.01957 0.792247 0.154557 
0.949043 0.785141 0.187201 
1.02921 0.784361 0.115227 
1.02577 0.793499 0.115174 
0.979538 0.780937 0.194832 
0.976089 0.790493 0.19394 
0.977298 0.785799 0.145876 
1.03078 0.783355 0.142043 
1.02746 0.792521 0.141811 
0.94888 0.785618 0.194736 
1.02379 0.777222 0.116155 
1.02028 0.786382 0.116088 
0.991584 0.783061 0.186525 
0.988188 0.792531 0.185757 
0.967927 0.780707 0.158432 
0.964173 0.790269 0.157672 
1.03575 0.782201 0.130714 
1.03242 0.791321 0.130596 
0.95474 0.780367 0.199849 
0.951138 0.790089 0.198754 
1.01088 0.783329 0.120747 
1.0073 0.792578 0.12054 
1.00578 0.779629 0.175906 
1.00242 0.788989 0.175308 
0.957074 0.785064 0.170189 
1.03804 0.778087 0.121984 
1.03468 0.787175 0.121958 
0.962399 0.779695 0.200956 
0.958855 0.789369 0.199912 
0.998093 0.784943 0.128543 
1.01798 0.778927 0.163273 
1.01465 0.788193 0.162835 
0.952566 0.781032 0.18168 
0.948837 0.790734 0.180667 
1.03478 0.778948 0.116634 
1.03138 0.788049 0.116625 
0.971132 0.783834 0.197939 
0.967655 0.793453 0.196961 
0.986114 0.782972 0.138891 
0.982408 0.792395 0.138384 
1.02763 0.779399 0.150016 
1.02431 0.78859 0.149725 
0.950749 0.779441 0.191046 
0.947058 0.78917 0.189972 
1.02652 0.784095 0.115105 
1.02306 0.793248 0.115037 
0.983536 0.783159 0.191898 
0.980111 0.792689 0.191043 
0.975583 0.778633 0.150949 
0.971837 0.788132 0.150302 
1.0344 0.779381 0.137532 
1.03108 0.788514 0.137368 
0.951521 0.781353 0.197333 
0.947886 0.791092 0.196225 
1.01734 0.78415 0.117454 
1.0138 0.793359 0.11731 
0.998612 0.777428 0.183068 
0.995222 0.78684 0.182386 
0.96328 0.782841 0.16296 
0.959527 0.792443 0.16213 
1.03831 0.777271 0.127045 
1.03497 0.786363 0.126986 
0.958133 0.77781 0.200947 
0.954549 0.787508 0.199879 
1.00798 0.779237 0.123499 
1.00436 0.788501 0.123268 
1.00875 0.784559 0.17094 
1.00541 0.793901 0.170375 
0.957144 0.777896 0.175275 
0.953395 0.787552 0.174344 
1.03634 0.780784 0.119509 
1.03297 0.789882 0.119481 
0.966285 0.778974 0.200463 
0.962763 0.788621 0.199452 
0.995454 0.779306 0.132442 
0.991776 0.788657 0.13206 
1.02004 0.784448 0.157991 
1.01672 0.793702 0.157582 
0.949924 0.784327 0.185115 
0.946215 0.794058 0.184051 
1.0324 0.779867 0.115592 
1.02897 0.788981 0.115573 
0.9752 0.784954 0.195905 
0.980256 0.785663 0.143105 
1.02862 0.784889 0.144952 
1.02531 0.794074 0.144682 
0.949139 0.783973 0.193383 
0.945475 0.793725 0.192269 
1.02371 0.783076 0.115559 
1.02022 0.792244 0.115474 
0.987438 0.78601 0.188472 
0.970413 0.780804 0.155503 
0.966663 0.790346 0.15478 
1.03427 0.784222 0.13317 
1.03095 0.793356 0.133018 
0.954473 0.777721 0.199375 
0.950852 0.787439 0.198289 
1.01439 0.781182 0.119371 
1.01082 0.790406 0.119205 
1.00202 0.781714 0.178543 
0.998649 0.791105 0.177896 
0.958988 0.785053 0.167389 
1.03715 0.780918 0.123765 
1.0338 0.790018 0.12371 
0.958181 0.785623 0.200397 
1.00152 0.783781 0.126478 
0.997879 0.793094 0.126163 
1.01475 0.780484 0.166291 
1.01141 0.789776 0.165809 
0.95385 0.780618 0.179236 
0.950113 0.790306 0.178247 
1.03435 0.782833 0.117565 
1.03095 0.791943 0.117532 
0.970275 0.778968 0.199362 
0.966775 0.788587 0.198386 
0.989293 0.782545 0.136311 
0.985597 0.791944 0.135846 
1.02504 0.780814 0.153078 
1.02172 0.790026 0.152745 
0.951394 0.778341 0.189206 
0.947691 0.78806 0.188151 
1.02983 0.780056 0.115121 
1.02638 0.789184 0.115089 
0.982696 0.777227 0.194171 
0.979247 0.786756 0.193316 
0.978371 0.778636 0.148067 
0.974631 0.788114 0.147459 
1.0325 0.781051 0.140314 
1.02919 0.790201 0.140114 
0.95157 0.779344 0.196299 
0.947917 0.789077 0.195202 
1.02082 0.781302 0.116585 
1.0173 0.790485 0.116481 
0.994593 0.779999 0.185331 
0.991198 0.789443 0.1846 
0.965559 0.782933 0.160052 
0.961806 0.792516 0.159257 
1.03707 0.779561 0.129278 
1.03373 0.788667 0.129188 
0.954099 0.784448 0.199771 
1.01146 0.777504 0.121819 
1.00786 0.786743 0.12163 
1.00853 0.777079 0.174296 
1.00517 0.786416 0.173734 
0.958824 0.777777 0.172564 
0.95507 0.787416 0.171661 
1.03565 0.783997 0.120972 
1.03229 0.793106 0.120918 
0.961991 0.784447 0.200301 
0.998793 0.778471 0.130134 
0.995129 0.787797 0.129795 
1.01705 0.785917 0.161041 
0.950958 0.783677 0.182884 
0.947239 0.793396 0.181842 
1.03209 0.784199 0.11617 
1.02868 0.793321 0.116129 
0.974321 0.779669 0.197667 
0.970844 0.789261 0.196727 
0.983306 0.785427 0.140401 
1.02962 0.777194 0.148178 
1.0263 0.786367 0.14792 
0.949542 0.782544 0.191837 
0.945864 0.792288 0.19074 
1.0271 0.779497 0.115226 
1.02362 0.78864 0.115178 
0.986651 0.779706 0.191026 
0.983226 0.789209 0.190209 
0.973021 0.780878 0.152585 
0.969274 0.790399 0.1519 
1.03596 0.77698 0.135884 
1.03264 0.786098 0.13575 
0.950687 0.785039 0.197603 
1.01789 0.778779 0.118173 
1.01434 0.787978 0.118047 
0.998145 0.783981 0.181033 
0.994772 0.793403 0.180339 
0.961044 0.785093 0.164539 
1.03614 0.783535 0.125716 
1.0328 0.792646 0.125631 
