1.14103 0.000309956 -0.250211 
1.14334 0.00853021 -0.247659 
1.28221 0.00650536 0.0325622 
1.145 0.00689453 0.22649 
1.15485 0.00243607 -0.308342 
1.23071 0.00116953 0.236583 
1.1751 0.00316283 0.019101 
1.22256 0.00512792 -0.245248 
1.15881 0.00396305 0.316181 
1.15317 0.00467551 -0.194845 
1.28036 0.00284998 -0.0539766 
1.13534 0.00724015 0.274731 
1.14171 0.00325526 -0.302742 
1.25588 0.00428184 0.175985 
1.16822 0.00784936 0.102691 
1.19503 0.00267842 -0.282257 
1.18058 0.00604228 0.303155 
1.16485 0.000487958 -0.128154 
1.16615 0.00857853 -0.125089 
1.26676 0.00380595 -0.134037 
1.13546 0.00413655 0.304368 
1.13875 0.0062874 -0.279716 
1.27497 0.00274542 0.0991715 
1.15723 0.000829584 0.173758 
1.17073 0.00176631 -0.302443 
1.20708 0.00531271 0.274331 
1.17406 0.00674915 -0.0471192 
1.24411 0.00414563 -0.20247 
1.1438 0.00735813 0.318084 
1.14364 0.00359042 -0.240275 
1.28286 0.00603953 0.0163003 
1.14433 0.00109351 0.234982 
1.15243 0.00476509 -0.30783 
1.23514 0.00425726 0.227331 
1.17458 0.00244452 0.034542 
1.21775 0.00651364 -0.25304 
1.16149 0.00763938 0.315663 
1.15587 0.00607919 -0.182478 
1.27857 0.00216438 -0.069947 
1.13553 0.00364044 0.280822 
1.14012 0.00301528 -0.299999 
1.26049 0.00211345 0.161812 
1.16619 0.00772289 0.117276 
1.1898 0.00118428 -0.287588 
1.1859 0.00398154 0.298419 
1.16698 0.000606453 -0.113985 
1.16813 0.00868628 -0.110877 
1.26277 0.00200956 -0.148686 
1.13675 0.00325224 0.307851 
1.13825 0.0033057 -0.274383 
1.27745 0.0019375 0.0834153 
1.15447 0.00186884 0.186718 
1.16792 0.00590453 -0.303457 
1.21211 0.00603205 0.26721 
1.17477 0.00611203 -0.0318206 
1.23833 0.000124372 -0.214876 
1.23999 0.00781386 -0.212338 
1.14865 0.0009605 0.316966 
1.1463 0.00646233 -0.229828 
1.28304 0.00558436 1.53615e-05 
1.1415 0.00386336 0.245647 
1.15014 0.00664596 -0.306932 
1.24112 0.000162023 0.21509 
1.23942 0.0078431 0.217606 
1.17378 0.0017815 0.0499077 
1.21284 0.00734584 -0.260348 
1.16678 0.00364058 0.31256 
1.15849 0.00719784 -0.169709 
1.27634 0.00134954 -0.0857463 
1.13591 0.000526456 0.286432 
1.13873 0.00225566 -0.296784 
1.2647 0.000296524 0.147258 
1.26352 0.00786821 0.149901 
1.16395 0.00777857 0.131601 
1.18683 0.00715967 -0.290167 
1.19118 0.00241516 0.293263 
1.16889 0.000537765 -0.0995439 
1.16991 0.00860798 -0.0963966 
1.25964 0.00746795 -0.160332 
1.13823 0.00289393 0.310855 
1.14039 0.00807378 -0.266106 
1.27947 0.00126093 0.0674781 
1.15163 0.00318962 0.199281 
1.16274 0.0015499 -0.306415 
1.21704 0.00730647 0.2596 
1.1752 0.00541018 -0.0164222 
1.23398 0.00328263 -0.224272 
1.151 0.00321969 0.317672 
1.14689 0.000763669 -0.221579 
1.28277 0.00511701 -0.0162569 
1.13872 0.00703723 0.255806 
1.14798 0.00806156 -0.305632 
1.24517 0.00423859 0.204896 
1.17271 0.0012006 0.065159 
1.20784 0.00762534 -0.26718 
1.17207 9.02179e-05 0.309081 
1.1696 0.00813782 0.311334 
1.161 0.00805132 -0.156563 
1.27367 0.000370027 -0.101336 
1.27444 0.00789909 -0.0986197 
1.13392 0.00617257 0.293889 
1.13755 0.00097261 -0.293089 
1.26744 0.00634173 0.135026 
1.16152 0.00803563 0.145639 
1.18157 0.00471366 -0.294702 
1.19642 0.00135995 0.287673 
1.17059 0.000301428 -0.0848573 
1.17146 0.00836322 -0.0816756 
1.25497 0.00496789 -0.17424 
1.13991 0.00305513 0.313391 
1.1403 0.0041343 -0.259798 
1.28105 0.000681947 0.0513985 
1.28062 0.00818127 0.0541462 
1.14871 0.00481277 0.211425 
1.16008 0.00486765 -0.306737 
1.22383 0.00136646 0.249065 
1.17534 0.00467095 -0.000963633 
1.22949 0.00592747 -0.233191 
1.15347 0.00591974 0.317994 
1.14968 0.0029078 -0.210224 
1.28205 0.00461424 -0.0324805 
1.13848 0.00239646 0.262988 
1.14344 0.000788314 -0.306203 
1.25056 0.00111878 0.191703 
1.17137 0.000727321 0.0802593 
1.20276 0.00735849 -0.273545 
1.17494 0.00500924 0.307502 
1.1619 0.000552706 -0.14607 
1.16337 0.00865844 -0.143065 
1.27146 0.00672975 -0.113981 
1.13473 0.00407401 0.298506 
1.1391 0.00741422 -0.286545 
1.27094 0.00508079 0.119841 
1.16056 0.000395441 0.156412 
1.15893 0.00851259 0.159362 
1.1763 0.0018006 -0.298847 
1.20159 0.000831832 0.281633 
1.19937 0.00871441 0.283975 
1.17277 0.00797298 -0.0667425 
1.24991 0.00204488 -0.187717 
1.14177 0.00372551 0.315474 
1.14272 0.00797096 -0.250488 
1.28218 0.000170413 0.035214 
1.28188 0.00766468 0.0379706 
1.14577 0.0067604 0.223125 
1.15751 0.00777124 -0.306702 
1.22847 0.00375882 0.240456 
1.17519 0.00392238 0.0145143 
1.22297 0.000275461 -0.244098 
1.22486 0.00804034 -0.241626 
1.15862 0.000918915 0.315722 
1.15244 0.00471623 -0.198415 
1.28087 0.00405119 -0.0486193 
1.13594 0.00643502 0.272154 
1.14161 0.00121425 -0.304058 
1.25417 0.00605847 0.18065 
1.16978 0.000385646 0.0951742 
1.16873 0.00845424 0.0983212 
1.19762 0.00655637 -0.279457 
1.18026 0.0023416 0.30328 
1.16425 0.000943682 -0.132293 
1.26804 0.00531812 -0.12906 
1.13574 0.00249953 0.30263 
1.13833 0.00509544 -0.281859 
1.27401 0.00404224 0.104384 
1.15795 0.00109652 0.16985 
1.17342 0.00647698 -0.300318 
1.2067 0.000844174 0.275128 
1.20453 0.00869942 0.27749 
1.17382 0.00745983 -0.0516285 
1.24605 0.00632006 -0.198171 
1.14379 0.00489155 0.31712 
1.14297 0.00315833 -0.243245 
1.28268 0.00719062 0.0217241 
1.14507 0.000852094 0.231745 
1.15255 0.00209442 -0.308585 
1.23297 0.00667768 0.231358 
1.17475 0.00319272 0.0299701 
1.21817 0.00181893 -0.252033 
1.16128 0.00447299 0.315318 
1.15516 0.00621173 -0.186173 
1.27925 0.00340032 -0.0646366 
1.13607 0.00268878 0.278397 
1.13997 0.00113193 -0.301461 
1.25893 0.00376957 0.166607 
1.16795 0.000197944 0.109872 
1.16676 0.00827605 0.112979 
1.19243 0.00523352 -0.284931 
1.18556 0.000147475 0.298657 
1.18319 0.00811826 0.300948 
1.16642 0.00112341 -0.11821 
1.2642 0.00362162 -0.143818 
1.13697 0.00145319 0.306267 
1.13778 0.0022683 -0.276681 
1.27663 0.0031849 0.0886938 
1.15522 0.00205351 0.182924 
1.16819 0.00269039 -0.303741 
1.21173 0.00140644 0.268147 
1.1746 0.00684801 -0.0363671 
1.24038 0.00246387 -0.210738 
1.14597 0.00653744 0.318344 
1.14562 0.00615354 -0.232951 
1.28302 0.00673472 0.00544293 
1.14223 0.00350274 0.24256 
1.15022 0.00411299 -0.307811 
1.23907 0.00241152 0.219284 
1.17403 0.00250992 0.0453626 
1.21326 0.00280934 -0.259482 
1.16653 0.000352116 0.312316 
1.16401 0.0084319 0.314555 
1.1578 0.00741582 -0.173523 
1.27717 0.00263076 -0.0804949 
1.13383 0.00767941 0.286524 
1.13852 0.000532297 -0.298397 
1.26328 0.0018459 0.15217 
1.16591 0.000185085 0.124322 
1.16457 0.0082739 0.127385 
1.18719 0.00340654 -0.289983 
1.18851 0.00638377 0.295935 
1.16839 0.0011102 -0.103848 
1.25995 0.00159721 -0.15822 
1.13839 0.000934319 0.309421 
1.13987 0.00718905 -0.268572 
1.27882 0.0024704 0.0728107 
1.15239 0.00328582 0.19561 
1.16543 0.0065494 -0.304516 
1.21666 0.00252308 0.260681 
1.17511 0.00616327 -0.0209947 
1.23611 0.00578647 -0.220283 
1.15089 0.000473896 0.316949 
1.14828 0.00864606 0.319165 
1.14616 0.000566442 -0.224833 
1.28292 0.00627398 -0.010837 
1.13942 0.00654975 0.252874 
1.14802 0.00567181 -0.30664 
1.2432 0.00633678 0.209235 
1.17303 0.00190112 0.0606523 
1.20825 0.0032457 -0.266451 
1.16933 0.0047288 0.311205 
1.15871 0.000226363 -0.163427 
1.16034 0.00834874 -0.160488 
1.27465 0.00170816 -0.0961562 
1.13436 0.00490897 0.291788 
1.13981 0.00765371 -0.292521 
1.26722 0.000243709 0.137377 
1.26612 0.00780412 0.140035 
1.16366 0.000366692 0.138497 
1.16219 0.00846733 0.141512 
1.18192 0.00109235 -0.294627 
1.19378 0.00515553 0.290491 
1.17015 0.000923209 -0.089232 
1.25664 0.00681243 -0.169614 
1.14001 0.000937723 0.312104 
1.13972 0.00339329 -0.262414 
1.28055 0.00186384 0.0567727 
1.14949 0.00481396 0.207882 
1.16029 0.00189841 -0.307232 
1.22148 0.00419278 0.252722 
1.17533 0.00543265 -0.00554992 
1.2299 0.000872437 -0.231859 
1.23169 0.00860289 -0.229356 
1.15333 0.00304263 0.317392 
1.14895 0.00281864 -0.213619 
1.28235 0.00578541 -0.02708 
1.13913 0.00177855 0.260199 
1.14597 0.006754 -0.305056 
1.24872 0.00306729 0.196193 
1.17176 0.00139228 0.0758017 
1.20317 0.00313276 -0.27295 
1.17464 0.00147624 0.307477 
1.16124 0.000920459 -0.150084 
1.27169 0.000594827 -0.111582 
1.27254 0.0081324 -0.108876 
1.13509 0.00265043 0.296561 
1.13877 0.00601448 -0.28848 
1.26976 0.00646358 0.124945 
1.16124 0.000761529 0.152368 
1.17899 0.00631951 -0.296569 
1.199 0.00444993 0.284601 
1.17168 0.000582905 -0.0743903 
1.17244 0.00863936 -0.0711866 
1.25172 0.00402836 -0.183232 
1.14182 0.00145418 0.314329 
1.14211 0.00737037 -0.253267 
1.28183 0.00133397 0.0406179 
1.14654 0.00665963 0.219719 
1.15769 0.00492827 -0.307311 
1.22619 0.00640815 0.244271 
1.17526 0.00468404 0.00992657 
1.22528 0.00313958 -0.240438 
1.15587 0.00604145 0.317458 
1.15172 0.00472785 -0.201945 
1.28133 0.00524479 -0.0432498 
1.13656 0.00567557 0.269528 
1.14409 0.00734397 -0.30304 
1.25388 0.000256727 0.182687 
1.25242 0.00787772 0.185269 
1.17023 0.00100787 0.0907757 
1.19802 0.00248026 -0.27899 
1.17753 0.00668384 0.305642 
1.16363 0.0013799 -0.136403 
1.26928 0.00680273 -0.124049 
1.13604 0.000914081 0.300842 
1.13794 0.0038548 -0.283949 
1.27298 0.00535896 0.109571 
1.15867 0.00138797 0.16591 
1.17373 0.0031049 -0.300464 
1.20416 0.00428134 0.278251 
1.17296 0.000111299 -0.0593528 
1.17356 0.00816153 -0.0561235 
1.24642 0.000794396 -0.196399 
1.24793 0.00844557 -0.193822 
1.14379 0.00247106 0.316111 
1.14232 0.00268724 -0.246167 
1.28266 0.000852984 0.0243835 
1.28244 0.00834504 0.0271438 
1.14581 0.000646366 0.228465 
1.1552 0.00753518 -0.307025 
1.23261 0.00143332 0.232859 
1.1749 0.00394568 0.0253934 
1.22053 0.00486456 -0.248531 
1.16106 0.00134494 0.314935 
1.15445 0.00631722 -0.189831 
1.27986 0.00462548 -0.05931 
1.13662 0.00178473 0.275921 
1.14239 0.00742837 -0.300577 
1.25731 0.00546402 0.17136 
1.16847 0.000770738 0.105542 
1.19281 0.00130187 -0.284587 
1.18287 0.00432814 0.301157 
1.16585 0.00162258 -0.12241 
