1.0502 0.777157 -0.0422135 
1.04661 0.785931 -0.0406349 
1.12204 0.779385 0.172023 
1.11953 0.78802 0.172055 
0.755495 0.78043 0.29541 
0.751377 0.791829 0.292364 
1.1269 0.784951 -0.110449 
1.12443 0.793295 -0.108069 
1.00306 0.777028 0.299253 
1.00034 0.786547 0.297969 
0.803646 0.787187 0.196505 
1.18086 0.780431 -0.103803 
1.17889 0.788514 -0.101532 
0.882544 0.778543 0.366357 
0.87958 0.789057 0.364035 
0.904489 0.778397 0.0955508 
0.89978 0.788123 0.0946323 
1.19864 0.781471 -0.0180359 
1.19655 0.789529 -0.0164515 
0.789516 0.787031 0.36587 
1.01703 0.784581 -0.0103427 
1.01305 0.793561 -0.00932867 
1.14995 0.77908 0.128792 
1.14752 0.787515 0.129213 
0.752219 0.779673 0.319437 
0.748265 0.791183 0.316307 
1.10999 0.777295 -0.101426 
1.10729 0.785723 -0.0991035 
1.03905 0.779886 0.266913 
1.03638 0.78913 0.265987 
0.787336 0.776815 0.228665 
0.782847 0.787705 0.226065 
1.16746 0.782151 -0.113133 
1.16541 0.790294 -0.11077 
0.914508 0.779888 0.354768 
0.911643 0.790132 0.352692 
0.871294 0.780437 0.124868 
0.866549 0.790432 0.12343 
1.20073 0.777468 -0.0537476 
1.19874 0.785486 -0.0518792 
1.19673 0.793521 -0.0500458 
0.811924 0.787385 0.370713 
0.985526 0.781802 0.0209429 
0.981236 0.790975 0.0214093 
1.17083 0.783993 0.0845526 
1.16849 0.79228 0.0853247 
0.753386 0.786527 0.337517 
1.08733 0.778795 -0.0815762 
1.08428 0.787352 -0.0794753 
1.07428 0.782337 0.230178 
1.07167 0.791321 0.229631 
0.768661 0.782974 0.256216 
1.15333 0.778327 -0.117849 
1.15117 0.786534 -0.115416 
0.948552 0.783691 0.335633 
0.945773 0.793655 0.333837 
0.839972 0.78523 0.153951 
1.19484 0.781538 -0.0792108 
1.19288 0.78957 -0.0771524 
0.839356 0.782948 0.372287 
0.836248 0.793844 0.36964 
0.950006 0.784855 0.052226 
1.18731 0.780214 0.0402984 
1.18508 0.788374 0.0414369 
0.764562 0.786197 0.35237 
1.0621 0.777959 -0.0551143 
1.05868 0.786662 -0.0533532 
1.10869 0.778619 0.190392 
1.10614 0.787349 0.190255 
0.75929 0.778977 0.284474 
0.755096 0.7903 0.28149 
1.1358 0.781306 -0.114385 
1.13345 0.789602 -0.111968 
0.984647 0.78481 0.310709 
0.816971 0.779956 0.184904 
0.812333 0.790486 0.182692 
1.18529 0.782725 -0.0970915 
1.18333 0.790792 -0.094885 
0.8684 0.781409 0.368822 
0.865401 0.79205 0.366389 
0.916316 0.784363 0.0821107 
0.911647 0.794005 0.0813774 
1.19659 0.780271 -0.00110376 
1.19446 0.788351 0.000354615 
0.780659 0.787759 0.362268 
1.03353 0.777921 -0.0249533 
1.02973 0.786796 -0.0236478 
1.13657 0.784867 0.14829 
1.13411 0.793401 0.148515 
0.750349 0.787358 0.307224 
1.11646 0.784701 -0.105188 
1.11385 0.7931 -0.102853 
1.02187 0.783239 0.281211 
1.01919 0.792618 0.280106 
0.795754 0.777504 0.215364 
0.791214 0.788285 0.212874 
1.17452 0.777817 -0.110768 
1.17253 0.785925 -0.108425 
1.17051 0.794049 -0.106117 
0.900662 0.777065 0.36116 
0.897747 0.787423 0.358979 
0.88306 0.784922 0.111264 
1.20095 0.77775 -0.0391662 
1.19892 0.785778 -0.0374099 
1.19688 0.793823 -0.0356892 
0.802414 0.784284 0.369854 
0.998915 0.784667 0.00719239 
0.994746 0.793758 0.00789073 
1.16315 0.779316 0.103866 
1.16077 0.787657 0.104496 
0.75327 0.779335 0.331286 
0.749411 0.790875 0.328135 
1.09655 0.781679 -0.0904483 
1.09365 0.790185 -0.0882555 
1.05869 0.782217 0.246789 
1.05606 0.791316 0.24607 
0.775703 0.78152 0.243953 
0.771301 0.792569 0.2412 
1.16054 0.777057 -0.117459 
1.15845 0.785228 -0.115037 
1.15632 0.793416 -0.112653 
0.932187 0.785922 0.344199 
0.855265 0.778904 0.141823 
0.850529 0.789042 0.140149 
1.19848 0.778151 -0.0695381 
1.19653 0.78617 -0.067549 
0.828962 0.7778 0.373904 
0.825778 0.788781 0.371198 
0.967244 0.780319 0.0385539 
0.962815 0.789608 0.0386987 
1.18005 0.784869 0.0599722 
1.17777 0.793087 0.060939 
0.761563 0.77778 0.348775 
0.757868 0.789298 0.345647 
1.07403 0.777191 -0.0676945 
1.07079 0.785823 -0.06576 
1.09459 0.777984 0.20836 
1.09201 0.786815 0.208052 
0.763997 0.777649 0.273067 
0.75973 0.788887 0.270153 
1.14251 0.784417 -0.115291 
1.14022 0.792682 -0.112881 
0.968661 0.784327 0.322354 
0.826009 0.783853 0.170928 
1.18949 0.783884 -0.0896071 
1.18754 0.791937 -0.0874676 
0.854272 0.785825 0.369991 
0.932865 0.780936 0.0692433 
0.928251 0.790457 0.0687907 
1.19361 0.778642 0.0165184 
1.19144 0.78675 0.0178466 
0.775718 0.77835 0.36069 
0.772185 0.789776 0.357637 
1.04571 0.779842 -0.038158 
1.04207 0.788645 -0.0366559 
1.12441 0.783322 0.167067 
1.12191 0.791942 0.167128 
0.753165 0.78492 0.297171 
1.12545 0.782549 -0.110181 
1.12296 0.790899 -0.107796 
1.00677 0.779272 0.295422 
1.00406 0.788764 0.294171 
0.804316 0.779541 0.201722 
0.799732 0.790217 0.199342 
1.17932 0.780952 -0.105108 
1.17734 0.789043 -0.102825 
0.886658 0.776965 0.365691 
0.883699 0.787442 0.363404 
0.899654 0.780301 0.0988519 
0.894938 0.790065 0.0978539 
1.20021 0.777107 -0.0233778 
1.19814 0.78515 -0.0217398 
1.19605 0.793211 -0.0201379 
0.793224 0.782828 0.367761 
0.78986 0.794123 0.364803 
1.01615 0.778138 -0.007388 
1.01214 0.787118 -0.0063785 
1.15162 0.783585 0.123802 
1.1492 0.792011 0.124248 
0.750389 0.785012 0.320588 
1.10585 0.782564 -0.098133 
1.10308 0.791018 -0.0958604 
1.0424 0.783246 0.262497 
1.03975 0.792468 0.261602 
0.783553 0.780689 0.231243 
0.779089 0.791628 0.228594 
1.16575 0.782257 -0.113867 
1.16369 0.790408 -0.111496 
0.918517 0.779958 0.352956 
0.915662 0.790168 0.350912 
0.866517 0.782845 0.128037 
0.861776 0.792883 0.126525 
1.19968 0.780554 -0.0566281 
1.1977 0.788577 -0.0547454 
0.815768 0.784231 0.371803 
0.980429 0.784152 0.0248008 
0.976101 0.793359 0.0251733 
1.174 0.780498 0.0789386 
1.17167 0.78876 0.0797693 
0.756085 0.781144 0.341005 
0.752328 0.792696 0.337845 
1.08298 0.782949 -0.0777242 
1.07987 0.791534 -0.0756866 
1.07985 0.777332 0.225873 
1.07724 0.786271 0.225393 
0.76542 0.787327 0.25843 
1.15167 0.777421 -0.118116 
1.1495 0.785635 -0.115676 
1.14729 0.793866 -0.113275 
0.95248 0.784901 0.332789 
0.840326 0.777525 0.158895 
0.835614 0.787807 0.157006 
1.1935 0.783311 -0.0812831 
1.19154 0.791349 -0.0792118 
0.843402 0.780258 0.372694 
0.840297 0.791115 0.370083 
0.949602 0.777328 0.0559467 
0.945063 0.786732 0.0557861 
1.18755 0.784452 0.0358712 
1.18533 0.792611 0.0370296 
0.767899 0.781045 0.355182 
0.764307 0.792533 0.352076 
1.0577 0.780941 -0.0510718 
1.05421 0.789672 -0.0493833 
1.11127 0.782492 0.185469 
1.10873 0.791206 0.185362 
0.756716 0.783321 0.28641 
1.13431 0.779264 -0.114319 
1.13194 0.787566 -0.111895 
0.991204 0.777034 0.308573 
0.988462 0.786646 0.307175 
0.812979 0.782683 0.187868 
0.808358 0.793259 0.185601 
1.18382 0.783461 -0.098617 
1.18185 0.791535 -0.0963982 
0.872535 0.779276 0.368565 
0.86954 0.789878 0.366167 
0.911493 0.786127 0.0854362 
1.19634 0.784056 -0.00508327 
1.19421 0.792138 -0.00360612 
0.784311 0.783104 0.36448 
1.02886 0.780458 -0.0209098 
1.025 0.789363 -0.0196871 
1.14105 0.780574 0.143026 
1.13859 0.789074 0.143316 
0.752314 0.780794 0.311778 
0.748309 0.792279 0.308664 
1.11502 0.781904 -0.104565 
1.11239 0.790309 -0.102227 
1.02809 0.776769 0.278095 
1.0254 0.786094 0.277059 
0.791879 0.780984 0.21809 
0.787361 0.791814 0.215548 
1.17288 0.778145 -0.111763 
1.17088 0.786261 -0.109411 
0.901811 0.786726 0.357722 
0.882959 0.777252 0.115698 
0.878215 0.787147 0.114442 
1.20013 0.781199 -0.0424388 
1.1981 0.789232 -0.0406669 
0.806186 0.780726 0.371288 
0.802894 0.791909 0.368419 
0.998037 0.778064 0.0104083 
0.993851 0.787156 0.0111015 
1.16434 0.784081 0.0989516 
1.16197 0.792416 0.0996049 
0.751821 0.785208 0.331984 
1.09517 0.777889 -0.0890169 
1.09224 0.7864 -0.0868265 
1.06446 0.776966 0.242782 
1.06182 0.786018 0.24213 
0.772175 0.785765 0.246314 
1.15672 0.784847 -0.115478 
1.15458 0.793043 -0.113086 
0.938977 0.776695 0.343643 
0.936151 0.786731 0.341775 
0.850689 0.781436 0.144955 
0.84596 0.791617 0.143212 
1.19724 0.780543 -0.0719363 
1.19528 0.788568 -0.0699339 
0.829738 0.785939 0.371895 
0.962214 0.782395 0.0422834 
0.957755 0.791718 0.0423366 
1.1828 0.781196 0.0543627 
1.18053 0.789392 0.0553872 
0.760949 0.78407 0.34874 
1.06967 0.780624 -0.0636845 
1.06636 0.789285 -0.0618186 
1.09734 0.781896 0.203475 
1.09478 0.79071 0.203197 
0.761136 0.781972 0.275141 
0.7569 0.793255 0.272187 
1.14094 0.782836 -0.115371 
1.13864 0.791107 -0.112955 
0.97254 0.785879 0.319097 
0.821896 0.786462 0.173935 
1.19001 0.776937 -0.0935382 
1.18808 0.78498 -0.0913516 
1.18612 0.793039 -0.0891994 
0.858392 0.783336 0.370067 
0.855365 0.794066 0.367557 
0.928027 0.782651 0.0726925 
0.923396 0.792207 0.0721561 
1.19358 0.782575 0.0123181 
1.19141 0.790683 0.0136658 
0.775741 0.784801 0.360133 
1.04118 0.782487 -0.0341262 
1.03748 0.791319 -0.0327024 
1.12922 0.778714 0.161988 
1.12672 0.787297 0.162115 
0.754993 0.778073 0.301924 
0.750906 0.789492 0.298864 
1.124 0.780061 -0.109849 
1.12149 0.788417 -0.107459 
1.01044 0.781634 0.291526 
1.00774 0.791099 0.290309 
0.800399 0.782632 0.204567 
0.795835 0.793356 0.202134 
1.17775 0.781435 -0.106348 
1.17577 0.789532 -0.104054 
0.887808 0.786012 0.362645 
0.894811 0.782271 0.102121 
0.890088 0.792074 0.101044 
1.19963 0.780753 -0.0270065 
1.19757 0.788799 -0.0253514 
0.796944 0.778776 0.369547 
0.793581 0.790033 0.366623 
1.01125 0.780649 -0.0033674 
1.00719 0.789661 -0.00244683 
1.1556 0.779763 0.118326 
1.15319 0.788159 0.118834 
0.752565 0.778967 0.324771 
0.748649 0.790491 0.321632 
1.10441 0.779287 -0.0970638 
1.10163 0.787747 -0.0947915 
1.04837 0.777545 0.258857 
1.04571 0.786717 0.258031 
0.779817 0.784673 0.233762 
1.16403 0.78228 -0.114535 
1.16196 0.790439 -0.112156 
0.922514 0.780212 0.351003 
0.919669 0.790388 0.348991 
0.861773 0.785305 0.131178 
1.19859 0.783515 -0.0593972 
1.1966 0.791544 -0.0575004 
0.819634 0.781177 0.372793 
0.816421 0.792243 0.370014 
0.979669 0.777255 0.028239 
0.975325 0.786462 0.028608 
1.17707 0.776999 0.0732954 
1.17475 0.785237 0.0741847 
1.17244 0.793496 0.0750362 
0.755109 0.787348 0.341257 
1.08173 0.778373 -0.0758945 
1.0786 0.786962 -0.073861 
1.08276 0.781283 0.221046 
1.08016 0.790203 0.220597 
0.766581 0.780515 0.263469 
0.762273 0.791705 0.260593 
1.14784 0.784589 -0.115895 
1.14561 0.792828 -0.113487 
0.956401 0.786189 0.329852 
0.836016 0.780073 0.161986 
0.831317 0.790399 0.160036 
1.19407 0.776897 -0.0853958 
1.19214 0.784926 -0.0832772 
1.19018 0.792971 -0.0811928 
0.847467 0.777612 0.373022 
0.844366 0.78843 0.370447 
0.944703 0.77913 0.059544 
0.94014 0.788569 0.0592963 
1.18995 0.780478 0.0302853 
1.18774 0.788617 0.0315009 
0.767699 0.787388 0.354837 
1.05325 0.783837 -0.0470502 
1.04971 0.792598 -0.0454361 
1.11634 0.777689 0.18059 
1.1138 0.786364 0.180549 
0.754223 0.787705 0.28829 
1.13284 0.777116 -0.114207 
1.13045 0.785424 -0.111776 
1.12803 0.79375 -0.109388 
0.994986 0.778986 0.30494 
0.992257 0.78857 0.303575 
0.809013 0.785483 0.190796 
1.18233 0.78413 -0.100082 
1.18036 0.792211 -0.0978517 
0.876665 0.777278 0.368202 
0.873675 0.787842 0.365839 
0.911358 0.778257 0.0895326 
0.906666 0.787931 0.0887256 
1.19813 0.77975 -0.0105193 
1.19602 0.787815 -0.00898727 
0.787981 0.778576 0.366595 
0.784552 0.789906 0.363616 
1.02412 0.782994 -0.0168922 
1.02021 0.791929 -0.015754 
1.14298 0.784866 0.138034 
1.14053 0.793355 0.138351 
0.750312 0.785808 0.31316 
1.11358 0.779017 -0.103854 
1.11093 0.787428 -0.101514 
1.03157 0.779781 0.273848 
1.02889 0.789082 0.272845 
0.788028 0.784591 0.220761 
1.17122 0.778426 -0.112689 
1.1692 0.786549 -0.110327 
0.905862 0.786238 0.356321 
0.878124 0.779506 0.118924 
0.87338 0.789443 0.117591 
1.19924 0.784573 -0.0456016 
1.19722 0.792609 -0.0438144 
0.809973 0.777306 0.372614 
0.806684 0.78845 0.369779 
0.992982 0.780505 0.014367 
0.988753 0.78963 0.0149673 
1.16779 0.780558 0.0933643 
1.16544 0.788866 0.0940772 
0.754304 0.779642 0.335725 
0.750486 0.791188 0.33257 
1.09087 0.782456 -0.0853045 
1.08788 0.790995 -0.0831734 
1.06753 0.780835 0.238064 
1.06491 0.789867 0.237442 
0.773104 0.778984 0.251404 
0.768728 0.790073 0.248617 
1.15501 0.784336 -0.115866 
1.15285 0.79254 -0.113467 
0.942921 0.777657 0.34107 
0.940107 0.787661 0.339234 
0.846168 0.783989 0.148061 
1.19596 0.782773 -0.0742383 
1.194 0.790803 -0.0722227 
0.833722 0.783149 0.372506 
0.830589 0.794095 0.36982 
0.957203 0.784417 0.0459591 
0.952715 0.793775 0.0459215 
1.18546 0.777473 0.0487311 
1.1832 0.785647 0.0498131 
1.18095 0.793841 0.0508578 
0.764104 0.778876 0.351742 
0.760452 0.790383 0.348623 
1.06527 0.783934 -0.059686 
1.0619 0.792623 -0.0578904 
1.10263 0.777014 0.198801 
1.10006 0.785787 0.19859 
0.758367 0.78631 0.277166 
1.13939 0.781122 -0.115415 
1.13708 0.7894 -0.112992 
0.979162 0.777789 0.31728 
0.976406 0.787498 0.315768 
0.822486 0.778638 0.17905 
0.817827 0.789108 0.176914 
1.18859 0.777916 -0.0952329 
1.18665 0.785966 -0.0930337 
1.18469 0.794031 -0.0908689 
0.862519 0.78093 0.370056 
0.859496 0.791621 0.367581 
0.923196 0.784368 0.0760995 
0.91855 0.79396 0.07548 
1.19564 0.778371 0.00677701 
1.19349 0.786461 0.00818097 
0.779328 0.779913 0.362543 
0.775838 0.791314 0.359506 
1.03659 0.785102 -0.0301187 
1.03283 0.793963 -0.028775 
1.13144 0.782749 0.157011 
1.12896 0.791319 0.157167 
0.75277 0.7827 0.303579 
1.12256 0.777489 -0.109447 
1.12004 0.785851 -0.107052 
1.01409 0.78412 0.287564 
1.0114 0.79356 0.286381 
0.796498 0.785839 0.207365 
1.17616 0.781879 -0.107523 
1.17417 0.789984 -0.105218 
0.891904 0.784777 0.361754 
0.889962 0.784313 0.105358 
1.19899 0.784362 -0.0305381 
1.19693 0.792411 -0.0288663 
0.797315 0.786094 0.368337 
1.00629 0.783164 0.000619663 
1.00219 0.792209 0.00144978 
1.15706 0.784407 0.113359 
1.15467 0.792795 0.11389 
0.750881 0.784548 0.325736 
1.10019 0.78435 -0.0936236 
1.09734 0.792838 -0.0914049 
1.05163 0.781137 0.254314 
1.04898 0.790288 0.253519 
0.780577 0.77778 0.238908 
0.776136 0.788761 0.23622 
1.1623 0.78221 -0.115139 
1.16022 0.790377 -0.112752 
0.9265 0.780638 0.348913 
0.923665 0.790782 0.346933 
0.861812 0.777732 0.135869 
0.857068 0.787809 0.134292 
1.19941 0.778321 -0.0640022 
1.19745 0.78634 -0.0620567 
0.823523 0.77821 0.373687 
0.820313 0.789238 0.370942 
0.974601 0.779485 0.0320871 
0.970222 0.788726 0.0323632 
1.17773 0.781697 0.0685731 
1.17543 0.789931 0.0694828 
0.757972 0.782055 0.344568 
0.754259 0.793604 0.341411 
1.07737 0.782216 -0.0719609 
1.07418 0.790832 -0.0699931 
1.08563 0.785226 0.216213 
0.763499 0.784865 0.265624 
1.14621 0.783396 -0.116076 
1.14396 0.791642 -0.113661 
0.963093 0.777712 0.328487 
0.960313 0.78755 0.326828 
0.831764 0.782636 0.165051 
0.827078 0.793006 0.16304 
1.1927 0.778356 -0.0873288 
1.19076 0.786392 -0.0851972 
0.848451 0.785793 0.370731 
0.939821 0.780901 0.0630923 
0.935237 0.790374 0.0627583 
1.19007 0.784575 0.0259526 
1.18787 0.792713 0.027188 
0.771143 0.782291 0.357514 
0.767594 0.793759 0.354423 
1.05233 0.7779 -0.0446624 
1.04877 0.786662 -0.0430514 
1.11881 0.781585 0.175644 
1.11629 0.790244 0.175633 
0.755939 0.780751 0.29315 
0.751808 0.792138 0.290112 
1.12898 0.783182 -0.111607 
1.12654 0.791514 -0.109213 
0.998745 0.781035 0.30124 
0.996029 0.790591 0.29991 
0.809679 0.777751 0.195995 
0.80507 0.788365 0.193686 
1.18082 0.784742 -0.101487 
1.17884 0.792829 -0.0992446 
0.877805 0.785956 0.365399 
0.906533 0.780074 0.0928677 
0.901831 0.789786 0.0919803 
1.19774 0.783482 -0.0143618 
1.19564 0.791549 -0.0128116 
0.788236 0.785475 0.365668 
1.01932 0.785533 -0.012902 
1.14726 0.780778 0.132675 
1.14482 0.789233 0.133055 
0.752356 0.779456 0.317569 
0.748387 0.790957 0.314445 
1.10947 0.784451 -0.100708 
1.10676 0.792888 -0.0984152 
