0.729925 1.5708 0.0873596 
0.730059 1.57291 0.0867371 
0.730195 1.57501 0.0861147 
0.730333 1.57712 0.0854925 
0.730474 1.57923 0.0848704 
0.814208 1.56726 -0.10489 
0.813326 1.57887 -0.108028 
0.958571 1.56819 0.0649042 
0.959172 1.57839 0.0628881 
0.684099 1.5714 0.0191619 
0.920412 1.56631 -0.0816017 
0.919712 1.57686 -0.0839342 
0.85721 1.56937 0.107326 
0.70394 1.56674 -0.0594773 
0.997224 1.56292 -0.0215269 
0.997027 1.5728 -0.023196 
0.753953 1.56997 0.098609 
0.785142 1.56899 -0.101916 
0.980358 1.56982 0.0472518 
0.689965 1.56914 0.0427239 
0.891097 1.5701 -0.0942034 
0.886991 1.5621 0.101438 
0.887832 1.57293 0.0988222 
0.691751 1.56463 -0.0388511 
0.691382 1.57786 -0.0428629 
0.982289 1.571 -0.0417518 
0.780668 1.5653 0.107417 
0.781578 1.57729 0.104036 
0.758277 1.56439 -0.0934411 
0.757452 1.57669 -0.0969692 
0.995821 1.56744 0.0288577 
0.996105 1.57733 0.0271715 
0.701186 1.56725 0.0636772 
0.861558 1.56357 -0.100581 
0.860683 1.57468 -0.103376 
0.916652 1.56537 0.0890233 
0.917425 1.57593 0.0866479 
0.684891 1.56221 -0.0154672 
0.684709 1.57555 -0.0195331 
0.961577 1.56301 -0.0575584 
0.961056 1.57319 -0.0595388 
0.809711 1.56672 0.110794 
0.810657 1.57836 0.107614 
0.733617 1.5677 -0.0837698 
1.0034 1.56946 0.00865291 
1.00351 1.5793 0.00703579 
0.717962 1.56657 0.0807685 
0.718673 1.5794 0.0769481 
0.830957 1.56819 -0.105222 
0.944262 1.56665 0.0742814 
0.944929 1.57696 0.07214 
0.682982 1.57328 0.00509258 
0.935854 1.56867 -0.0742473 
0.935233 1.57907 -0.0764523 
0.839648 1.56493 0.110789 
0.84058 1.57625 0.107821 
0.713197 1.56804 -0.0695993 
1.00196 1.56289 -0.0104022 
1.00186 1.57274 -0.0120305 
0.739812 1.56821 0.0933583 
0.801784 1.56282 -0.102661 
0.80088 1.57458 -0.105885 
0.968487 1.56469 0.0582075 
0.969006 1.5748 0.0562756 
0.686039 1.57101 0.0294715 
0.907904 1.56684 -0.0872125 
0.907162 1.5775 -0.0896478 
0.869947 1.56246 0.106261 
0.870826 1.57346 0.103514 
0.697932 1.5665 -0.0510967 
0.991736 1.5637 -0.0300129 
0.991467 1.57363 -0.0317303 
0.765681 1.57316 0.101389 
0.772716 1.57348 -0.100495 
0.987974 1.56904 0.0393612 
0.98836 1.579 0.0376057 
0.694192 1.56883 0.0520773 
0.878365 1.56632 -0.0972972 
0.877539 1.57726 -0.0999656 
0.900632 1.57079 0.0947309 
0.688115 1.56418 -0.0290983 
0.687828 1.57747 -0.0331385 
0.973814 1.56931 -0.0492005 
0.973412 1.57939 -0.0510789 
0.793509 1.57075 0.108022 
0.747046 1.56683 -0.0899387 
0.746268 1.57927 -0.0935456 
1.00021 1.56888 0.020047 
1.00043 1.57874 0.018401 
0.707852 1.56733 0.0714777 
0.848166 1.56595 -0.103259 
0.847288 1.5772 -0.106154 
0.929077 1.56732 0.0825794 
0.929815 1.57777 0.0803092 
0.683367 1.57516 -0.00905573 
0.950627 1.5686 -0.0656669 
0.950077 1.57887 -0.0677461 
0.822487 1.56378 0.111933 
0.823418 1.57528 0.108842 
0.7241 1.56873 -0.0783213 
1.00387 1.57189 -0.000542182 
0.726946 1.56752 0.0866489 
0.818113 1.56603 -0.104705 
0.817222 1.5776 -0.107816 
0.955645 1.57172 0.0663102 
0.683723 1.5729 0.0156514 
0.923694 1.57125 -0.0809629 
0.85305 1.56642 0.10874 
0.853979 1.57759 0.10587 
0.705851 1.56813 -0.0622142 
0.998507 1.56469 -0.019318 
0.998341 1.57456 -0.0209766 
0.750699 1.57046 0.0972519 
0.788799 1.56871 -0.102501 
0.977553 1.56243 0.0509307 
0.977994 1.57247 0.0490774 
0.688952 1.57063 0.0394455 
0.895243 1.56559 -0.0918185 
0.894454 1.57636 -0.0943546 
0.883629 1.56867 0.101073 
0.692973 1.56613 -0.0420489 
0.692589 1.57935 -0.046051 
0.984849 1.56347 -0.0380677 
0.984506 1.57346 -0.0398454 
0.777058 1.56514 0.106701 
0.777961 1.57718 0.103295 
0.761614 1.56481 -0.094678 
0.760784 1.57707 -0.0981827 
0.994291 1.56934 0.031021 
0.994606 1.57924 0.0293222 
0.699479 1.56863 0.0608201 
0.864822 1.57143 -0.101769 
0.913331 1.57055 0.0895226 
0.685466 1.56373 -0.0189434 
0.685267 1.57706 -0.0230046 
0.964389 1.56636 -0.0560797 
0.963906 1.57652 -0.0580382 
0.805834 1.56568 0.110818 
0.806773 1.57737 0.107611 
0.736502 1.5686 -0.0855968 
1.00294 1.57094 0.0109963 
0.715565 1.56772 0.0784699 
0.834975 1.5663 -0.104539 
0.834089 1.57768 -0.10753 
0.941133 1.57071 0.0754105 
0.682941 1.57478 0.00153932 
0.939682 1.5626 -0.0710864 
0.939041 1.57297 -0.0732545 
0.835569 1.56271 0.111696 
0.836489 1.57407 0.108698 
0.715487 1.5693 -0.0720196 
1.00263 1.56442 -0.00808537 
1.00257 1.57426 -0.00970828 
0.736824 1.56897 0.0916626 
0.804679 1.57378 -0.106039 
0.965757 1.56781 0.0598147 
0.966312 1.57795 0.0578613 
0.685393 1.57251 0.0260376 
0.91123 1.57232 -0.0868901 
0.866627 1.56994 0.105304 
0.69954 1.56796 -0.0540531 
0.993449 1.56575 -0.0279245 
0.993212 1.57566 -0.029628 
0.762254 1.57342 0.100293 
0.776243 1.57351 -0.101363 
0.985939 1.57134 0.0413476 
0.692881 1.57029 0.0489604 
0.882534 1.56237 -0.0952447 
0.881691 1.57326 -0.097879 
0.896463 1.566 0.0972961 
0.897304 1.57674 0.0947573 
0.689046 1.56569 -0.0324415 
0.688743 1.57897 -0.0364743 
0.976754 1.56209 -0.0456198 
0.976333 1.57214 -0.0474673 
0.789772 1.57027 0.107599 
0.750205 1.56747 -0.0914316 
0.999132 1.57055 0.0223108 
0.705836 1.56863 0.0688517 
0.852272 1.56333 -0.102068 
0.851383 1.57453 -0.104931 
0.925822 1.57198 0.0833763 
0.683768 1.56331 -0.00851279 
0.683659 1.57666 -0.0125876 
0.954213 1.5621 -0.0623362 
0.953644 1.57234 -0.0643795 
0.818516 1.56226 0.112333 
0.819437 1.5738 0.109214 
0.726741 1.5698 -0.0804072 
1.0039 1.5635 0.0034306 
1.00393 1.57333 0.00181767 
0.724274 1.56852 0.0846116 
0.822046 1.56467 -0.104414 
0.821147 1.57619 -0.107496 
0.952063 1.56512 0.069723 
0.952681 1.57537 0.0676477 
0.683423 1.5744 0.0121254 
0.927653 1.56555 -0.0779562 
0.926977 1.57603 -0.0802279 
0.848907 1.56363 0.110045 
0.849823 1.57484 0.107143 
0.707848 1.56948 -0.0648803 
0.999662 1.56639 -0.0170777 
0.999528 1.57626 -0.0187269 
0.747501 1.57102 0.0958161 
0.792491 1.56833 -0.102995 
0.975076 1.56518 0.0527209 
0.975552 1.57524 0.0508476 
0.688023 1.57212 0.0361255 
0.898579 1.57168 -0.0918629 
0.87943 1.56456 0.103238 
0.880305 1.57546 0.100565 
0.694281 1.56762 -0.0451958 
0.98694 1.56584 -0.0361272 
0.98663 1.57582 -0.0378879 
0.773488 1.56508 0.1059 
0.774384 1.57716 0.102469 
0.765 1.56515 -0.0958363 
0.764163 1.57737 -0.0993173 
0.992643 1.57133 0.0331457 
0.697861 1.57004 0.0578984 
0.868973 1.56803 -0.10006 
0.868138 1.57906 -0.1028 
0.909223 1.56527 0.0923488 
0.910022 1.5759 0.0899124 
0.686119 1.56525 -0.0223946 
0.685902 1.57857 -0.0264505 
0.96715 1.56959 -0.054537 
0.80199 1.56477 0.11074 
0.802919 1.57651 0.107506 
0.739453 1.56945 -0.0873457 
1.00222 1.5626 0.0149558 
1.00235 1.57244 0.0133263 
0.713251 1.56891 0.0760935 
0.839016 1.56424 -0.103745 
0.83812 1.57558 -0.106705 
0.937299 1.56453 0.0786628 
0.937984 1.57491 0.0764601 
0.682991 1.56291 0.00206646 
0.682974 1.57628 -0.0020147 
0.942813 1.56679 -0.0700362 
0.942213 1.57713 -0.0721809 
0.832423 1.57206 0.109463 
0.717859 1.57051 -0.0743633 
1.00317 1.56591 -0.0057523 
1.00313 1.57574 -0.00737091 
0.733904 1.5698 0.0898878 
0.808509 1.57286 -0.106093 
0.962971 1.57106 0.0613596 
0.684825 1.57402 0.0225766 
0.915285 1.56704 -0.0840819 
0.91457 1.57762 -0.0864571 
0.86244 1.56657 0.106993 
0.863358 1.57765 0.104192 
0.701237 1.56939 -0.0569461 
0.995048 1.5677 -0.0257948 
0.994843 1.5776 -0.0274851 
0.758874 1.57375 0.0991168 
0.779809 1.57345 -0.102147 
0.983409 1.56376 0.0450847 
0.983809 1.57375 0.0432846 
0.691657 1.57176 0.0457913 
0.885847 1.56912 -0.0957058 
0.893113 1.57212 0.0972165 
0.690061 1.56721 -0.0357448 
0.979163 1.56482 -0.0438487 
0.978777 1.57486 -0.045677 
0.78607 1.56989 0.107086 
0.753418 1.56805 -0.0928469 
0.997694 1.5624 0.0262175 
0.997921 1.57228 0.0245459 
0.70391 1.56996 0.0661537 
0.855494 1.5717 -0.103599 
0.921806 1.56629 0.08641 
0.922567 1.5768 0.0840781 
0.684154 1.56482 -0.0120337 
0.684026 1.57817 -0.0161053 
0.957156 1.56574 -0.0610014 
0.956626 1.57596 -0.0630221 
0.815485 1.57247 0.109478 
0.729456 1.57083 -0.0824146 
1.00378 1.56493 0.00579058 
1.00384 1.57476 0.00417638 
0.72168 1.56957 0.082495 
0.826007 1.56316 -0.104014 
0.825098 1.57464 -0.107067 
0.949026 1.56888 0.071013 
0.949683 1.57915 0.0689145 
0.683122 1.56254 0.0126676 
0.683198 1.57591 0.00858728 
0.930891 1.5702 -0.0771525 
0.845687 1.57226 0.108307 
0.709933 1.57081 -0.0674739 
1.00069 1.56803 -0.0148095 
1.00058 1.57789 -0.0164502 
0.744361 1.57165 0.0943015 
0.796217 1.56784 -0.103397 
0.972527 1.56804 0.0544542 
0.973038 1.57812 0.0525606 
0.687178 1.57362 0.0327674 
0.902699 1.56686 -0.0893048 
0.901941 1.57756 -0.0917821 
0.876094 1.57154 0.102606 
0.695675 1.56911 -0.0482888 
0.988932 1.56811 -0.0341372 
0.988655 1.57807 -0.0358817 
0.769958 1.5651 0.105014 
0.770849 1.57723 0.101559 
0.76843 1.56542 -0.096915 
0.767588 1.57759 -0.100372 
0.990555 1.56347 0.0369649 
0.990883 1.5734 0.0352289 
0.696332 1.57147 0.0549147 
0.873134 1.56447 -0.0982514 
0.872284 1.57546 -0.100959 
0.905883 1.57078 0.0926482 
0.686852 1.56676 -0.0258172 
0.970319 1.56258 -0.0510279 
0.969853 1.57269 -0.0529319 
0.798177 1.56399 0.110562 
0.799099 1.57577 0.107302 
0.742467 1.57023 -0.0890167 
1.00146 1.56414 0.0172753 
1.00161 1.57399 0.0156389 
0.711023 1.57014 0.0736403 
0.842173 1.57333 -0.105769 
0.934095 1.56885 0.0796535 
0.934821 1.57925 0.077427 
0.683117 1.56442 -0.00148598 
0.683082 1.57778 -0.00556605 
0.945925 1.57084 -0.0689081 
0.828383 1.57019 0.110116 
0.720311 1.57168 -0.0766295 
1.00356 1.56737 -0.00340681 
1.00355 1.57721 -0.00502221 
0.731053 1.57068 0.0880335 
0.81237 1.57181 -0.106045 
0.959564 1.56424 0.0648512 
0.960135 1.57443 0.0628405 
0.684168 1.56218 0.0231643 
0.684336 1.57552 0.0190922 
0.91859 1.57219 -0.0835665 
0.858266 1.56337 0.108577 
0.85917 1.57449 0.105744 
0.703021 1.5708 -0.0597734 
0.996527 1.56957 -0.0236268 
0.996354 1.57946 -0.0253048 
0.755544 1.57415 0.0978615 
0.783414 1.5733 -0.102846 
0.981154 1.56625 0.0469888 
0.981588 1.57626 0.0451704 
0.69052 1.57324 0.042573 
0.890005 1.56483 -0.0934506 
0.889197 1.57565 -0.0960277 
0.888921 1.56764 0.0996011 
0.889793 1.57845 0.0970036 
0.691159 1.56871 -0.0390048 
0.981492 1.56745 -0.0420217 
0.98114 1.57746 -0.0438314 
0.782405 1.56962 0.106482 
0.756684 1.56855 -0.0941844 
0.996326 1.56419 0.0284324 
0.996584 1.57408 0.0267491 
0.702073 1.57133 0.0633857 
0.859622 1.56871 -0.10216 
0.91851 1.57125 0.0870365 
0.684616 1.56633 -0.0155376 
0.96006 1.56925 -0.0595985 
0.959567 1.57944 -0.0615968 
0.811563 1.57126 0.109637 
0.732243 1.57179 -0.0843436 
1.00352 1.56638 0.00814662 
1.00361 1.57621 0.00653004 
0.719166 1.57066 0.0802992 
0.829076 1.57294 -0.106529 
0.945324 1.56246 0.0743657 
0.94596 1.57277 0.07223 
0.68299 1.56404 0.00912166 
0.683048 1.57741 0.00504038 
0.934777 1.56428 -0.0740493 
0.934124 1.57469 -0.0762602 
0.841572 1.56984 0.109359 
0.712102 1.57211 -0.0699935 
1.00157 1.56961 -0.012517 
1.0015 1.57946 -0.0141501 
0.741282 1.57234 0.092708 
0.799976 1.56724 -0.103705 
0.799102 1.57902 -0.106942 
0.969909 1.57102 0.056129 
0.686414 1.57513 0.0293744 
0.906035 1.57258 -0.0891262 
0.871892 1.56778 0.104553 
0.872802 1.57876 0.101824 
0.697156 1.57057 -0.0513249 
0.990821 1.57028 -0.0321001 
0.766472 1.56521 0.104047 
0.767356 1.57738 0.100567 
0.771903 1.5656 -0.0979132 
0.771056 1.57772 -0.101346 
0.988655 1.56563 0.0390197 
0.989016 1.57558 0.0372679 
0.694893 1.57292 0.0518718 
0.876438 1.5717 -0.0990218 
0.901735 1.56579 0.0953257 
0.90256 1.57648 0.092829 
0.687664 1.56828 -0.029208 
0.972924 1.56559 -0.0493825 
0.972494 1.57568 -0.0512661 
0.794398 1.56332 0.110288 
0.795312 1.57515 0.107001 
0.745543 1.57096 -0.09061 
1.00055 1.56573 0.0195748 
1.00074 1.57558 0.0179307 
0.708882 1.57141 0.0711116 
0.846248 1.57091 -0.104721 
0.930174 1.56287 0.0828225 
0.93088 1.57331 0.0805581 
0.683317 1.56593 -0.00503291 
0.683263 1.57929 -0.00911129 
0.949591 1.56447 -0.0656198 
0.949012 1.57475 -0.0677047 
0.82437 1.56848 0.110658 
0.722843 1.57281 -0.0788178 
1.00381 1.56882 -0.00105279 
1.00383 1.57865 -0.00266609 
0.728275 1.57162 0.0860999 
0.81626 1.57062 -0.105892 
0.956645 1.56771 0.0662889 
0.957254 1.57793 0.0642556 
0.683774 1.56367 0.0196629 
0.683924 1.57703 0.0155876 
0.922591 1.56665 -0.0806345 
0.921902 1.57718 -0.0829491 
0.854998 1.57149 0.107189 
0.704894 1.57219 -0.0625324 
0.997883 1.57136 -0.0214236 
0.751439 1.56226 0.100111 
0.752267 1.57463 0.0965271 
0.787054 1.57305 -0.103456 
0.978814 1.56886 0.0488401 
0.979282 1.57889 0.0470029 
0.689469 1.57473 0.0393088 
0.893337 1.57118 -0.0936598 
0.884729 1.5633 0.101906 
0.885583 1.57415 0.0992736 
0.692342 1.57021 -0.0422183 
0.983735 1.56996 -0.0401408 
