1.01076 0.783441 0.116694 
1.00715 0.792684 0.116514 
1.00872 0.783665 0.1753 
1.00539 0.793012 0.174711 
0.950326 0.78483 0.174499 
1.0413 0.784057 0.114757 
1.03796 0.793124 0.114782 
0.960576 0.779022 0.206482 
0.95705 0.788716 0.205398 
0.998454 0.776681 0.12725 
0.994764 0.786002 0.126935 
1.02341 0.781839 0.15969 
1.02012 0.791071 0.1593 
0.944884 0.782467 0.187705 
0.941145 0.792231 0.186594 
1.03799 0.780239 0.109432 
1.03459 0.789313 0.109492 
0.973469 0.779832 0.202115 
0.970013 0.789437 0.201143 
0.979975 0.784371 0.140096 
0.97623 0.793834 0.139531 
1.03461 0.781048 0.143671 
1.03133 0.790189 0.14346 
0.942938 0.783684 0.19778 
0.939256 0.793483 0.196597 
1.02962 0.779055 0.10918 
1.02613 0.788174 0.109196 
0.98966 0.777227 0.193575 
0.98626 0.786711 0.192772 
0.96724 0.780316 0.154985 
0.963458 0.789874 0.154243 
1.042 0.778949 0.129168 
1.03871 0.788025 0.12911 
0.947918 0.780015 0.20469 
0.944297 0.789789 0.20352 
1.01697 0.780343 0.11392 
1.0134 0.789543 0.113815 
1.00449 0.780008 0.18077 
1.00114 0.789384 0.180132 
0.953485 0.785341 0.169341 
1.04248 0.782422 0.117819 
1.03916 0.791485 0.117834 
0.955471 0.782079 0.206533 
0.951925 0.791811 0.205402 
1.00078 0.784778 0.122878 
0.99712 0.79409 0.122579 
1.02026 0.77731 0.165694 
1.01695 0.786564 0.165261 
0.946794 0.782079 0.183331 
0.943038 0.791821 0.18226 
1.04001 0.780745 0.110777 
1.03663 0.78981 0.110836 
0.968125 0.780606 0.204111 
0.964646 0.79025 0.203088 
0.985458 0.784455 0.135132 
0.981733 0.793877 0.13464 
1.02948 0.785624 0.149243 
0.943588 0.781827 0.194701 
0.939881 0.791613 0.193545 
1.03213 0.78194 0.108695 
1.02868 0.791048 0.108719 
0.981101 0.785343 0.196499 
0.971896 0.781051 0.149564 
0.968123 0.790573 0.148889 
1.03825 0.784227 0.134065 
1.03496 0.793339 0.133931 
0.943793 0.786049 0.202119 
1.01963 0.78563 0.111642 
0.999958 0.776834 0.185905 
0.996591 0.786241 0.185217 
0.957074 0.786023 0.164029 
1.04327 0.780113 0.121449 
1.03996 0.789173 0.121451 
0.950552 0.785962 0.205858 
1.0069 0.782939 0.119237 
1.00327 0.792208 0.119015 
1.01337 0.782269 0.171134 
1.01005 0.791579 0.170605 
0.949161 0.782088 0.178608 
0.945393 0.791806 0.177581 
1.04177 0.780442 0.112761 
1.03841 0.789499 0.112817 
0.962814 0.782205 0.205412 
0.959314 0.791888 0.204339 
0.991167 0.784145 0.130438 
0.987463 0.793525 0.130021 
1.02714 0.780974 0.155192 
1.02385 0.790176 0.154858 
0.944689 0.780559 0.1911 
0.94096 0.790327 0.189975 
1.03451 0.78395 0.108875 
1.03109 0.793048 0.108904 
0.975823 0.784723 0.199631 
0.976881 0.781632 0.144245 
0.973121 0.791116 0.14364 
1.03729 0.780057 0.139401 
1.03401 0.789176 0.139239 
0.943688 0.783025 0.200079 
0.940023 0.792822 0.198891 
1.02581 0.780915 0.110024 
1.0223 0.790059 0.110002 
0.99178 0.783668 0.189883 
0.988407 0.793143 0.189094 
0.964862 0.777215 0.159412 
0.961072 0.786791 0.158635 
1.04363 0.777196 0.125612 
1.04033 0.786256 0.125596 
0.949471 0.780891 0.205629 
0.945871 0.790658 0.204463 
1.01309 0.780419 0.116058 
1.00949 0.789644 0.115911 
1.00941 0.778288 0.176828 
1.00608 0.787625 0.176252 
0.951979 0.782415 0.173604 
0.948203 0.792107 0.172627 
1.04321 0.779372 0.115364 
1.03987 0.788423 0.115413 
0.957591 0.784636 0.205999 
0.997059 0.783357 0.126072 
0.99338 0.792694 0.12573 
1.02104 0.785567 0.160843 
0.946247 0.779816 0.187032 
0.942499 0.789565 0.185945 
1.03671 0.7851 0.109716 
0.97048 0.784888 0.202122 
0.982158 0.781974 0.139092 
0.978415 0.791417 0.138558 
1.03255 0.784743 0.144854 
1.02927 0.793904 0.144609 
0.944005 0.780677 0.197433 
0.940313 0.790464 0.196269 
1.0284 0.784478 0.109029 
1.02492 0.793611 0.109017 
0.98676 0.78174 0.19406 
0.983363 0.79125 0.193219 
0.969239 0.778018 0.15394 
0.965456 0.787559 0.153228 
1.04024 0.782809 0.130225 
1.03695 0.791902 0.130135 
0.94509 0.786345 0.20357 
1.01929 0.777164 0.113382 
1.01573 0.786344 0.113308 
1.00177 0.784084 0.181628 
0.998424 0.793484 0.180954 
0.955238 0.78298 0.168391 
0.951457 0.792642 0.167467 
1.0443 0.777582 0.118562 
1.04098 0.786629 0.1186 
0.956073 0.778177 0.206979 
0.952514 0.787899 0.205862 
1.00309 0.782013 0.122084 
0.999441 0.791306 0.121819 
1.01778 0.781088 0.166813 
1.01447 0.790364 0.166344 
0.948264 0.779529 0.182563 
0.944501 0.789256 0.181516 
1.03869 0.785416 0.111205 
0.965127 0.785867 0.203938 
0.98769 0.781987 0.134164 
0.983967 0.79139 0.133704 
1.03059 0.780143 0.150699 
1.0273 0.789317 0.150419 
0.944762 0.778962 0.194224 
0.941045 0.788733 0.193089 
1.03435 0.77807 0.108646 
1.0309 0.78716 0.108698 
0.981581 0.780518 0.197683 
0.978161 0.790065 0.19679 
0.973969 0.778736 0.148519 
0.970196 0.78824 0.147874 
1.03967 0.778917 0.135283 
1.03638 0.788015 0.135168 
0.944682 0.782771 0.202018 
0.941035 0.792566 0.200829 
1.02194 0.782265 0.111239 
1.01841 0.791435 0.111178 
0.997161 0.781047 0.18665 
0.993797 0.790479 0.185925 
0.958921 0.783697 0.16304 
0.955138 0.793327 0.162174 
1.04168 0.784176 0.122346 
1.03838 0.793252 0.122316 
0.951212 0.782226 0.206162 
0.947635 0.791986 0.205001 
1.00923 0.780038 0.118524 
1.0056 0.789288 0.118334 
1.01413 0.776844 0.172676 
1.0108 0.786144 0.172161 
0.950736 0.779623 0.177759 
0.946962 0.789326 0.176758 
1.04039 0.784933 0.113328 
1.03704 0.794005 0.113355 
0.963334 0.777999 0.206113 
0.95982 0.787673 0.205054 
0.993438 0.781588 0.12952 
0.989738 0.790949 0.129135 
1.02485 0.784672 0.156372 
1.02157 0.793895 0.156003 
0.945971 0.777821 0.190504 
0.942233 0.787576 0.189402 
1.03668 0.779889 0.108973 
1.03326 0.788969 0.109029 
0.976295 0.780053 0.2007 
0.972852 0.789638 0.199755 
0.979019 0.779281 0.143213 
0.97526 0.788747 0.142639 
1.03531 0.783779 0.140565 
1.03203 0.792916 0.14037 
0.944677 0.779904 0.199833 
0.941001 0.78969 0.198665 
1.02809 0.777377 0.109732 
1.02459 0.786503 0.10974 
0.99231 0.778597 0.191237 
0.988923 0.788062 0.190461 
0.963007 0.784481 0.157622 
0.959228 0.794078 0.156816 
1.04195 0.781133 0.126613 
1.03865 0.790209 0.126565 
0.950212 0.777329 0.205778 
0.946599 0.787086 0.204627 
1.01541 0.777368 0.115436 
1.01182 0.786574 0.11532 
1.00675 0.782261 0.177778 
1.00342 0.791622 0.177165 
0.953657 0.780019 0.172689 
0.949875 0.789694 0.171738 
1.04177 0.783694 0.116063 
1.03844 0.79276 0.116082 
0.958149 0.780599 0.206561 
0.954615 0.790311 0.205454 
0.999359 0.780692 0.125215 
0.995684 0.790011 0.124906 
1.02194 0.780073 0.162382 
1.01864 0.789316 0.161972 
0.947636 0.777192 0.186331 
0.943881 0.786927 0.185267 
1.03882 0.780854 0.10996 
1.03543 0.789925 0.110018 
0.970956 0.780381 0.203067 
0.96749 0.790004 0.20207 
0.984353 0.779567 0.138087 
0.980611 0.788992 0.137585 
1.03374 0.779294 0.146255 
1.03046 0.788442 0.146027 
0.945099 0.777707 0.19705 
0.941396 0.78748 0.195907 
1.03065 0.780748 0.108881 
1.02718 0.789863 0.108899 
0.987261 0.776805 0.19532 
0.983851 0.786306 0.194492 
0.967472 0.785246 0.152204 
1.04175 0.777577 0.131354 
1.03846 0.786655 0.131284 
0.945907 0.782942 0.203581 
0.94228 0.792732 0.202392 
1.01805 0.783114 0.112816 
1.01449 0.79231 0.112714 
1.00238 0.778811 0.183106 
0.999026 0.788202 0.182444 
0.957013 0.780632 0.167425 
0.953227 0.790278 0.166528 
1.04278 0.781748 0.119384 
1.03946 0.79081 0.119392 
0.953121 0.78403 0.206283 
0.949568 0.79378 0.20513 
1.00541 0.779223 0.1213 
1.00176 0.788498 0.121066 
1.01528 0.784892 0.167903 
0.94976 0.777004 0.181769 
0.94599 0.786716 0.180747 
1.04073 0.780991 0.111594 
1.03736 0.790054 0.11165 
0.965619 0.781526 0.204751 
0.962131 0.791188 0.203704 
0.989931 0.779505 0.133199 
0.986211 0.78889 0.132771 
1.02839 0.783826 0.151894 
1.0251 0.79302 0.151579 
0.942236 0.785888 0.1926 
1.03311 0.783238 0.108696 
1.02967 0.792342 0.10872 
0.978631 0.78527 0.197956 
0.972285 0.785905 0.146853 
1.03777 0.782679 0.136418 
1.03449 0.791794 0.13627 
0.945596 0.779532 0.20188 
0.941937 0.789315 0.200708 
1.02425 0.778867 0.110853 
1.02072 0.788018 0.110823 
0.99435 0.785306 0.187348 
0.960788 0.78138 0.162037 
0.957003 0.790993 0.161199 
1.04338 0.779157 0.123259 
1.04008 0.788218 0.123251 
0.951893 0.778533 0.206427 
0.948302 0.788282 0.205282 
1.01155 0.777108 0.117823 
1.00794 0.78634 0.117665 
1.01153 0.780727 0.173705 
1.00821 0.79005 0.173154 
0.952336 0.77718 0.176887 
0.948556 0.786866 0.175912 
1.04235 0.780338 0.113859 
1.03901 0.789393 0.11391 
0.96034 0.7835 0.205731 
0.956832 0.793201 0.204635 
0.995715 0.779012 0.128607 
0.992018 0.788355 0.128254 
1.02584 0.779173 0.157887 
1.02254 0.788385 0.157533 
0.943532 0.784855 0.188798 
1.03542 0.784858 0.109174 
1.03201 0.793952 0.109202 
0.973317 0.785 0.200803 
0.98117 0.776924 0.142178 
0.977413 0.786371 0.141635 
1.03659 0.778374 0.141901 
1.03331 0.787498 0.141724 
0.945693 0.776822 0.199551 
0.942005 0.786595 0.198402 
1.02687 0.782913 0.109495 
1.02338 0.792054 0.109476 
0.989439 0.783016 0.191801 
0.986056 0.792507 0.190988 
0.964961 0.782177 0.156597 
0.96118 0.791755 0.155821 
1.04024 0.785052 0.127619 
0.947349 0.783554 0.204753 
0.943743 0.793339 0.203567 
1.01415 0.783474 0.114743 
1.01057 0.792695 0.1146 
1.00742 0.77692 0.179288 
1.00407 0.786271 0.178689 
0.955358 0.777639 0.171754 
0.951571 0.787297 0.17083 
1.04364 0.778937 0.116732 
1.04031 0.787987 0.116775 
0.955176 0.786307 0.205992 
1.00166 0.778006 0.124365 
0.997992 0.787305 0.124088 
1.01952 0.783822 0.163522 
1.01622 0.793086 0.163075 
0.945288 0.784316 0.184561 
0.941542 0.794075 0.183464 
1.03753 0.785629 0.110308 
0.967961 0.78553 0.202992 
0.986558 0.777149 0.137081 
0.982819 0.786556 0.136611 
1.03162 0.782977 0.147451 
1.02834 0.792145 0.147189 
0.942506 0.784532 0.19551 
1.03289 0.776983 0.108752 
1.02943 0.78608 0.108799 
0.98434 0.781399 0.195735 
0.980934 0.790927 0.194869 
0.969505 0.782935 0.151171 
0.965731 0.792477 0.150461 
1.03994 0.781394 0.132447 
1.03665 0.79049 0.132345 
0.946749 0.77958 0.203554 
0.94311 0.789358 0.202382 
1.02037 0.779851 0.112339 
1.01682 0.789028 0.112269 
0.999623 0.782947 0.183914 
0.996272 0.792362 0.183215 
0.95881 0.778298 0.166442 
0.955021 0.787926 0.165573 
1.04456 0.776842 0.120187 
1.04124 0.785889 0.120217 
0.953747 0.780203 0.206666 
0.95018 0.789943 0.205528 
1.00409 0.785664 0.120324 
1.01608 0.779436 0.169453 
1.01277 0.788724 0.168963 
0.947504 0.784199 0.179953 
0.943744 0.793935 0.178899 
1.03939 0.785581 0.112084 
0.966123 0.777227 0.205528 
0.962621 0.78688 0.204494 
0.99218 0.777009 0.132235 
0.988463 0.786374 0.13184 
1.02945 0.778337 0.153372 
1.02616 0.787519 0.153073 
0.943454 0.783075 0.192079 
0.939736 0.792858 0.190932 
1.03531 0.779281 0.108713 
1.03187 0.788367 0.108766 
0.979106 0.780514 0.199089 
0.975676 0.790078 0.198172 
0.974389 0.783568 0.145827 
0.970627 0.793072 0.145186 
1.03914 0.777332 0.137679 
1.03586 0.786434 0.137549 
0.942865 0.786103 0.200551 
1.02302 0.784567 0.110484 
1.01951 0.793733 0.110426 
0.994901 0.780165 0.188748 
0.991527 0.789613 0.187998 
0.962677 0.779073 0.161021 
0.958888 0.788668 0.160211 
1.04175 0.783162 0.124202 
1.03845 0.792238 0.124163 
0.948991 0.78462 0.205524 
1.01027 0.783364 0.117007 
1.00666 0.79261 0.116822 
1.00892 0.784644 0.174699 
1.0056 0.79399 0.174112 
0.950175 0.784426 0.175044 
1.04095 0.784752 0.114485 
1.03761 0.793822 0.114507 
0.960876 0.779369 0.206371 
0.957353 0.789062 0.205288 
0.994305 0.785742 0.127378 
1.0235 0.782882 0.159062 
1.0202 0.792114 0.158673 
0.944858 0.782164 0.188164 
0.94112 0.791929 0.187052 
1.03756 0.780713 0.109338 
1.03416 0.789789 0.109394 
0.973788 0.780403 0.201817 
0.970336 0.790006 0.200847 
0.979578 0.783988 0.140629 
0.975832 0.793453 0.140058 
1.03456 0.782074 0.143086 
1.03128 0.791217 0.142875 
0.943036 0.783537 0.198103 
0.939356 0.793336 0.196919 
1.02914 0.779289 0.109269 
1.02565 0.788411 0.109279 
0.989954 0.778003 0.193115 
0.986557 0.787486 0.192314 
0.966934 0.779877 0.155561 
0.963151 0.789438 0.154815 
1.04181 0.779878 0.128688 
1.03852 0.788955 0.128629 
0.948123 0.780064 0.20484 
0.944504 0.789837 0.20367 
1.01648 0.780343 0.114179 
1.0129 0.789546 0.114068 
1.00472 0.780945 0.180195 
1.00138 0.79032 0.179559 
0.95329 0.784917 0.169903 
1.04217 0.783188 0.117487 
1.03884 0.792253 0.1175 
0.955754 0.782345 0.206491 
0.952211 0.792076 0.205361 
1.0003 0.784577 0.123278 
0.996644 0.793893 0.122975 
1.02039 0.77834 0.165066 
1.01708 0.787593 0.164635 
0.946722 0.781732 0.183828 
0.942968 0.791476 0.182755 
1.03961 0.781301 0.110618 
1.03623 0.790369 0.110674 
0.968443 0.781097 0.203879 
0.964968 0.790739 0.202858 
0.985036 0.784109 0.135637 
0.981308 0.793533 0.13514 
1.03277 0.777511 0.148881 
1.02948 0.786666 0.148635 
0.943643 0.781619 0.195078 
0.939937 0.791404 0.193921 
1.03166 0.782262 0.108717 
1.02821 0.791373 0.108736 
0.981411 0.786048 0.196095 
0.971554 0.780624 0.150131 
0.96778 0.790148 0.149451 
1.03811 0.7852 0.133541 
0.943964 0.786024 0.202334 
1.01914 0.785714 0.111838 
1.00021 0.77772 0.185364 
0.99685 0.787126 0.184678 
0.956837 0.785587 0.164601 
1.043 0.780944 0.121061 
1.03969 0.790006 0.12106 
0.950813 0.786148 0.205886 
1.00642 0.782805 0.119591 
1.00278 0.792077 0.119363 
1.01354 0.783274 0.170518 
1.01023 0.792584 0.169991 
0.949044 0.781705 0.179134 
0.945277 0.791425 0.178106 
1.04139 0.781078 0.112538 
1.03804 0.790137 0.112591 
0.963124 0.782615 0.205247 
0.959628 0.792296 0.204176 
0.990723 0.783844 0.130912 
0.987017 0.793226 0.130489 
1.02719 0.782021 0.154569 
1.0239 0.791224 0.154235 
0.944698 0.780294 0.191525 
0.940971 0.790063 0.1904 
1.03406 0.784359 0.108831 
1.03064 0.79346 0.108856 
0.976142 0.785353 0.199286 
0.976507 0.781227 0.144796 
0.972745 0.790713 0.144186 
1.0372 0.781064 0.13884 
1.03392 0.790184 0.138678 
0.943818 0.782929 0.200356 
0.940155 0.792726 0.199168 
1.02532 0.781082 0.110161 
1.02181 0.79023 0.110135 
0.992061 0.784495 0.189387 
0.988692 0.793968 0.1886 
0.964585 0.776773 0.159991 
0.960795 0.786351 0.15921 
1.0434 0.778085 0.125171 
1.0401 0.787146 0.125153 
0.949701 0.780999 0.205726 
0.946104 0.790765 0.204561 
1.0126 0.780358 0.116361 
1.009 0.789586 0.116208 
1.00962 0.779259 0.176231 
1.00628 0.788595 0.175657 
0.951818 0.782006 0.174154 
0.948042 0.791699 0.173174 
1.04287 0.780082 0.11508 
1.03953 0.789135 0.115126 
0.957889 0.784965 0.205903 
0.996598 0.783109 0.126507 
0.992916 0.792449 0.12616 
1.02444 0.777387 0.160589 
1.02113 0.786608 0.160215 
0.946211 0.779502 0.187501 
0.942464 0.789252 0.186412 
1.03629 0.785594 0.109605 
0.970801 0.78544 0.20184 
0.981756 0.781597 0.139621 
0.978011 0.791044 0.139082 
1.03251 0.785775 0.144263 
0.944093 0.780516 0.197768 
0.940402 0.790302 0.196604 
1.02792 0.784733 0.1091 
1.02444 0.79387 0.109084 
0.987059 0.7825 0.193613 
0.983666 0.792009 0.192774 
0.968925 0.777581 0.154515 
0.965141 0.787124 0.153799 
1.04006 0.783749 0.129734 
1.03677 0.792844 0.129643 
0.945289 0.786377 0.203734 
1.0188 0.777181 0.11363 
1.01523 0.786365 0.11355 
