1.04886 0.782836 -0.0502188 
1.04527 0.791609 -0.0485786 
1.13007 0.77983 0.169161 
1.1276 0.788414 0.169241 
0.741756 0.786182 0.302137 
1.12902 0.779507 -0.125339 
1.12665 0.787824 -0.122808 
1.00976 0.784908 0.297854 
0.79183 0.780314 0.207258 
0.787221 0.791095 0.204746 
1.18191 0.782649 -0.121814 
1.18003 0.790713 -0.119408 
0.88927 0.779139 0.372236 
0.886381 0.789605 0.369933 
0.884597 0.780632 0.105073 
0.879805 0.790488 0.103877 
1.20821 0.778825 -0.0469795 
1.20626 0.786809 -0.0451696 
0.793451 0.781486 0.379538 
0.790162 0.7928 0.376549 
0.999204 0.783058 0.000566581 
0.995016 0.792131 0.00134789 
1.17182 0.779412 0.0978814 
1.16949 0.787698 0.098576 
0.742905 0.778483 0.340574 
0.739058 0.79014 0.337319 
1.09491 0.785129 -0.0994067 
1.09202 0.793634 -0.097131 
1.06966 0.780327 0.243319 
1.06707 0.789348 0.242679 
0.762631 0.779795 0.254526 
0.758226 0.790974 0.251639 
1.15958 0.780275 -0.132303 
1.15756 0.788439 -0.129764 
0.944701 0.777412 0.347225 
0.941931 0.787407 0.345373 
0.83467 0.784307 0.151743 
1.20131 0.782917 -0.092559 
1.19946 0.790906 -0.0904093 
0.834475 0.780035 0.382465 
0.831391 0.790985 0.37976 
0.948066 0.776699 0.0509202 
0.943479 0.786094 0.0507917 
1.19639 0.782708 0.0269986 
1.19423 0.790811 0.0282391 
0.7578 0.783924 0.363706 
1.05472 0.783833 -0.0567823 
1.0512 0.792572 -0.0550501 
1.1235 0.779359 0.178609 
1.12101 0.787989 0.178605 
0.743335 0.785639 0.296663 
1.13215 0.782546 -0.126276 
1.12982 0.790848 -0.123747 
1.00328 0.778868 0.305359 
1.0006 0.788393 0.304039 
0.795984 0.781937 0.200276 
0.791356 0.792667 0.197816 
1.18521 0.780391 -0.11999 
1.18336 0.788439 -0.117599 
0.882043 0.779827 0.374223 
0.879136 0.790357 0.371863 
0.890257 0.783814 0.098284 
0.885476 0.793627 0.0971735 
1.20789 0.77882 -0.0389437 
1.20591 0.786812 -0.0371938 
0.786943 0.786983 0.376893 
1.00553 0.784972 -0.00627051 
1.00141 0.794008 -0.00537911 
1.16749 0.777603 0.107716 
1.16514 0.78592 0.108337 
0.739039 0.787567 0.333658 
1.10067 0.782562 -0.104694 
1.09787 0.791033 -0.102353 
1.0616 0.780945 0.251503 
1.05901 0.790027 0.250775 
0.765996 0.77973 0.248207 
0.76156 0.790858 0.245364 
1.16303 0.780086 -0.131943 
1.16104 0.788234 -0.129414 
0.934935 0.784105 0.350511 
0.839611 0.786809 0.144736 
1.20408 0.777871 -0.0888221 
1.20224 0.785846 -0.0866924 
1.20038 0.793836 -0.0845952 
0.827432 0.783502 0.381891 
0.954089 0.779855 0.0440775 
0.949541 0.789212 0.0440515 
1.19421 0.781357 0.0363644 
1.19202 0.789477 0.0375376 
0.755733 0.780097 0.362085 
0.752127 0.79171 0.35887 
1.06054 0.784545 -0.0632618 
1.05712 0.793249 -0.0614402 
1.1167 0.779016 0.187953 
1.11419 0.787694 0.187863 
0.745109 0.785223 0.291046 
1.13758 0.776976 -0.129584 
1.13533 0.785246 -0.12702 
1.13303 0.793534 -0.124496 
0.994005 0.782714 0.311299 
0.991327 0.792315 0.309887 
0.800183 0.783786 0.193247 
1.18845 0.777935 -0.117954 
1.18662 0.785967 -0.115579 
1.18475 0.794014 -0.113237 
0.874794 0.781061 0.375803 
0.87187 0.791656 0.373387 
0.900721 0.777377 0.0924753 
0.895953 0.787106 0.0915408 
1.20734 0.7786 -0.0306517 
1.20534 0.786601 -0.0289632 
0.783842 0.781494 0.376973 
0.78049 0.792891 0.373923 
1.01584 0.777815 -0.0141554 
1.01182 0.786783 -0.0130693 
1.16045 0.784272 0.118118 
1.15809 0.792643 0.118627 
0.739301 0.785307 0.32968 
1.10637 0.77954 -0.10974 
1.10366 0.787977 -0.107339 
1.05339 0.781854 0.259454 
1.05078 0.790998 0.258637 
0.769547 0.779805 0.241792 
0.76508 0.790881 0.238994 
1.1665 0.779504 -0.131407 
1.16454 0.787635 -0.128887 
0.927914 0.781232 0.355264 
0.92513 0.791371 0.353264 
0.849489 0.779174 0.13951 
0.844696 0.789332 0.137784 
1.20492 0.780302 -0.0826524 
1.20306 0.788279 -0.0805757 
0.820462 0.787174 0.381044 
0.960204 0.782821 0.0372506 
0.955698 0.79214 0.0373295 
1.19179 0.77984 0.0458274 
1.18958 0.787979 0.0469328 
0.750267 0.787993 0.357014 
1.06635 0.784915 -0.0696454 
1.06301 0.793585 -0.0677369 
1.1097 0.778776 0.197181 
1.10718 0.787504 0.197005 
0.747085 0.784886 0.285308 
1.14076 0.779339 -0.130152 
1.13854 0.787595 -0.127594 
0.987338 0.777331 0.318358 
0.984632 0.786981 0.31689 
0.804434 0.785822 0.186187 
1.18982 0.783277 -0.113348 
1.18797 0.791308 -0.111023 
0.867531 0.782787 0.377005 
0.864591 0.793448 0.374531 
0.906432 0.780798 0.0856858 
0.901681 0.790486 0.0848404 
1.20656 0.778202 -0.0221294 
1.20453 0.786212 -0.0205035 
0.777451 0.78774 0.373742 
1.02201 0.779572 -0.0210158 
1.01806 0.788504 -0.0198243 
1.15541 0.782796 0.127899 
1.15303 0.791202 0.12833 
0.739821 0.783378 0.325397 
1.10939 0.7845 -0.11208 
1.10673 0.792924 -0.109672 
1.045 0.783108 0.267151 
1.04239 0.792315 0.266246 
0.773258 0.780065 0.235277 
0.768763 0.791088 0.232527 
1.16997 0.778563 -0.130679 
1.16804 0.786678 -0.128171 
0.920864 0.778843 0.359604 
0.918055 0.789039 0.35755 
0.854715 0.781783 0.132542 
0.849918 0.791894 0.13089 
1.20561 0.782242 -0.0762102 
1.20373 0.79022 -0.0741874 
0.816735 0.779964 0.382743 
0.813568 0.791071 0.379915 
0.96641 0.785582 0.0304394 
1.18911 0.77817 0.0553827 
1.18688 0.786329 0.0564198 
0.748691 0.784385 0.354908 
1.07215 0.78489 -0.0759177 
1.06891 0.793526 -0.0739252 
1.10252 0.778624 0.206284 
1.09998 0.787404 0.206021 
0.749272 0.784592 0.279467 
1.144 0.78133 -0.130567 
1.14181 0.789572 -0.128016 
0.977878 0.781928 0.323679 
0.975177 0.791657 0.322117 
0.813452 0.777479 0.181341 
0.808748 0.788006 0.179113 
1.19296 0.780334 -0.110905 
1.19113 0.78835 -0.108597 
0.860265 0.784946 0.377856 
0.912175 0.784273 0.0789345 
0.907445 0.793922 0.0781794 
1.20555 0.777647 -0.0134038 
1.2035 0.785668 -0.0118416 
1.20145 0.793707 -0.0103148 
0.774535 0.782889 0.373316 
1.02812 0.781239 -0.027825 
1.02425 0.790135 -0.0265302 
1.15004 0.781517 0.137657 
1.14763 0.78996 0.138009 
0.740577 0.781781 0.320828 
0.736588 0.793399 0.317594 
1.11503 0.78064 -0.116574 
1.11246 0.78903 -0.114113 
1.03645 0.784752 0.274577 
1.03383 0.794026 0.273581 
0.777101 0.780549 0.228662 
0.772579 0.79152 0.225961 
1.17342 0.777304 -0.129749 
1.17152 0.785401 -0.127252 
1.16958 0.793514 -0.124789 
0.913784 0.776989 0.363509 
0.910951 0.787243 0.361401 
0.860063 0.784451 0.125632 
1.20613 0.783714 -0.0694786 
1.20424 0.791696 -0.0675107 
0.80993 0.784052 0.381376 
0.977087 0.77893 0.0232563 
0.972698 0.788138 0.0236448 
1.18392 0.784552 0.0659937 
1.18167 0.792752 0.066925 
0.747419 0.780901 0.352534 
0.743705 0.792564 0.349277 
1.07795 0.784425 -0.0820596 
1.07479 0.793027 -0.0799863 
1.09516 0.778558 0.215249 
1.09261 0.787391 0.214899 
0.751681 0.784318 0.273534 
1.14728 0.782929 -0.130841 
1.14513 0.791156 -0.128298 
0.971077 0.777146 0.330236 
0.968348 0.786926 0.328618 
0.817862 0.779816 0.174212 
0.813144 0.790295 0.172042 
1.19604 0.777094 -0.108241 
1.19422 0.785096 -0.105952 
1.19237 0.793111 -0.103695 
0.856023 0.77672 0.380927 
0.85301 0.787474 0.378384 
0.922663 0.778196 0.0727888 
0.917961 0.787765 0.0722178 
1.20433 0.776946 -0.00450129 
1.20225 0.78498 -0.00300369 
1.20017 0.793031 -0.00154182 
0.77175 0.778308 0.372654 
0.768286 0.789799 0.369537 
1.03416 0.782803 -0.0345777 
1.03037 0.791664 -0.0331821 
1.14435 0.780447 0.147372 
1.14192 0.78893 0.147644 
0.741549 0.780499 0.315995 
0.737518 0.792088 0.312784 
1.1181 0.784789 -0.118317 
1.11557 0.793166 -0.115854 
1.03039 0.777509 0.282763 
1.02774 0.786823 0.281713 
0.781048 0.781288 0.22195 
0.776501 0.792206 0.219299 
1.17497 0.783848 -0.126124 
1.17305 0.791943 -0.123673 
0.903814 0.786023 0.364802 
0.870324 0.77723 0.120194 
0.865518 0.787202 0.11878 
1.20838 0.776788 -0.0643924 
1.20648 0.784758 -0.0624471 
1.20457 0.792744 -0.0605353 
0.806436 0.777244 0.382592 
0.803199 0.788438 0.379701 
0.983386 0.781326 0.0163701 
0.979051 0.790496 0.016869 
1.18067 0.782684 0.0756489 
1.17839 0.790908 0.0765103 
0.746461 0.777573 0.349872 
0.742698 0.789226 0.346624 
1.08374 0.783486 -0.0880492 
1.08067 0.792053 -0.0858985 
1.08764 0.778589 0.224062 
1.08508 0.787477 0.223626 
0.754317 0.784056 0.267515 
1.15062 0.784116 -0.130978 
1.1485 0.792327 -0.128442 
0.961481 0.78247 0.334866 
0.958759 0.792332 0.333155 
0.822371 0.782223 0.167098 
0.817639 0.792653 0.164988 
1.19725 0.781496 -0.103076 
1.19541 0.789497 -0.100838 
0.848806 0.77949 0.381213 
0.845779 0.790311 0.378611 
0.928475 0.781697 0.0660085 
0.9238 0.791228 0.065532 
1.20079 0.784148 0.00598671 
1.19868 0.792213 0.00738289 
0.765598 0.785463 0.368644 
1.04014 0.784238 -0.0412692 
1.03643 0.793064 -0.0397753 
1.13836 0.779581 0.157026 
1.13592 0.788106 0.157216 
0.742722 0.779503 0.310928 
0.73865 0.791059 0.307742 
1.12365 0.780229 -0.122294 
1.12121 0.788574 -0.119786 
1.02153 0.779959 0.289688 
1.01888 0.789343 0.288546 
0.785075 0.782297 0.215147 
0.780504 0.793163 0.212547 
1.17838 0.782055 -0.124781 
1.17649 0.790134 -0.122344 
0.896645 0.785403 0.36775 
0.875861 0.78013 0.113317 
0.87106 0.790056 0.111985 
1.20855 0.777447 -0.0570018 
1.20663 0.785422 -0.0551135 
1.20469 0.793413 -0.0532589 
0.799787 0.781902 0.380655 
0.796539 0.793162 0.377707 
0.989727 0.783543 0.00950501 
0.98545 0.792676 0.0101149 
1.1771 0.780773 0.0853767 
1.1748 0.789022 0.0861674 
0.742012 0.78608 0.343671 
1.08951 0.782053 -0.0938625 
1.08654 0.790586 -0.0916382 
1.07996 0.778747 0.232709 
1.07738 0.787691 0.232185 
0.757182 0.783816 0.261412 
1.15605 0.776699 -0.133539 
1.15401 0.784878 -0.130975 
1.15193 0.793072 -0.128447 
0.954582 0.778304 0.340833 
0.951833 0.788219 0.339066 
0.826997 0.784669 0.160013 
1.20021 0.777503 -0.0999533 
1.19838 0.78549 -0.097734 
1.19653 0.793491 -0.0955468 
0.841625 0.782519 0.381216 
0.838585 0.793408 0.378555 
0.934353 0.785123 0.0592543 
1.19911 0.783165 0.0151099 
1.19698 0.791245 0.0164398 
0.76308 0.781318 0.36753 
0.75956 0.792882 0.364352 
1.04966 0.776741 -0.0495585 
1.04607 0.785506 -0.0478945 
1.1321 0.778903 0.166602 
1.12963 0.787472 0.16671 
0.744086 0.77875 0.305655 
0.739975 0.790272 0.302494 
1.12676 0.783684 -0.123512 
1.12435 0.792015 -0.121005 
1.01253 0.782863 0.296298 
1.00987 0.79232 0.295064 
0.789162 0.783579 0.208265 
1.18174 0.780051 -0.123223 
1.17988 0.788114 -0.120799 
0.889443 0.785388 0.37025 
0.881463 0.783146 0.106493 
0.87667 0.793028 0.105245 
1.20851 0.77778 -0.049314 
1.20656 0.785761 -0.047484 
1.20461 0.793758 -0.0456881 
0.793201 0.786933 0.378392 
0.996086 0.785605 0.00266549 
1.17321 0.77887 0.0951656 
1.17089 0.787147 0.0958843 
0.741641 0.783167 0.340404 
1.09526 0.780123 -0.0994756 
1.09238 0.788622 -0.097182 
1.07211 0.779072 0.241169 
1.06952 0.788074 0.240557 
0.76027 0.783622 0.255223 
1.15945 0.777047 -0.13338 
1.15744 0.78521 -0.130825 
1.15539 0.793388 -0.128305 
0.944879 0.784428 0.344666 
0.836527 0.776854 0.154878 
0.831755 0.787137 0.152968 
1.20127 0.781046 -0.0943629 
1.19943 0.789033 -0.0921952 
0.834495 0.78577 0.380947 
0.944912 0.779014 0.0527103 
0.940311 0.788431 0.052523 
1.19721 0.782023 0.0243507 
1.19505 0.790119 0.0256137 
0.760758 0.777329 0.366195 
0.757186 0.788901 0.363016 
1.05546 0.777828 -0.0562025 
1.05196 0.786558 -0.0544474 
1.12559 0.778389 0.176088 
1.12311 0.787003 0.176111 
0.74564 0.778189 0.300205 
0.74149 0.789676 0.297071 
1.13222 0.778506 -0.127051 
1.1299 0.786805 -0.124505 
1.00608 0.776719 0.303873 
1.0034 0.78622 0.302583 
0.793297 0.78512 0.201316 
1.18505 0.777852 -0.121449 
1.18321 0.785899 -0.119041 
1.18133 0.79396 -0.116666 
0.882212 0.785963 0.372315 
0.887115 0.786282 0.0997198 
1.20824 0.77784 -0.041343 
1.20628 0.785828 -0.0395727 
1.2043 0.793832 -0.0378367 
0.789986 0.781019 0.378809 
0.786673 0.792362 0.3758 
1.00656 0.778513 -0.00506341 
1.00244 0.787538 -0.00414323 
1.16898 0.777033 0.105 
1.16664 0.785339 0.105646 
1.1643 0.793665 0.106254 
0.741575 0.780528 0.336816 
0.737708 0.792191 0.333554 
1.10097 0.777705 -0.104867 
1.09818 0.786171 -0.102508 
1.0641 0.779616 0.249423 
1.0615 0.788678 0.248723 
0.76357 0.783511 0.248944 
1.16288 0.776975 -0.133061 
1.1609 0.785122 -0.130516 
1.15888 0.793283 -0.128005 
0.937901 0.780999 0.349922 
0.935135 0.791055 0.348007 
0.841435 0.779383 0.147812 
0.836654 0.789619 0.14597 
1.20224 0.784109 -0.0885524 
1.20038 0.792096 -0.086437 
0.830538 0.778243 0.383137 
0.827426 0.789225 0.380409 
0.950923 0.782205 0.045898 
0.94636 0.791584 0.0458125 
1.19509 0.780716 0.0336978 
1.19291 0.788829 0.0348936 
0.755037 0.785046 0.361456 
1.06124 0.778644 -0.0627634 
1.05782 0.787341 -0.0609197 
1.11885 0.778009 0.185471 
1.11635 0.786672 0.185409 
0.747385 0.777769 0.294605 
0.743197 0.789219 0.2915 
1.13537 0.781304 -0.127842 
1.13308 0.789589 -0.125301 
0.996834 0.780442 0.309916 
0.994151 0.790019 0.308533 
0.797477 0.786896 0.194315 
1.18648 0.783488 -0.117071 
1.18462 0.791534 -0.114712 
0.874957 0.787096 0.373967 
0.897578 0.779779 0.0939825 
0.892806 0.789533 0.0929942 
1.20776 0.777674 -0.0331095 
1.20576 0.785671 -0.0314001 
1.20376 0.793683 -0.0297255 
0.783521 0.786793 0.375948 
1.01281 0.780375 -0.0119441 
1.00876 0.789363 -0.0109156 
1.16204 0.783649 0.115433 
1.15968 0.792008 0.115966 
0.741794 0.778199 0.33291 
0.73788 0.789838 0.329666 
1.10393 0.783257 -0.107599 
1.10119 0.79171 -0.105231 
1.05593 0.780435 0.257449 
1.05332 0.789559 0.25666 
0.767063 0.783528 0.24257 
1.16438 0.784633 -0.130033 
1.16239 0.792778 -0.127532 
0.930896 0.777985 0.354802 
0.928104 0.788096 0.352832 
0.846485 0.781932 0.140799 
0.841698 0.792119 0.139027 
1.20494 0.7787 -0.0845931 
1.20309 0.786675 -0.0824981 
0.823552 0.781834 0.382387 
0.820428 0.792883 0.379601 
0.957027 0.785211 0.0391026 
1.19273 0.779242 0.0431437 
1.19053 0.787373 0.0442719 
0.753139 0.781301 0.359663 
0.749511 0.792934 0.35643 
1.06699 0.779134 -0.0692301 
1.06366 0.787797 -0.0673005 
1.11191 0.777739 0.194742 
1.10939 0.786451 0.194593 
0.74933 0.777442 0.288878 
0.745105 0.788852 0.285803 
1.13856 0.783755 -0.128457 
1.13631 0.792025 -0.125922 
0.987485 0.784589 0.315612 
0.806382 0.778263 0.189603 
0.801706 0.78887 0.18728 
1.18969 0.780866 -0.11489 
1.18785 0.788896 -0.112548 
0.87064 0.77811 0.377673 
0.867686 0.788737 0.375232 
0.903286 0.783165 0.0872127 
0.89853 0.792878 0.0863127 
1.20704 0.777321 -0.0246384 
1.20502 0.785327 -0.0229913 
1.203 0.793349 -0.0213792 
0.780487 0.781548 0.375838 
0.777111 0.792973 0.372766 
1.01902 0.782144 -0.0187812 
1.01504 0.791096 -0.0176462 
1.15709 0.782121 0.125225 
1.15471 0.790514 0.125681 
0.738318 0.787813 0.32547 
1.10961 0.779912 -0.112444 
1.10696 0.788331 -0.110018 
1.04759 0.781585 0.265227 
1.04497 0.790772 0.264349 
0.770724 0.783717 0.236098 
1.16787 0.783776 -0.129364 
1.16591 0.791903 -0.126874 
0.921047 0.785609 0.357252 
0.851674 0.784513 0.133841 
1.20567 0.780771 -0.0782189 
1.2038 0.788747 -0.0761775 
0.816641 0.785643 0.381357 
0.967684 0.778748 0.0321045 
0.963225 0.788016 0.0323236 
1.19013 0.77761 0.0526831 
1.18791 0.785761 0.0537431 
1.18569 0.793931 0.0547664 
0.751518 0.777664 0.357623 
0.747839 0.789296 0.354394 
1.07274 0.779243 -0.0755881 
1.0695 0.787872 -0.0735754 
1.10478 0.777559 0.203889 
1.10224 0.786323 0.203655 
0.751483 0.777167 0.283041 
0.747222 0.788537 0.279999 
1.14398 0.777601 -0.131484 
1.1418 0.78584 -0.128916 
1.13958 0.794095 -0.126387 
0.980757 0.779444 0.322482 
0.97805 0.789148 0.32095 
0.810688 0.780444 0.182494 
0.805995 0.791002 0.180228 
1.19284 0.778001 -0.112496 
1.19101 0.786016 -0.110172 
1.18916 0.794045 -0.107879 
0.863379 0.780134 0.378637 
0.860411 0.790828 0.376139 
0.913761 0.776985 0.0812017 
0.909027 0.786617 0.0804824 
1.2061 0.776806 -0.0159567 
1.20406 0.784823 -0.0143729 
1.20201 0.792856 -0.0128245 
0.774143 0.788051 0.372403 
1.02517 0.783824 -0.0255692 
1.02127 0.79274 -0.0243298 
1.15181 0.780784 0.135 
1.14941 0.789214 0.135379 
0.738997 0.786119 0.320982 
