0.770938 1.5708 0.0538894 
0.771023 1.57282 0.0533179 
0.77111 1.57485 0.0527466 
0.771199 1.57688 0.0521753 
0.771291 1.5789 0.0516042 
0.827727 1.56409 -0.0615071 
0.827182 1.5756 -0.0645173 
0.903337 1.56857 0.0470385 
0.903774 1.5793 0.0446064 
0.738236 1.56226 0.00171069 
0.738213 1.57486 -0.00195556 
0.910008 1.56437 -0.0370347 
0.909677 1.57504 -0.0394076 
0.818852 1.56713 0.0681331 
0.819449 1.57872 0.0650509 
0.777819 1.56828 -0.0520183 
0.934424 1.56959 0.0158139 
0.749796 1.57219 0.0358528 
0.861767 1.56924 -0.059087 
0.872719 1.57114 0.0604076 
0.745197 1.57364 -0.0255473 
0.930395 1.57187 -0.0190986 
0.786795 1.56922 0.0612857 
0.808641 1.56318 -0.0596093 
0.808102 1.5749 -0.0627597 
0.917597 1.56313 0.0379155 
0.917915 1.57373 0.0355985 
0.739205 1.57013 0.0135438 
0.894041 1.56683 -0.0468943 
0.893644 1.57765 -0.0493967 
0.838514 1.56966 0.0674296 
0.7633 1.56889 -0.0438496 
0.937501 1.57168 0.00281076 
0.760619 1.57032 0.0472297 
0.842369 1.56727 -0.0617679 
0.841849 1.57861 -0.0646698 
0.890733 1.56785 0.0539852 
0.891223 1.57869 0.0514512 
0.739876 1.56953 -0.0110238 
0.920041 1.57058 -0.0303901 
0.804348 1.56329 0.0674338 
0.804905 1.57505 0.0642453 
0.7903 1.56945 -0.0571176 
0.928898 1.57191 0.0245417 
0.743759 1.5659 0.0282841 
0.744003 1.57842 0.0246577 
0.876326 1.56427 -0.0537421 
0.87585 1.57526 -0.0563836 
0.858 1.56679 0.065364 
0.858574 1.57796 0.0625737 
0.751799 1.56723 -0.0328772 
0.93542 1.56347 -0.00808632 
0.935339 1.57391 -0.0102508 
0.774605 1.57066 0.0558378 
0.822692 1.57059 -0.0630607 
0.907145 1.56974 0.0443954 
0.73812 1.56483 0.00441607 
0.738144 1.57743 0.000748883 
0.906324 1.56566 -0.0397309 
0.90598 1.57636 -0.0421341 
0.823883 1.57346 0.0666983 
0.773906 1.57226 -0.0513137 
0.935571 1.56238 0.0142791 
0.935679 1.57281 0.0121135 
0.751891 1.56283 0.0413628 
0.752223 1.57524 0.0377954 
0.85717 1.56691 -0.0595305 
0.856666 1.5781 -0.0623205 
0.877217 1.5701 0.0591139 
0.743718 1.56391 -0.019595 
0.743523 1.57644 -0.02322 
0.928384 1.56417 -0.0203677 
0.928199 1.57467 -0.0225901 
0.791194 1.57383 0.0613455 
0.803869 1.56855 -0.0602651 
0.920701 1.56526 0.0347435 
0.921009 1.57582 0.032453 
0.740028 1.57275 0.0161555 
0.889844 1.56699 -0.0489366 
0.889431 1.57785 -0.0514725 
0.843122 1.56592 0.0679649 
0.843708 1.57725 0.0650619 
0.760094 1.57232 -0.0424595 
0.937457 1.56466 0.00117602 
0.937467 1.57508 -0.000972293 
0.76388 1.5738 0.0485642 
0.837794 1.56336 -0.0611168 
0.837245 1.57475 -0.0640521 
0.894921 1.56815 0.0518441 
0.895395 1.57896 0.0493437 
0.739099 1.57214 -0.00839781 
0.916896 1.57261 -0.0334929 
0.809149 1.56882 0.0666588 
0.785966 1.57398 -0.0569809 
0.930831 1.56428 0.0232287 
0.931032 1.57475 0.021023 
0.74548 1.56872 0.0305815 
0.871837 1.56306 -0.0549274 
0.871341 1.5741 -0.0576035 
0.862616 1.56463 0.0648075 
0.863167 1.57575 0.0620519 
0.749422 1.57024 -0.0308933 
0.934107 1.56665 -0.0117602 
0.934017 1.5771 -0.0139358 
0.778091 1.56265 0.0598517 
0.778579 1.57472 0.0564737 
0.818267 1.56521 -0.06133 
0.817731 1.57682 -0.0644101 
0.910802 1.57115 0.0416153 
0.738234 1.5674 0.00711858 
0.902492 1.56669 -0.0422861 
0.902135 1.57744 -0.0447206 
0.828381 1.56858 0.0680716 
0.770594 1.56393 -0.0470169 
0.770164 1.57611 -0.0504444 
0.936527 1.56568 0.0105358 
0.936627 1.57611 0.00837905 
0.754498 1.56599 0.0431555 
0.754873 1.57837 0.0396071 
0.852568 1.56419 -0.0597078 
0.85204 1.57543 -0.0625321 
0.881658 1.5694 0.0575954 
0.74223 1.56664 -0.0171679 
0.74208 1.57919 -0.0208039 
0.925941 1.56679 -0.0237636 
0.925746 1.57731 -0.0260066 
0.795165 1.56675 0.0644807 
0.795728 1.57862 0.0612262 
0.799202 1.57372 -0.0607321 
0.923593 1.56758 0.0314749 
0.92389 1.57812 0.0292093 
0.740917 1.56284 0.0223598 
0.741082 1.57541 0.0187126 
0.885555 1.56684 -0.0507904 
0.885126 1.57775 -0.0533602 
0.847752 1.56258 0.0682211 
0.848314 1.57385 0.0653519 
0.757448 1.56329 -0.0373973 
0.757093 1.57564 -0.040921 
0.937109 1.56805 -0.00259781 
0.937111 1.57847 -0.00474884 
0.766886 1.56519 0.0532012 
0.76734 1.5774 0.0497425 
0.832677 1.5705 -0.0631538 
0.899001 1.56875 0.0495299 
0.89946 1.57951 0.0470627 
0.738611 1.56214 -0.00207004 
0.738554 1.57474 -0.00573338 
0.913866 1.5638 -0.034144 
0.913557 1.57443 -0.0364853 
0.813482 1.56292 0.0688119 
0.814049 1.57457 0.0656897 
0.782236 1.5663 -0.053327 
0.781773 1.57834 -0.0566699 
0.932701 1.56727 0.0196305 
0.932893 1.57773 0.0174413 
0.747434 1.57161 0.032776 
0.866791 1.57257 -0.0585855 
0.867211 1.56284 0.0639935 
0.867742 1.57392 0.0612727 
0.747272 1.57318 -0.0287902 
0.932498 1.56973 -0.0153848 
0.782188 1.56691 0.0602876 
0.782717 1.57893 0.0569394 
0.813346 1.57114 -0.0624411 
0.913956 1.56216 0.0410561 
0.914293 1.57279 0.0387087 
0.738579 1.56998 0.00980555 
0.898529 1.56747 -0.0446895 
0.898156 1.57825 -0.0471562 
0.832931 1.56406 0.0691674 
0.833511 1.5755 0.0661881 
0.766991 1.56761 -0.0459593 
0.937169 1.56904 0.00677013 
0.937261 1.57946 0.00461928 
0.757325 1.56925 0.0448086 
0.847417 1.57236 -0.0624713 
0.88603 1.56904 0.0558644 
0.740974 1.56932 -0.0146649 
0.923256 1.56923 -0.0270744 
0.799782 1.57178 0.0641453 
0.795142 1.56681 -0.0577647 
0.794648 1.57869 -0.0610138 
0.926256 1.57008 0.028118 
0.742157 1.56555 0.0248412 
0.742368 1.5781 0.0212031 
0.881189 1.56637 -0.0524434 
0.880741 1.57732 -0.0550474 
0.852933 1.57086 0.0653657 
0.754617 1.56649 -0.0356948 
0.754304 1.57887 -0.0392392 
0.936441 1.57139 -0.00635303 
0.770496 1.56895 0.0541932 
0.828154 1.56586 -0.0619759 
0.827619 1.57736 -0.0649833 
0.902958 1.56962 0.0470548 
0.73825 1.56471 0.000623046 
0.738239 1.57731 -0.00304305 
0.910361 1.56536 -0.0369881 
0.910038 1.57603 -0.0393584 
0.818431 1.56897 0.0676084 
0.778154 1.57045 -0.0528146 
0.934285 1.57037 0.0159797 
0.749318 1.56211 0.0384438 
0.749618 1.57456 0.0348577 
0.862211 1.57067 -0.0593189 
0.872285 1.57247 0.0602455 
0.745579 1.56354 -0.0229654 
0.745351 1.57604 -0.0265766 
0.930771 1.56221 -0.0167495 
0.930603 1.57269 -0.0189519 
0.786438 1.57132 0.0605497 
0.809043 1.56511 -0.0602071 
0.808515 1.57683 -0.0633548 
0.917278 1.56406 0.0380044 
0.917604 1.57465 0.0356851 
0.739155 1.57257 0.0124644 
0.894446 1.56796 -0.04693 
0.894058 1.57878 -0.0494295 
0.838078 1.57132 0.0670375 
0.763575 1.57117 -0.0447444 
0.937491 1.57243 0.00299104 
0.760365 1.57261 0.0463159 
0.84281 1.56889 -0.0621336 
0.890321 1.569 0.0539336 
0.739951 1.57197 -0.0120975 
0.920343 1.57149 -0.0302925 
0.803945 1.56525 0.066815 
0.804514 1.57701 0.0636239 
0.790671 1.57154 -0.0578318 
0.928459 1.56225 0.0269071 
0.928676 1.57274 0.0246809 
0.743631 1.56831 0.0272428 
0.876757 1.56556 -0.053883 
0.87629 1.57655 -0.0565215 
0.857556 1.56825 0.0651074 
0.858139 1.57943 0.0623143 
0.752003 1.56959 -0.0338567 
0.935533 1.56424 -0.00791683 
0.935459 1.57468 -0.0100805 
0.774288 1.57285 0.0550208 
0.82312 1.57239 -0.0635601 
0.906781 1.57075 0.0444306 
0.738119 1.56728 0.0033277 
0.906692 1.56668 -0.0397023 
0.906356 1.57738 -0.0421028 
0.822886 1.56372 0.0692571 
0.823463 1.57526 0.0662037 
0.77469 1.56233 -0.0487367 
0.774231 1.57446 -0.0521344 
0.935457 1.56315 0.0144512 
0.935573 1.57358 0.0122848 
0.751685 1.56518 0.0403867 
0.752029 1.57759 0.0368179 
0.857613 1.56839 -0.0597947 
0.876786 1.57138 0.0589807 
0.743844 1.56632 -0.0206384 
0.743661 1.57885 -0.0242624 
0.928612 1.56501 -0.0202324 
0.928435 1.5755 -0.022453 
0.790297 1.56398 0.0639258 
0.790831 1.5759 0.0606358 
0.804268 1.57053 -0.0608914 
0.920404 1.56616 0.0348462 
0.920719 1.57672 0.0325536 
0.739831 1.56261 0.0187376 
0.739962 1.57519 0.0150825 
0.890257 1.56816 -0.0489957 
0.889854 1.57902 -0.0515286 
0.842679 1.56753 0.0676069 
0.843276 1.57886 0.064701 
0.760741 1.56231 -0.0398764 
0.760356 1.57462 -0.0433759 
0.937474 1.56541 0.00135603 
0.937491 1.57583 -0.00079216 
0.763189 1.56381 0.0511577 
0.763614 1.57607 0.0476722 
0.838228 1.56503 -0.0615166 
0.83769 1.57642 -0.064449 
0.894518 1.56927 0.0518156 
0.739159 1.57459 -0.00947773 
0.917509 1.56294 -0.0310984 
0.917219 1.57355 -0.0334097 
0.808744 1.57074 0.0660686 
0.786821 1.56411 -0.0544117 
0.786331 1.57609 -0.0577212 
0.93063 1.56509 0.0233788 
0.930838 1.57556 0.0211716 
0.745337 1.57112 0.0295535 
0.872271 1.5644 -0.0550972 
0.871784 1.57543 -0.0577704 
0.862171 1.56604 0.0645832 
0.862732 1.57717 0.0618246 
0.749611 1.57261 -0.0318902 
0.934252 1.56744 -0.0115968 
0.93417 1.57789 -0.0137713 
0.777753 1.56481 0.0590615 
0.778254 1.57689 0.0556812 
0.818684 1.56706 -0.0618625 
0.81816 1.57867 -0.0649399 
0.910453 1.57213 0.0416681 
0.738218 1.56985 0.00603123 
0.902875 1.56775 -0.0422767 
0.902525 1.57849 -0.0447085 
0.827951 1.57033 0.0676105 
0.770897 1.56616 -0.0478634 
0.770478 1.57834 -0.0512888 
0.936446 1.56644 0.0107119 
0.936554 1.57687 0.00855452 
0.754277 1.56832 0.0421982 
0.853009 1.56571 -0.0600051 
0.85249 1.57695 -0.0628264 
0.881232 1.57064 0.0574898 
0.742341 1.56906 -0.0182227 
0.926195 1.56764 -0.0236392 
0.926008 1.57816 -0.0258803 
0.794784 1.56879 0.0638003 
0.80012 1.56391 -0.0581736 
0.799597 1.57573 -0.0613863 
0.923318 1.56845 0.0315904 
0.923623 1.57899 0.0293228 
0.740824 1.56527 0.0212956 
0.741001 1.57784 0.0176478 
0.885977 1.56805 -0.0508743 
0.885556 1.57895 -0.0534411 
0.847305 1.56414 0.0678969 
0.847877 1.57542 0.0650248 
0.757685 1.56561 -0.0383362 
0.757342 1.57796 -0.0418581 
0.93716 1.5688 -0.00241957 
0.937169 1.57922 -0.00457017 
0.766595 1.56743 0.0523338 
0.833115 1.57221 -0.0635848 
0.898609 1.56983 0.0495232 
0.738644 1.56458 -0.00315478 
0.738599 1.57718 -0.00681783 
0.914201 1.56476 -0.0340787 
0.913899 1.57539 -0.0364175 
0.813065 1.5648 0.0682536 
0.813643 1.57646 0.0651286 
0.782582 1.56844 -0.0540952 
0.932529 1.56806 0.0197885 
0.932728 1.57852 0.0175981 
0.747275 1.57399 0.0317626 
0.867744 1.56287 -0.0560747 
0.867236 1.57395 -0.0587825 
0.866767 1.56421 0.0638005 
0.867307 1.57529 0.0610767 
0.747706 1.56308 -0.0262077 
0.747445 1.57556 -0.0298031 
0.932674 1.57053 -0.0152287 
0.781842 1.56904 0.0595226 
0.813763 1.57303 -0.0630034 
0.913617 1.56311 0.0411278 
0.913962 1.57374 0.0387779 
0.738548 1.57242 0.00872096 
0.898923 1.56856 -0.0447007 
0.898559 1.57933 -0.0471645 
0.832493 1.56577 0.0687401 
0.833084 1.57721 0.065758 
0.767282 1.56986 -0.046829 
0.937122 1.56979 0.00694885 
0.75709 1.57156 0.0438712 
0.848408 1.56264 -0.0599437 
0.847864 1.57392 -0.0627992 
0.88561 1.57024 0.055785 
0.741069 1.57175 -0.0157295 
0.923534 1.57011 -0.0269621 
0.799397 1.57378 0.0634922 
0.795522 1.56885 -0.0584488 
0.926006 1.57093 0.0282452 
0.742049 1.56797 0.0237869 
0.881616 1.56761 -0.0525534 
0.881178 1.57856 -0.0551544 
0.852492 1.57237 0.0650721 
0.754839 1.56882 -0.0366534 
0.936526 1.57215 -0.00617785 
0.770194 1.57117 0.0533491 
0.828583 1.56762 -0.0624408 
0.828059 1.57912 -0.0654453 
0.902579 1.57067 0.0470685 
0.738268 1.56716 -0.000464393 
0.910713 1.56635 -0.0369395 
0.910399 1.57701 -0.0393072 
0.818013 1.57081 0.0670797 
0.778491 1.57262 -0.0536078 
0.934144 1.57116 0.0161445 
0.749131 1.56448 0.0374479 
0.749443 1.57693 0.0338605 
0.862657 1.5721 -0.0595472 
0.871332 1.56276 0.0627686 
0.871852 1.5738 0.0600797 
0.745725 1.56594 -0.0239942 
0.745509 1.57844 -0.0276043 
0.930968 1.56302 -0.0166032 
0.930808 1.5735 -0.0188041 
0.786084 1.57343 0.0598104 
0.809447 1.56705 -0.0608013 
0.80893 1.57876 -0.0639462 
0.916958 1.56498 0.0380913 
0.917292 1.57558 0.0357696 
0.739012 1.56242 0.0150452 
0.739109 1.57502 0.0113843 
0.894851 1.56908 -0.0469631 
0.837643 1.57298 0.0666413 
0.763854 1.57344 -0.0456365 
0.937446 1.56276 0.00531992 
0.937478 1.57318 0.0031711 
0.759722 1.56259 0.04891 
0.760116 1.5749 0.0453993 
0.843252 1.57051 -0.0624954 
0.889909 1.57016 0.0538789 
0.740031 1.5744 -0.0131703 
0.920645 1.57239 -0.0301933 
0.803545 1.56721 0.0661925 
0.804126 1.57898 0.0629987 
0.791046 1.57361 -0.0585426 
0.928228 1.56308 0.0270467 
0.928452 1.57358 0.0248187 
0.743507 1.57072 0.0262 
0.877189 1.56685 -0.0540205 
0.876731 1.57783 -0.0566561 
0.857113 1.56972 0.0648469 
0.75221 1.57194 -0.034834 
0.935644 1.56501 -0.00774684 
0.935577 1.57545 -0.00990968 
0.773504 1.56291 0.0576117 
0.773976 1.57505 0.0542006 
0.824105 1.56265 -0.061019 
0.823551 1.5742 -0.0640558 
0.906416 1.57177 0.0444633 
0.738122 1.56973 0.00223931 
0.90706 1.5677 -0.0396716 
0.906732 1.5784 -0.0420694 
0.822457 1.56551 0.0687614 
0.823046 1.57706 0.0657052 
0.775006 1.56453 -0.0495564 
0.77456 1.57666 -0.0529519 
0.935341 1.56392 0.0146226 
0.935463 1.57435 0.0124553 
0.751483 1.56753 0.0394082 
0.858058 1.56986 -0.0600552 
0.876356 1.57266 0.0588439 
0.743974 1.56873 -0.0216802 
0.928838 1.56584 -0.0200958 
0.928668 1.57634 -0.0223148 
0.789925 1.56605 0.0632151 
0.790471 1.57798 0.0599227 
0.804669 1.5725 -0.0615141 
0.920105 1.56706 0.0349471 
0.920428 1.57763 0.0326523 
0.739758 1.56505 0.0176642 
0.739901 1.57763 0.0140087 
0.890671 1.56932 -0.049052 
