1.04169 0.781962 0.00533868 
1.03802 0.790857 0.00633633 
1.08008 0.781528 0.184252 
1.07732 0.790436 0.184015 
0.814996 0.784611 0.251121 
1.12034 0.78194 -0.0421022 
1.11758 0.790388 -0.0403744 
0.961693 0.777905 0.293135 
0.958696 0.787717 0.291631 
0.882131 0.786651 0.150625 
1.15699 0.782984 -0.000229812 
1.15454 0.791283 0.00117368 
0.857706 0.781814 0.32343 
0.854347 0.792471 0.321086 
0.996829 0.778449 0.047162 
0.992758 0.787625 0.0474776 
1.12171 0.779763 0.123967 
1.11906 0.788363 0.124322 
0.809338 0.781979 0.286598 
0.805452 0.792932 0.284008 
1.09135 0.782309 -0.0328424 
1.08825 0.790912 -0.0312626 
1.01316 0.782519 0.253397 
1.01028 0.791931 0.252391 
0.845879 0.784798 0.195754 
1.14886 0.777479 -0.0303104 
1.14635 0.785789 -0.0286423 
1.14383 0.794121 -0.0270188 
0.896854 0.784138 0.319088 
0.944331 0.78429 0.0920216 
0.939985 0.793833 0.0914941 
1.14817 0.780763 0.0636345 
1.14563 0.789162 0.0645163 
0.82042 0.781545 0.310734 
0.816771 0.792474 0.308158 
1.05337 0.785398 -0.00553567 
1.06657 0.777109 0.202163 
1.06377 0.786113 0.201761 
0.822023 0.780171 0.239667 
0.817842 0.790877 0.237331 
1.1291 0.778141 -0.0422931 
1.12643 0.786542 -0.0405393 
0.943242 0.786451 0.300708 
0.899609 0.777752 0.137739 
0.895162 0.787642 0.136529 
1.15749 0.782311 0.0124205 
1.15503 0.790617 0.0137229 
0.845973 0.785091 0.321494 
1.01226 0.777453 0.0333843 
1.00831 0.786528 0.0339455 
1.10957 0.782006 0.143104 
1.10689 0.790698 0.14327 
0.808509 0.784927 0.276069 
1.1001 0.785201 -0.037054 
1.09711 0.793759 -0.0354228 
0.996239 0.783701 0.266942 
0.993331 0.793246 0.265762 
0.856628 0.783942 0.182063 
1.1515 0.783022 -0.0221437 
1.14901 0.791331 -0.020562 
0.884234 0.782261 0.322012 
0.88101 0.792705 0.319859 
0.959417 0.785276 0.078078 
1.14093 0.783034 0.0820964 
1.13836 0.791491 0.0828104 
0.815638 0.78011 0.304942 
0.81191 0.79106 0.302352 
1.06852 0.778123 -0.0166976 
1.06514 0.786853 -0.0153359 
1.04926 0.782653 0.218919 
1.04644 0.791791 0.218309 
0.830092 0.776692 0.227416 
0.825843 0.787292 0.225197 
1.13511 0.780958 -0.039596 
1.13249 0.789333 -0.0378702 
0.930628 0.777583 0.309552 
0.927551 0.787644 0.307775 
0.913239 0.77912 0.12348 
0.908806 0.788897 0.122475 
1.15699 0.779883 0.0265036 
1.15451 0.788202 0.0276994 
0.838246 0.779051 0.320551 
0.834745 0.789854 0.318084 
1.02379 0.784387 0.0206939 
1.01995 0.793395 0.0214218 
1.09599 0.784842 0.161894 
1.09328 0.793635 0.161866 
0.812932 0.778175 0.266832 
0.808892 0.789029 0.264342 
1.1118 0.777353 -0.0416477 
1.10894 0.785841 -0.0399201 
0.981696 0.77732 0.280119 
0.978739 0.786973 0.278803 
0.868125 0.783804 0.168125 
0.86371 0.793984 0.166449 
1.15611 0.77837 -0.014231 
1.15365 0.786657 -0.0126963 
0.87179 0.782139 0.323337 
0.868507 0.792684 0.321092 
0.974761 0.785804 0.0642044 
1.13217 0.784942 0.101003 
1.12957 0.793467 0.101543 
0.812042 0.780108 0.297589 
0.808241 0.791066 0.294993 
1.0802 0.777501 -0.0254658 
1.07696 0.786163 -0.0239723 
1.0339 0.780284 0.235268 
1.03104 0.789535 0.234487 
0.834785 0.784612 0.212426 
1.14097 0.782065 -0.035793 
1.13841 0.790415 -0.0340993 
0.914823 0.781122 0.314689 
0.911712 0.791315 0.312776 
0.927403 0.780571 0.109298 
0.923 0.790238 0.10851 
1.15283 0.784279 0.0430225 
1.15033 0.792638 0.0440639 
0.827718 0.785238 0.315689 
1.03915 0.780956 0.00785562 
1.03545 0.789866 0.00881871 
1.08385 0.779552 0.180324 
1.08109 0.788431 0.180137 
0.814511 0.783341 0.254047 
1.1178 0.78437 -0.0415277 
1.11501 0.792834 -0.0398176 
0.963721 0.782806 0.290218 
0.960747 0.792606 0.288725 
0.880339 0.784273 0.15404 
1.15761 0.780038 -0.00330852 
1.15515 0.788328 -0.00186893 
0.8596 0.783611 0.323157 
0.990251 0.785718 0.0504204 
1.1245 0.778268 0.119694 
1.12185 0.786847 0.120094 
0.809689 0.781488 0.288733 
0.805819 0.792443 0.286141 
1.08877 0.783241 -0.0313849 
1.08564 0.791859 -0.0298301 
1.01778 0.779296 0.250551 
1.0149 0.78867 0.249597 
0.844582 0.782798 0.199151 
0.840244 0.793224 0.19714 
1.14658 0.781475 -0.0308286 
1.14406 0.7898 -0.0291713 
0.902125 0.776762 0.319786 
0.898949 0.787054 0.31778 
0.942028 0.781926 0.0952064 
0.937669 0.791484 0.0946452 
1.14987 0.779144 0.0595531 
1.14734 0.787528 0.0604761 
0.821623 0.782042 0.311797 
0.817991 0.792965 0.309225 
1.0508 0.784798 -0.00324043 
1.04724 0.793639 -0.00212203 
1.06779 0.783909 0.198043 
1.06501 0.792909 0.197651 
0.82131 0.778704 0.242765 
0.817139 0.789421 0.240417 
1.12661 0.780962 -0.0419616 
1.12391 0.789378 -0.0402236 
0.948355 0.780945 0.299797 
0.945339 0.790866 0.298168 
0.893228 0.785208 0.139901 
1.15831 0.779772 0.0090576 
1.15585 0.788068 0.0103972 
0.847762 0.786585 0.321521 
1.00578 0.784843 0.0367882 
1.00179 0.793967 0.037236 
1.11269 0.780399 0.138901 
1.11001 0.789066 0.139114 
0.808589 0.784166 0.278489 
1.10051 0.778084 -0.037554 
1.09752 0.786632 -0.0358897 
1.001 0.780016 0.264489 
0.998093 0.78952 0.263361 
0.855172 0.781798 0.185494 
0.850791 0.792108 0.183634 
1.15181 0.779121 -0.0245998 
1.14932 0.787423 -0.0229838 
0.886285 0.784788 0.32105 
0.957029 0.783015 0.0811949 
0.952732 0.792465 0.0808694 
1.14297 0.781536 0.0779048 
1.1404 0.789977 0.0786612 
0.816591 0.78029 0.30635 
0.812881 0.791236 0.303761 
1.06596 0.777959 -0.0146162 
1.06256 0.786704 -0.0132848 
1.05349 0.780208 0.215404 
1.05067 0.789312 0.214845 
0.824935 0.785654 0.228418 
1.13265 0.784154 -0.0395174 
1.13001 0.792544 -0.037806 
0.93273 0.781522 0.307389 
0.929675 0.791571 0.305624 
0.906741 0.786445 0.125789 
1.15804 0.777707 0.0228673 
1.15557 0.786015 0.0241015 
0.839882 0.780248 0.320879 
0.8364 0.791041 0.31842 
1.02125 0.782973 0.0234108 
1.01739 0.791996 0.0241024 
1.09942 0.783077 0.157809 
1.09671 0.791844 0.157829 
0.812739 0.777165 0.269507 
0.808711 0.788027 0.26701 
1.10926 0.779242 -0.0407419 
1.10637 0.787745 -0.0390343 
0.983632 0.782757 0.276802 
0.980698 0.7924 0.275498 
0.866515 0.781536 0.171566 
0.862102 0.791731 0.169868 
1.15407 0.783182 -0.015412 
1.1516 0.791483 -0.0138854 
0.873783 0.784319 0.322696 
0.972308 0.783679 0.0672522 
0.968089 0.793024 0.0671691 
1.13455 0.783484 0.096757 
1.13195 0.791991 0.0973406 
0.812729 0.779977 0.299336 
0.808944 0.790934 0.29674 
1.07764 0.777819 -0.0236486 
1.07437 0.786495 -0.0221829 
1.03831 0.777537 0.23201 
1.03546 0.786754 0.23128 
0.833693 0.782804 0.215746 
0.829415 0.793357 0.21358 
1.14114 0.777277 -0.0377005 
1.13858 0.785621 -0.0359736 
1.136 0.793985 -0.0342927 
0.916935 0.78458 0.312921 
0.925227 0.778125 0.112575 
0.920815 0.787807 0.111755 
1.15416 0.782393 0.0391774 
1.15167 0.79074 0.0402584 
0.829188 0.786119 0.316342 
1.03661 0.779869 0.010418 
1.03289 0.788793 0.0113462 
1.08756 0.777625 0.17635 
1.08481 0.786476 0.176212 
0.814075 0.782115 0.256932 
0.809993 0.792941 0.25447 
1.11804 0.778257 -0.0426451 
1.11525 0.786713 -0.0409021 
0.968727 0.778046 0.28867 
0.965746 0.787802 0.28723 
0.878579 0.781909 0.157466 
0.874145 0.791987 0.155942 
1.15818 0.777002 -0.00633727 
1.15573 0.785284 -0.0048618 
1.15327 0.793587 -0.00342903 
0.861517 0.785473 0.322821 
0.987754 0.783765 0.0533905 
0.98363 0.793006 0.0535539 
1.12721 0.776794 0.115407 
1.12457 0.785352 0.115852 
1.12195 0.793934 0.116257 
0.810102 0.78106 0.290801 
0.806246 0.792017 0.288207 
1.08619 0.784066 -0.0298672 
1.08303 0.7927 -0.0283382 
1.01948 0.785515 0.246707 
0.84332 0.780829 0.20254 
0.838988 0.791269 0.200512 
1.14679 0.777077 -0.0329778 
1.14427 0.785395 -0.031287 
1.14174 0.793735 -0.0296411 
0.904211 0.77978 0.318391 
0.901056 0.790058 0.316395 
0.939748 0.77954 0.0984138 
0.935378 0.789113 0.0978191 
1.1515 0.777489 0.0554977 
1.14898 0.78586 0.0564616 
0.822876 0.782609 0.312784 
0.819262 0.793526 0.310217 
1.04824 0.784105 -0.000894386 
1.04465 0.792961 0.000190626 
1.07175 0.781762 0.194268 
1.06897 0.790732 0.193927 
0.820643 0.777276 0.245831 
0.816482 0.788004 0.243471 
1.12409 0.783704 -0.041581 
1.12137 0.792136 -0.0398592 
0.95043 0.785474 0.297167 
0.891326 0.78278 0.143291 
0.886883 0.792744 0.141954 
1.15907 0.77715 0.00574397 
1.15662 0.785437 0.00712044 
1.15415 0.793746 0.00845455 
0.852991 0.777456 0.323849 
0.84958 0.788143 0.321483 
1.00326 0.783102 0.0396631 
0.999242 0.792241 0.0400739 
1.11574 0.778824 0.134672 
1.11307 0.787468 0.134932 
0.808728 0.783462 0.280849 
1.09795 0.779395 -0.0363086 
1.09492 0.787959 -0.0346671 
1.00283 0.785917 0.26085 
0.85375 0.779681 0.188925 
0.849373 0.790006 0.187045 
1.14961 0.783426 -0.0253636 
1.14711 0.791742 -0.0237574 
0.891568 0.777016 0.322104 
0.888351 0.787393 0.320016 
0.954661 0.780725 0.0843344 
0.95035 0.79019 0.0839739 
1.14492 0.780021 0.0737274 
1.14237 0.788446 0.074526 
0.817601 0.78054 0.307681 
0.813908 0.791482 0.305096 
1.06341 0.777693 -0.0124789 
1.05998 0.786453 -0.0111783 
1.05767 0.777831 0.211823 
1.05485 0.786902 0.211315 
0.824068 0.784053 0.231615 
1.13281 0.778893 -0.0411341 
1.13017 0.787277 -0.0393897 
0.934837 0.785564 0.305145 
0.904705 0.78399 0.129123 
0.90027 0.793841 0.127985 
1.15657 0.783757 0.0205484 
1.1541 0.792076 0.0217785 
0.841554 0.781512 0.32114 
0.838091 0.792294 0.318688 
1.01872 0.781492 0.0261658 
1.01483 0.79053 0.026821 
1.10279 0.781353 0.153688 
1.10008 0.790094 0.153756 
0.808587 0.787075 0.269627 
1.1067 0.781034 -0.0397804 
1.10378 0.789552 -0.0380933 
0.9885 0.778679 0.274679 
0.985561 0.788279 0.273428 
0.864938 0.779291 0.175012 
0.860527 0.7895 0.173292 
1.15447 0.779615 -0.0180808 
1.152 0.787909 -0.0165195 
0.875795 0.786569 0.321989 
0.969871 0.781519 0.0703236 
0.965635 0.790879 0.0702043 
1.13685 0.782028 0.0925126 
1.13426 0.790516 0.0931398 
0.813476 0.779914 0.301009 
0.809706 0.790869 0.298414 
1.07508 0.778029 -0.0217721 
1.07178 0.78672 -0.0203348 
1.03984 0.784057 0.227995 
1.03701 0.793266 0.227277 
0.832638 0.781029 0.219051 
0.828368 0.791596 0.21687 
1.13875 0.780746 -0.0378158 
1.13616 0.789104 -0.0361017 
0.922157 0.778007 0.312919 
0.919056 0.788137 0.311071 
0.918657 0.785365 0.115022 
1.15543 0.780452 0.0353701 
1.15294 0.788786 0.0364904 
0.830701 0.787069 0.316924 
1.03408 0.778701 0.0130246 
1.03033 0.78764 0.0139177 
1.08846 0.784568 0.172242 
1.08573 0.793417 0.172113 
0.813691 0.780935 0.259775 
0.809621 0.791769 0.257304 
1.1155 0.780495 -0.0419496 
1.11268 0.788966 -0.0402249 
0.970726 0.783147 0.285601 
0.967769 0.792892 0.284174 
0.876851 0.77956 0.160903 
0.872417 0.789654 0.159355 
1.15627 0.782149 -0.00780509 
1.15381 0.790444 -0.00633666 
0.866793 0.776824 0.324689 
0.863458 0.787401 0.32242 
0.98527 0.781768 0.0563871 
0.981126 0.791024 0.0565136 
1.12722 0.783874 0.111599 
1.1246 0.792436 0.112048 
0.810574 0.780696 0.292801 
0.806733 0.791654 0.290206 
1.0836 0.784783 -0.0282894 
1.08041 0.793432 -0.0267868 
1.02403 0.782461 0.243725 
1.02117 0.79179 0.242835 
0.842093 0.778891 0.205921 
0.837767 0.789345 0.203875 
1.14448 0.780908 -0.0333668 
1.14194 0.789241 -0.0316873 
0.906308 0.782888 0.316917 
0.903175 0.793153 0.314933 
0.937492 0.777135 0.101644 
0.933111 0.786723 0.101016 
1.15054 0.784152 0.0524753 
1.14803 0.792531 0.0534379 
0.82418 0.783245 0.313697 
1.04568 0.783321 0.00150135 
1.04206 0.792193 0.00255261 
1.07566 0.779671 0.19044 
1.07288 0.78861 0.190149 
0.815871 0.786628 0.246492 
1.12429 0.777941 -0.0429058 
1.12156 0.786366 -0.0411511 
0.955508 0.780239 0.296025 
0.952506 0.790103 0.294461 
0.889454 0.780359 0.146696 
0.885009 0.790339 0.145333 
1.15734 0.782722 0.00389325 
1.15488 0.791022 0.005264 
0.854818 0.77909 0.323739 
0.851427 0.789766 0.321382 
1.00074 0.781308 0.0425691 
0.996708 0.790461 0.0429428 
1.11871 0.777279 0.13042 
1.11605 0.7859 0.130726 
0.808926 0.782817 0.283149 
0.805019 0.793765 0.280564 
1.09538 0.780601 -0.0350037 
1.09233 0.789181 -0.0333857 
1.00753 0.782432 0.258233 
1.00464 0.791888 0.257169 
0.852362 0.777591 0.192353 
0.847989 0.787931 0.190454 
1.14988 0.779343 -0.0277024 
1.14738 0.787652 -0.0260622 
0.893628 0.779715 0.320987 
0.890432 0.79008 0.31891 
0.952313 0.778408 0.0874965 
0.947988 0.787889 0.0871012 
1.14681 0.778485 0.0695669 
1.14426 0.786895 0.0704075 
0.818667 0.78086 0.308937 
0.81499 0.791797 0.306355 
1.06087 0.777328 -0.0102867 
1.0574 0.786102 -0.00901736 
1.05899 0.78456 0.207721 
1.0562 0.793626 0.207223 
0.823243 0.782489 0.234786 
0.819047 0.793177 0.232469 
1.13034 0.781926 -0.0409428 
1.12767 0.790325 -0.0392132 
0.939991 0.779721 0.30452 
0.936948 0.789709 0.30282 
0.902699 0.781535 0.132477 
0.898258 0.791401 0.13131 
1.15751 0.781426 0.0170416 
1.15505 0.789735 0.0183094 
0.84326 0.782841 0.321334 
0.839817 0.793613 0.31889 
1.0162 0.779947 0.0289575 
1.01228 0.788999 0.0295762 
1.10608 0.779669 0.149533 
1.10339 0.788384 0.149649 
0.808518 0.786175 0.272191 
1.10413 0.782726 -0.0387625 
1.10118 0.79126 -0.0370967 
0.990399 0.784292 0.271238 
0.987483 0.793883 0.269998 
0.863394 0.777068 0.178461 
0.858985 0.787292 0.17672 
1.15237 0.784244 -0.0191077 
1.14989 0.792551 -0.0175551 
0.881081 0.778426 0.323383 
0.877825 0.788891 0.321214 
0.967451 0.779325 0.0734183 
0.963199 0.788699 0.073263 
1.13907 0.780568 0.0882725 
1.13649 0.789038 0.088943 
0.814281 0.779918 0.302608 
0.810528 0.790872 0.300015 
1.07252 0.778133 -0.019837 
1.06919 0.786839 -0.0184287 
1.04418 0.78144 0.224633 
1.04134 0.790616 0.223966 
0.83162 0.779289 0.222338 
0.827358 0.789869 0.220142 
1.13632 0.784143 -0.0378793 
1.13372 0.792516 -0.0361787 
0.924264 0.781676 0.310976 
0.921185 0.791794 0.30914 
0.916526 0.782914 0.118312 
0.912104 0.792668 0.117354 
1.15663 0.77845 0.0316027 
1.15415 0.786774 0.0327619 
0.835787 0.777269 0.319913 
0.832256 0.788086 0.317435 
1.03155 0.777458 0.015674 
1.02777 0.786411 0.0165318 
1.09205 0.782708 0.16823 
1.08932 0.791528 0.168149 
0.81336 0.779801 0.262573 
0.809301 0.790643 0.260094 
1.11295 0.782642 -0.0412013 
1.11011 0.791129 -0.0394956 
0.975686 0.778638 0.283842 
0.972722 0.788339 0.282467 
0.875156 0.777228 0.164349 
0.870722 0.787337 0.162778 
1.15677 0.778922 -0.0106991 
1.15432 0.787209 -0.00919522 
0.868735 0.77883 0.324215 
0.86542 0.789395 0.321956 
0.982799 0.77973 0.0594093 
0.978635 0.789 0.059499 
1.12979 0.78241 0.107337 
1.12717 0.790952 0.107831 
0.811107 0.780396 0.294731 
0.807282 0.791355 0.292136 
1.08421 0.776754 -0.0281877 
1.08101 0.785392 -0.0266516 
1.0778 0.794056 -0.0251761 
1.02855 0.779505 0.240653 
1.02568 0.788797 0.239814 
0.840901 0.776985 0.209291 
0.836581 0.787453 0.207229 
1.14213 0.784665 -0.0336988 
1.13958 0.793013 -0.0320313 
0.908416 0.78609 0.315365 
0.930868 0.784315 0.104236 
0.92648 0.793958 0.103498 
1.15204 0.782401 0.0485195 
1.14953 0.790768 0.0495224 
0.825532 0.783952 0.314537 
1.04313 0.782449 0.00394561 
1.03948 0.791335 0.00496279 
1.07951 0.777634 0.18656 
1.07674 0.786543 0.186319 
0.815308 0.785293 0.249478 
1.12177 0.780505 -0.0424096 
1.11902 0.788945 -0.0406718 
0.957561 0.784979 0.293232 
0.887613 0.777949 0.150115 
0.883167 0.787943 0.148726 
1.15802 0.77992 0.000715951 
1.15556 0.788211 0.00212314 
0.856672 0.780789 0.323565 
0.853301 0.791452 0.321217 
0.998242 0.779463 0.0455049 
0.994184 0.788631 0.0458416 
1.11896 0.784361 0.1265 
1.11631 0.792984 0.126811 
0.809184 0.782232 0.285385 
0.805291 0.793183 0.282797 
1.09281 0.781702 -0.0336392 
1.08972 0.790296 -0.0320453 
1.0122 0.779062 0.255513 
1.00931 0.788479 0.254501 
0.846638 0.785885 0.193859 
1.14763 0.783475 -0.0283272 
1.14512 0.791798 -0.0266974 
0.895702 0.782499 0.319796 
0.892528 0.792849 0.31773 
0.945649 0.785561 0.0902512 
1.14862 0.776923 0.0654261 
1.14608 0.785318 0.0663084 
1.14354 0.793735 0.0671489 
0.819787 0.781249 0.310118 
0.816127 0.792181 0.307539 
