1.15959 0.00615314 -0.218808 
1.27423 0.00546123 0.0394654 
1.16372 0.00191514 0.185186 
1.17704 0.00383911 -0.269561 
1.22279 0.00581142 0.227136 
1.18179 0.00175478 -0.022031 
1.24047 0.00132012 -0.185483 
1.16372 0.00408824 0.280827 
1.16121 0.00784235 -0.209337 
1.27514 0.0029883 0.0228037 
1.16176 0.00226411 0.196335 
1.17409 0.00520132 -0.270196 
1.22762 0.00588172 0.218374 
1.18209 0.00752192 -0.00425512 
1.23615 0.00261867 -0.195451 
1.1664 0.0043638 0.281282 
1.161 0.000974795 -0.202099 
1.27551 0.000550647 0.006089 
1.27543 0.00807795 0.00888493 
1.15982 0.00299859 0.20701 
1.17124 0.00607125 -0.270395 
1.23228 0.00652953 0.209086 
1.182 0.00526415 0.01032 
1.23165 0.00336365 -0.204908 
1.1692 0.00515457 0.281276 
1.16283 0.0018045 -0.191642 
1.27542 0.00564005 -0.0078347 
1.15793 0.004147 0.217186 
1.16852 0.00643519 -0.270146 
1.23835 3.84527e-05 0.196696 
1.23675 0.00773715 0.199279 
1.1817 0.00301818 0.0248843 
1.22697 0.0035351 -0.213846 
1.17212 0.00644566 0.280822 
1.16469 0.00224248 -0.180703 
1.27487 0.00316807 -0.0245163 
1.15612 0.00573764 0.22684 
1.16594 0.00627776 -0.269432 
1.24256 0.00180131 0.186368 
1.18122 0.000815528 0.0393952 
1.22214 0.00312025 -0.222262 
1.17745 0.00020625 0.27755 
1.17513 0.00822484 0.27993 
1.16656 0.00231697 -0.169307 
1.27378 0.00062577 -0.0411121 
1.27409 0.00815988 -0.0383221 
1.15439 0.00779815 0.235951 
1.16351 0.00558344 -0.268239 
1.24655 0.00406715 0.175554 
1.17995 0.00669952 0.0570088 
1.21716 0.00211352 -0.230156 
1.18053 0.00248267 0.276233 
1.16841 0.00205561 -0.157482 
1.27262 0.00551659 -0.0547945 
1.15505 0.00220771 0.241953 
1.16126 0.0043381 -0.266549 
1.25032 0.00679994 0.164278 
1.17896 0.00468008 0.0712681 
1.21207 0.000515806 -0.237535 
1.21396 0.00834039 -0.235019 
1.18369 0.00523563 0.274489 
1.17022 0.00148512 -0.145254 
1.27063 0.00272826 -0.0710898 
1.15364 0.00527603 0.24998 
1.15918 0.00253021 -0.264347 
1.25508 0.0023395 0.149906 
1.17779 0.00279506 0.0853492 
1.20883 0.00618475 -0.241916 
1.18911 0.0005129 0.269915 
1.18689 0.00846642 0.272316 
1.17197 0.000631239 -0.132651 
1.17328 0.00868339 -0.129629 
1.26879 0.00731093 -0.0844003 
1.15469 0.00073591 0.254927 
1.1573 0.000151912 -0.261619 
1.15958 0.00827824 -0.259133 
1.25827 0.00589692 0.137786 
1.17647 0.0010721 0.0992154 
1.2036 0.00345486 -0.24832 
1.19234 0.00424511 0.267313 
1.17483 0.00756278 -0.116642 
1.26591 0.00411589 -0.100218 
1.15363 0.0048952 0.261824 
1.1579 0.00533585 -0.255865 
1.26222 0.00220365 0.122599 
1.17383 0.00757802 0.115901 
1.19829 0.000162472 -0.254243 
1.20033 0.00805938 -0.251769 
1.19774 0.000563822 0.261844 
1.1956 0.00847026 0.264268 
1.17627 0.0062086 -0.103341 
1.26252 0.000642564 -0.11572 
1.26342 0.00822544 -0.112989 
1.15511 0.00147511 0.265684 
1.15643 0.00182057 -0.252056 
1.2648 0.00639986 0.109784 
1.17212 0.00626524 0.129196 
1.19503 0.00424542 -0.257251 
1.201 0.00531127 0.25835 
1.17759 0.00464537 -0.0897555 
1.25967 0.00444141 -0.128156 
1.15442 0.00676962 0.271437 
1.1574 0.00587897 -0.245163 
1.26788 0.00327796 0.0939468 
1.17032 0.00519138 0.142173 
1.19179 0.00783655 -0.259822 
1.20632 0.0027156 0.251942 
1.17876 0.00289821 -0.0759188 
1.25544 0.000281187 -0.142921 
1.25657 0.00789575 -0.140226 
1.15631 0.0044957 0.274211 
1.15635 0.00125279 -0.240268 
1.27045 0.000376515 0.0778415 
1.2698 0.00792684 0.0806004 
1.16844 0.00438097 0.154801 
1.18646 0.0029843 -0.264425 
1.21154 0.000694527 0.245034 
1.20954 0.00852777 0.247503 
1.17977 0.000993322 -0.061864 
1.252 0.00333115 -0.154581 
1.15839 0.00279674 0.276457 
1.15767 0.0042298 -0.232246 
1.272 0.00519048 0.0642912 
1.16649 0.00385899 0.167051 
1.18331 0.00559952 -0.266155 
1.21473 0.00706411 0.240107 
1.18109 0.00696867 -0.0444176 
1.24832 0.00594869 -0.165807 
1.16066 0.00166478 0.278187 
1.15911 0.00669142 -0.22365 
1.27367 0.00258798 0.0478062 
1.16452 0.00365123 0.178896 
1.18022 0.00774034 -0.267466 
1.21978 0.00619087 0.232189 
1.18162 0.00482921 -0.030021 
1.243 0.00042251 -0.17921 
1.24441 0.00809454 -0.176573 
1.16309 0.0010881 0.279414 
1.15865 0.000540947 -0.217189 
1.16066 0.00866145 -0.214496 
1.27481 7.92558e-05 0.0311938 
1.27453 0.00760994 0.0339833 
1.16253 0.00378446 0.190308 
1.17499 0.00137849 -0.270792 
1.2247 0.00590845 0.223745 
1.18195 0.00261939 -0.0155225 
1.2388 0.00204155 -0.189478 
1.16568 0.0010523 0.280155 
1.16036 0.00205473 -0.207542 
1.27529 0.00515421 0.0172974 
1.16055 0.0042863 0.20126 
1.17208 0.00253924 -0.271255 
1.22947 0.00621071 0.214772 
1.18209 0.00037017 -0.00096319 
1.18206 0.00837415 0.00227435 
1.2344 0.00312226 -0.199244 
1.1684 0.00154154 0.280426 
1.16214 0.00313129 -0.197376 
1.27551 0.0027203 0.000575738 
1.15861 0.00518497 0.211728 
1.16927 0.00320277 -0.271279 
1.23406 0.00708431 0.205276 
1.18186 0.00611748 0.0168495 
1.22983 0.0036406 -0.208495 
1.17125 0.00254008 0.280241 
1.16397 0.00379899 -0.186713 
1.27519 0.000272421 -0.0161339 
1.2753 0.00780077 -0.0133378 
1.15673 0.00650887 0.221687 
1.1666 0.00335454 -0.270848 
1.24003 0.000818022 0.192677 
1.23846 0.00850866 0.195265 
1.18146 0.00388544 0.0313957 
1.22509 0.00357946 -0.217225 
1.1742 0.00403386 0.279613 
1.16581 0.00408628 -0.175578 
1.2746 0.00530652 -0.0299925 
1.1571 0.000150586 0.228496 
1.15493 0.00828608 0.231116 
1.16408 0.00297897 -0.269946 
1.24416 0.00278551 0.182152 
1.18087 0.00170939 0.0458708 
1.2202 0.00292896 -0.225432 
1.17725 0.00601205 0.278551 
1.16766 0.00402124 -0.163998 
1.27336 0.00272815 -0.0465442 
1.15548 0.00239921 0.237425 
1.16171 0.00206098 -0.268558 
1.24806 0.00524217 0.171151 
1.17942 0.00763471 0.0634205 
1.21517 0.00168625 -0.233119 
1.18265 0.000478777 0.274672 
1.18037 0.00846816 0.27706 
1.16947 0.00363118 -0.151999 
1.2716 2.7405e-05 -0.062945 
1.27208 0.00757076 -0.0601666 
1.15397 0.00515413 0.245787 
1.15952 0.000587358 -0.266666 
1.16181 0.00870074 -0.264203 
1.25302 0.000520766 0.157043 
1.25173 0.00815019 0.159699 
1.17833 0.00566669 0.0776079 
1.21196 0.00768952 -0.237789 
1.18582 0.00342897 0.27276 
1.17124 0.00294246 -0.139608 
1.26994 0.00471693 -0.0763837 
1.1549 0.000289994 0.251057 
1.1526 0.00843788 0.253571 
1.15982 0.00667284 -0.26179 
1.25637 0.00385384 0.145159 
1.17707 0.00384447 0.0916014 
1.20678 0.00530372 -0.244488 
1.18903 0.00685885 0.270416 
1.17293 0.00198047 -0.126855 
1.26728 0.001659 -0.0923585 
1.15374 0.00411454 0.2583 
1.15802 0.0040719 -0.258846 
1.25946 0.00755109 0.13289 
1.17567 0.00219517 0.105365 
1.20152 0.00234823 -0.250699 
1.19447 0.00285158 0.265229 
1.17453 0.000769822 -0.113767 
1.26496 0.00592643 -0.105307 
1.15509 0.000353907 0.262488 
1.15273 0.00850076 0.264947 
1.15642 0.000896683 -0.255365 
1.26327 0.0039839 0.117565 
1.17413 0.000744629 0.118864 
1.19826 0.00674324 -0.25397 
1.19773 0.00728362 0.262005 
1.17703 0.00736721 -0.0972632 
1.26143 0.00233489 -0.12068 
1.15429 0.00530529 0.268587 
1.15729 0.00529088 -0.248818 
1.26657 0.000715035 0.101898 
1.26573 0.00828276 0.104632 
1.17111 0.00757128 0.135077 
1.19293 0.00271353 -0.259268 
1.2031 0.00434776 0.255894 
1.17826 0.00572608 -0.0835673 
1.25848 0.0060018 -0.132974 
1.15606 0.00268803 0.271686 
1.15612 0.000992299 -0.244248 
1.26867 0.00524931 0.0886915 
1.16924 0.00660175 0.147909 
1.1897 0.00610435 -0.26167 
1.20838 0.00197987 0.249288 
1.17934 0.00391151 -0.0696337 
1.25412 0.00168586 -0.14758 
1.15803 0.000648777 0.27425 
1.15734 0.00428737 -0.236565 
1.2711 0.00241854 0.0725 
1.16731 0.00590566 0.16038 
1.18436 0.00104326 -0.266095 
1.21356 0.000190643 0.242177 
1.21159 0.00801338 0.244655 
1.18026 0.00195022 -0.0554969 
1.25058 0.00456836 -0.159071 
1.15779 0.00729975 0.278688 
1.15869 0.00705425 -0.228302 
1.27253 0.00728453 0.0588825 
1.16533 0.00550827 0.172462 
1.18123 0.00346241 -0.26766 
1.21673 0.00678473 0.237052 
1.1814 0.00787893 -0.0379761 
1.24681 0.00700236 -0.170117 
1.16013 0.0063829 0.280213 
1.15812 0.00119145 -0.222144 
1.27404 0.0047215 0.0423459 
1.16332 0.00543573 0.184126 
1.17817 0.00540654 -0.268805 
1.22173 0.00614738 0.228924 
1.18182 0.00570723 -0.0235317 
1.24137 0.00127038 -0.183324 
1.16263 0.00601524 0.281242 
1.15976 0.00297922 -0.212809 
1.27503 0.00223789 0.0256992 
1.16132 0.00571516 0.195347 
1.1752 0.00687043 -0.269525 
1.22659 0.00609926 0.220269 
1.18205 0.00347764 -0.00900256 
1.23709 0.00267809 -0.193394 
1.16528 0.00618172 0.28179 
1.16149 0.00431295 -0.202941 
1.27539 0.00732391 0.0117863 
1.15933 0.00637442 0.206098 
1.17234 0.00784433 -0.269811 
1.23129 0.00663139 0.211087 
1.18208 0.00122139 0.00556957 
1.23263 0.00353711 -0.202955 
1.16806 0.00686642 0.281875 
1.16327 0.00522068 -0.192563 
1.27546 0.00488871 -0.00493564 
1.1574 0.00744182 0.216354 
1.16731 0.000246578 -0.272085 
1.16959 0.00831503 -0.269652 
1.23742 2.4327e-05 0.198806 
1.23581 0.00772751 0.201384 
1.18166 0.00697522 0.0233736 
1.22798 0.00382609 -0.211999 
1.17331 1.20461e-05 0.279132 
1.17096 0.00805413 0.281509 
1.16509 0.0057309 -0.181698 
1.27499 0.00242625 -0.0216284 
1.15766 0.000813352 0.223452 
1.1647 0.000183866 -0.27147 
1.16699 0.00826732 -0.269032 
1.24168 0.00168149 0.188578 
1.18116 0.00476231 0.0378941 
1.22318 0.00353078 -0.22052 
1.17629 0.00170692 0.278331 
1.16692 0.00587201 -0.170372 
1.27428 0.00743368 -0.0354536 
1.15596 0.00277201 0.232703 
1.16453 0.00768559 -0.267936 
1.24572 0.00384835 0.177861 
1.18046 0.00261797 0.0523258 
1.21824 0.00264419 -0.228519 
1.17937 0.0038832 0.277099 
1.16873 0.00567183 -0.158612 
1.27289 0.00481381 -0.0519545 
1.15437 0.00522188 0.241396 
1.16224 0.00655528 -0.266346 
1.24953 0.00648982 0.166676 
1.17957 0.000572559 0.066628 
1.17884 0.00858984 0.0698033 
1.21317 0.00116601 -0.236002 
1.18251 0.00653628 0.27544 
1.17051 0.00515736 -0.146444 
1.27098 0.00205667 -0.0682872 
1.15518 4.1019e-05 0.246984 
1.1529 0.00818733 0.249518 
1.16013 0.00486422 -0.264247 
