1.02602 0.78454 0.0700009 
1.02237 0.793624 0.0702866 
1.03211 0.783333 0.186701 
1.02902 0.792548 0.186186 
0.900583 0.776804 0.200769 
0.896587 0.786865 0.199256 
1.08785 0.77829 0.0537276 
1.08475 0.787013 0.0544995 
0.939428 0.783181 0.251795 
0.936069 0.793101 0.25032 
0.971354 0.783691 0.114654 
0.967387 0.793149 0.114198 
1.07788 0.78212 0.124235 
1.07488 0.790983 0.124392 
0.888397 0.781133 0.240209 
0.884626 0.791382 0.238412 
1.0572 0.779601 0.0528738 
1.05379 0.788488 0.0535076 
0.995518 0.782698 0.220618 
0.992339 0.792191 0.219682 
0.922463 0.778153 0.167994 
0.918404 0.788 0.166824 
1.0935 0.781671 0.0722256 
1.0905 0.790387 0.0728539 
0.910032 0.786006 0.255639 
1.00798 0.781669 0.0843119 
1.0042 0.790868 0.0843706 
1.05214 0.780253 0.164561 
1.04909 0.789313 0.164312 
0.891925 0.779343 0.217026 
0.888001 0.789507 0.215361 
1.07764 0.783045 0.0498102 
1.07444 0.791824 0.050554 
0.960372 0.778015 0.244646 
0.957073 0.78777 0.243366 
0.951903 0.7823 0.133599 
0.947874 0.791904 0.132863 
1.08823 0.779834 0.1027 
1.08525 0.788612 0.103073 
0.892245 0.783685 0.248832 
0.888574 0.793931 0.247021 
1.04238 0.777099 0.0608616 
1.03884 0.786073 0.0613559 
1.01668 0.783021 0.202333 
1.01355 0.792353 0.201633 
0.908861 0.777039 0.187071 
0.904829 0.787014 0.185692 
1.09226 0.77803 0.0599267 
1.08921 0.786735 0.0606649 
0.92691 0.781199 0.255398 
0.923484 0.79121 0.253824 
0.986708 0.784119 0.101002 
0.982808 0.793466 0.100764 
1.06899 0.778756 0.141458 
1.06597 0.787687 0.14146 
0.886404 0.785057 0.230487 
1.06655 0.782244 0.0499001 
1.06324 0.791081 0.0505955 
0.980744 0.778733 0.232618 
0.977513 0.788334 0.231534 
0.934199 0.780173 0.153126 
0.930141 0.789919 0.15213 
1.09197 0.783685 0.0841526 
1.08899 0.792425 0.0846717 
0.902495 0.780574 0.25485 
0.89891 0.790755 0.253102 
1.02418 0.777875 0.0730161 
1.0205 0.786964 0.0732928 
1.03876 0.777906 0.181675 
1.03567 0.787066 0.181248 
0.897989 0.777701 0.204855 
0.89401 0.787792 0.2033 
1.08616 0.778042 0.0522376 
1.08304 0.786772 0.0530162 
0.944458 0.781639 0.25048 
0.941114 0.79152 0.249052 
0.966277 0.783974 0.119158 
0.962293 0.79347 0.118629 
1.0822 0.777421 0.118706 
1.07921 0.786248 0.118941 
0.887941 0.78438 0.242167 
1.05173 0.784349 0.0547823 
1.04829 0.793274 0.0553512 
0.999984 0.784905 0.216263 
0.9187 0.778282 0.17265 
0.914646 0.788164 0.171423 
1.09259 0.783577 0.0690677 
1.08958 0.792297 0.0697108 
0.914801 0.782179 0.256368 
0.911311 0.792279 0.254699 
1.00255 0.783051 0.0882108 
0.998736 0.792288 0.0881939 
1.05499 0.784422 0.158887 
1.05195 0.793463 0.158677 
0.890077 0.780948 0.220504 
0.886176 0.791137 0.218804 
1.07569 0.781473 0.0492908 
1.07247 0.79026 0.0500368 
0.965319 0.777908 0.242124 
0.962037 0.787626 0.24089 
0.947201 0.782319 0.138278 
0.943162 0.79196 0.137473 
1.08866 0.783436 0.0980121 
1.08568 0.792209 0.0984099 
0.896207 0.7778 0.251521 
0.892543 0.788012 0.249747 
1.03688 0.780442 0.0636529 
1.0333 0.789453 0.0640769 
1.0238 0.776947 0.197851 
1.02068 0.786219 0.19724 
0.905743 0.777531 0.191476 
0.901722 0.787538 0.190048 
1.09084 0.778735 0.057715 
1.08777 0.787447 0.0584634 
0.931888 0.778649 0.254961 
0.928475 0.788619 0.253432 
0.981432 0.784773 0.105291 
1.071 0.783037 0.135875 
1.068 0.791955 0.135912 
0.889184 0.777328 0.234909 
0.885357 0.787551 0.233152 
1.06451 0.779238 0.0503909 
1.06117 0.788083 0.0510844 
0.985467 0.780013 0.228978 
0.982253 0.78958 0.22794 
0.929994 0.78017 0.157848 
0.925935 0.789952 0.156791 
1.09457 0.777699 0.0797123 
1.09158 0.786413 0.0802994 
0.903401 0.786004 0.254705 
1.0187 0.779994 0.076521 
1.01498 0.789121 0.0767236 
1.04215 0.781786 0.176119 
1.03907 0.790923 0.175733 
0.895573 0.778755 0.208811 
0.891611 0.788874 0.207214 
1.08439 0.777479 0.0509806 
1.08125 0.786217 0.0517649 
0.949482 0.780443 0.24887 
0.946153 0.790284 0.247487 
0.961279 0.784172 0.123711 
0.957278 0.793705 0.12311 
1.08331 0.78146 0.113521 
1.08033 0.790279 0.113785 
0.89142 0.777654 0.245657 
0.887685 0.787887 0.243872 
1.0497 0.779837 0.0563122 
1.04623 0.788769 0.0568754 
1.00752 0.777977 0.212513 
1.00435 0.787374 0.211713 
0.915089 0.778483 0.177259 
0.911041 0.788399 0.175977 
1.09154 0.785201 0.0661433 
1.08851 0.793925 0.0668 
0.919635 0.778666 0.256804 
0.916157 0.788725 0.255179 
0.997146 0.784232 0.0922131 
0.993301 0.793507 0.0921205 
1.06069 0.779645 0.153351 
1.05766 0.78864 0.153225 
0.888422 0.782755 0.223801 
0.884544 0.792967 0.222068 
1.07372 0.779561 0.0490126 
1.07047 0.788355 0.0497597 
0.970224 0.778147 0.239317 
0.966958 0.787828 0.23813 
0.942609 0.782313 0.142977 
0.938563 0.791991 0.142105 
1.09186 0.778108 0.0930498 
1.08888 0.786852 0.0935191 
0.89665 0.782391 0.252185 
0.893021 0.792611 0.250398 
1.03136 0.783479 0.0666084 
1.02774 0.792528 0.0669609 
1.02766 0.780355 0.192594 
1.02455 0.789601 0.192026 
0.902791 0.778144 0.195788 
0.898783 0.788182 0.194312 
1.08931 0.779139 0.0557361 
1.08623 0.787857 0.0564935 
0.93349 0.78636 0.252745 
0.976211 0.785294 0.109651 
1.07581 0.77841 0.130262 
1.07281 0.787287 0.130379 
0.888311 0.780044 0.237372 
0.884513 0.790285 0.235589 
1.05911 0.784719 0.0518256 
1.05573 0.793601 0.0524574 
0.990116 0.781605 0.225094 
0.98692 0.791138 0.224102 
0.925927 0.780198 0.162556 
0.921868 0.790015 0.161437 
1.094 0.780173 0.0760674 
1.09101 0.78889 0.0766722 
0.90799 0.78156 0.256016 
0.904452 0.791706 0.2543 
1.01322 0.781862 0.0801567 
1.00947 0.791026 0.0802846 
1.04845 0.776685 0.170818 
1.04538 0.785771 0.170519 
0.893337 0.779976 0.212624 
0.889395 0.790122 0.210988 
1.0794 0.785341 0.0507468 
1.07623 0.794114 0.0514812 
0.954491 0.779595 0.246965 
0.951177 0.789397 0.245629 
0.956366 0.784299 0.128307 
0.952352 0.79387 0.127635 
1.0842 0.785379 0.108491 
0.891327 0.781415 0.247124 
0.887624 0.79166 0.245321 
1.0442 0.783895 0.058653 
1.04069 0.792865 0.0591484 
1.01176 0.780721 0.207739 
1.00862 0.790088 0.206984 
0.911632 0.778767 0.181811 
0.907593 0.788716 0.180475 
1.09338 0.777834 0.0627325 
1.09035 0.786536 0.0634525 
0.921057 0.785489 0.255366 
0.991774 0.785229 0.0963108 
1.06315 0.78391 0.147684 
1.06013 0.792888 0.147595 
0.886961 0.784773 0.226905 
1.07172 0.777302 0.0489787 
1.06845 0.786104 0.0497262 
0.975079 0.778729 0.236235 
0.971831 0.788373 0.235094 
0.938135 0.782295 0.147688 
0.934083 0.79201 0.14675 
1.09187 0.781321 0.0887395 
1.08889 0.790065 0.0892307 
0.900884 0.77707 0.254331 
0.897264 0.787254 0.252583 
1.02948 0.777169 0.0693766 
1.02583 0.786223 0.0697205 
1.03138 0.783926 0.187236 
1.02829 0.793147 0.186712 
0.900008 0.778889 0.199995 
0.896015 0.788957 0.198475 
1.0877 0.779236 0.0539893 
1.0846 0.787961 0.0547547 
0.938518 0.784436 0.251763 
0.971052 0.785698 0.114076 
1.07739 0.782619 0.124837 
1.0744 0.791486 0.124986 
0.887639 0.78301 0.239597 
0.88387 0.793267 0.237791 
1.05705 0.780985 0.0528211 
1.05365 0.789875 0.053449 
0.994683 0.783496 0.22098 
0.991505 0.792996 0.220034 
0.922001 0.78027 0.167239 
0.917946 0.790123 0.166061 
1.09326 0.782384 0.0726531 
1.09026 0.791103 0.0732743 
0.912666 0.777424 0.257032 
0.909139 0.787531 0.255359 
1.00776 0.783494 0.0839144 
1.00397 0.792696 0.083967 
1.05149 0.780777 0.165154 
1.04844 0.789843 0.164895 
0.891285 0.781376 0.216282 
0.887364 0.791547 0.214609 
1.0775 0.784139 0.0499639 
1.07431 0.79292 0.0507014 
0.959475 0.779097 0.244767 
0.956177 0.78886 0.243477 
0.951548 0.784371 0.13294 
0.947522 0.793979 0.132197 
1.08785 0.780376 0.103264 
1.08487 0.789157 0.103629 
0.891426 0.785445 0.248329 
1.04222 0.778656 0.060682 
1.03868 0.787632 0.0611704 
1.0159 0.783689 0.202806 
1.01277 0.793027 0.202095 
0.908336 0.779147 0.186294 
0.904306 0.789128 0.184908 
1.09208 0.778871 0.0602632 
1.08903 0.787579 0.0609947 
0.926 0.782573 0.25526 
0.922575 0.792592 0.253676 
0.990339 0.776743 0.100673 
0.986441 0.786058 0.100496 
1.06843 0.77925 0.142072 
1.06541 0.788186 0.142065 
0.88955 0.776803 0.231541 
0.885698 0.787014 0.229803 
1.06642 0.783499 0.0499395 
1.06311 0.792338 0.0506288 
0.979877 0.779645 0.232884 
0.976646 0.789254 0.23179 
0.933785 0.78228 0.152403 
0.92973 0.792032 0.151401 
1.09168 0.784314 0.0846433 
1.0887 0.793057 0.085155 
0.901627 0.7822 0.254476 
0.898043 0.792389 0.252718 
1.02398 0.779592 0.0727101 
1.0203 0.788684 0.0729808 
1.03804 0.778476 0.182232 
1.03495 0.787642 0.181795 
0.897399 0.779777 0.204086 
0.893423 0.789874 0.202522 
1.08601 0.779023 0.0524748 
1.08289 0.787756 0.0532469 
0.94355 0.782853 0.250486 
0.940206 0.792742 0.249047 
0.965963 0.785999 0.118558 
1.08175 0.777925 0.119306 
1.07876 0.786755 0.119532 
0.887168 0.786232 0.241577 
1.05502 0.77688 0.0540722 
1.05159 0.785777 0.0546955 
0.999161 0.785669 0.216653 
0.918223 0.7804 0.171886 
0.914172 0.790287 0.170652 
1.09237 0.78432 0.0694714 
1.08936 0.793043 0.0701076 
0.913902 0.783666 0.256125 
0.910414 0.793775 0.254446 
1.00232 0.784907 0.0877851 
1.05436 0.784938 0.159483 
1.05132 0.793985 0.159264 
0.889422 0.782965 0.219772 
0.885523 0.793161 0.218064 
1.07556 0.782605 0.0494187 
1.07234 0.791394 0.0501584 
0.964428 0.778948 0.242281 
0.961146 0.788674 0.241037 
0.946832 0.784401 0.137601 
0.942797 0.794047 0.136789 
1.0883 0.783996 0.0985578 
1.08533 0.792773 0.0989478 
0.895373 0.779524 0.251053 
0.891711 0.789745 0.24927 
1.03671 0.78204 0.0634399 
1.03313 0.791054 0.063858 
1.02304 0.777584 0.198352 
1.01991 0.786863 0.197731 
0.905202 0.779634 0.190698 
0.901183 0.789647 0.189262 
1.09067 0.77961 0.0580273 
1.0876 0.788324 0.0587691 
0.930977 0.779983 0.25486 
0.927565 0.789962 0.253321 
0.985077 0.777384 0.105013 
0.981155 0.786737 0.10476 
1.07047 0.783532 0.136485 
1.06746 0.792454 0.136512 
0.88846 0.779256 0.234252 
0.884636 0.789486 0.232486 
1.06437 0.780534 0.0504028 
1.06104 0.789381 0.0510902 
0.984609 0.780887 0.229276 
0.981396 0.790461 0.228228 
0.929565 0.782282 0.157113 
0.925509 0.79207 0.156048 
1.0943 0.778352 0.080188 
1.09131 0.787069 0.0807678 
0.906098 0.77745 0.256075 
0.902524 0.787602 0.254358 
1.01849 0.781748 0.0761842 
1.01477 0.790878 0.0763809 
1.04145 0.782341 0.176686 
1.03838 0.791484 0.176291 
0.894967 0.780819 0.208048 
0.891008 0.790944 0.206443 
1.08425 0.778496 0.051193 
1.08111 0.787235 0.0519709 
0.948576 0.781615 0.248912 
0.945248 0.791464 0.24752 
0.964956 0.776714 0.123632 
0.960952 0.786214 0.123091 
1.08288 0.781974 0.114109 
1.0799 0.790797 0.114364 
0.89063 0.779473 0.245101 
0.886897 0.789714 0.243306 
1.04955 0.781307 0.056197 
1.04608 0.790241 0.0567543 
1.00671 0.778703 0.212937 
1.00354 0.788107 0.212127 
0.914596 0.7806 0.176489 
0.910551 0.790521 0.175199 
1.09435 0.777276 0.0658227 
1.09133 0.785976 0.0665232 
0.91873 0.780114 0.256598 
0.915254 0.790183 0.254963 
1.00074 0.776874 0.0917928 
0.996901 0.786117 0.0917603 
1.06008 0.78015 0.153959 
1.05705 0.78915 0.153823 
0.88775 0.784755 0.223082 
1.07359 0.780731 0.0491142 
1.07034 0.789528 0.0498552 
0.969339 0.779146 0.23951 
0.966075 0.788835 0.238313 
0.942226 0.784405 0.142283 
0.938183 0.794088 0.141404 
1.09152 0.778686 0.0935839 
1.08854 0.787433 0.0940455 
0.895804 0.784087 0.251743 
1.03118 0.785119 0.0663625 
1.02691 0.78097 0.193112 
1.0238 0.790222 0.192535 
0.902234 0.78024 0.19501 
0.898229 0.790284 0.193527 
1.08915 0.780047 0.0560241 
1.08607 0.788768 0.056775 
0.935977 0.777723 0.254165 
0.932579 0.787662 0.252671 
0.979868 0.777889 0.109424 
0.975923 0.78728 0.109097 
1.0753 0.778903 0.130874 
1.0723 0.787785 0.130982 
0.887571 0.78195 0.236734 
0.883775 0.792198 0.234943 
1.06233 0.777203 0.0511188 
1.05897 0.786058 0.0518036 
0.989268 0.782443 0.225423 
0.986073 0.791983 0.224421 
0.925483 0.782314 0.161809 
0.921427 0.792137 0.160684 
1.09375 0.780854 0.0765201 
1.09076 0.789573 0.0771178 
0.907104 0.78312 0.255704 
0.903568 0.793275 0.253979 
1.013 0.783651 0.0797901 
1.00926 0.792818 0.079912 
1.04777 0.777222 0.171403 
1.0447 0.786313 0.171095 
0.892715 0.782027 0.211868 
0.888776 0.79218 0.210224 
1.08243 0.777648 0.0501452 
1.07926 0.786396 0.0509279 
0.953588 0.780725 0.247044 
0.950275 0.790535 0.245698 
0.960045 0.776819 0.12828 
0.956027 0.786356 0.127667 
1.08678 0.777118 0.108733 
1.0838 0.785907 0.109064 
0.890523 0.783207 0.246592 
0.886822 0.79346 0.244779 
1.04404 0.785408 0.0585038 
1.01097 0.781418 0.208187 
1.00782 0.790792 0.207422 
0.911125 0.780881 0.181036 
0.907088 0.790836 0.179693 
1.09319 0.778639 0.0630951 
1.09016 0.787344 0.0638083 
0.923613 0.776879 0.256777 
0.920149 0.786908 0.255187 
0.995388 0.77786 0.0959397 
0.991519 0.787141 0.0958316 
1.06257 0.784411 0.14829 
1.05954 0.793394 0.148193 
0.886273 0.786755 0.2262 
1.07159 0.778511 0.0490537 
1.06832 0.787316 0.0497951 
0.974202 0.779687 0.236462 
0.970955 0.789339 0.235311 
0.937737 0.784396 0.146979 
0.933689 0.794116 0.146034 
1.09156 0.781923 0.0892531 
1.08858 0.790669 0.0897368 
0.900026 0.77873 0.253925 
0.896408 0.788922 0.252168 
1.02929 0.778845 0.0691044 
1.02564 0.787902 0.0694423 
1.03065 0.784522 0.187768 
1.02755 0.793749 0.187234 
0.899436 0.780976 0.19922 
0.895446 0.791051 0.197691 
1.08755 0.780179 0.054253 
1.08445 0.788906 0.0550118 
0.937607 0.785697 0.251726 
0.974718 0.778275 0.113901 
0.970752 0.787704 0.113499 
1.07691 0.783118 0.12544 
1.07392 0.79199 0.12558 
0.886884 0.784892 0.238981 
1.05691 0.782365 0.052771 
1.05351 0.791258 0.0533929 
0.993846 0.784298 0.221338 
0.990669 0.793805 0.220382 
0.921542 0.782388 0.166482 
0.917489 0.792247 0.165298 
1.09303 0.783094 0.0730824 
1.09003 0.791816 0.0736966 
0.911772 0.778946 0.256757 
0.908247 0.789062 0.255074 
1.00753 0.785316 0.0835187 
1.05084 0.781304 0.165744 
1.04778 0.790375 0.165477 
0.890648 0.783413 0.215535 
0.88673 0.793591 0.213854 
1.07737 0.785231 0.0501196 
1.07417 0.794014 0.0508509 
0.958578 0.780184 0.244883 
0.955281 0.789956 0.243583 
0.955226 0.776867 0.132964 
0.951195 0.786441 0.132281 
1.08747 0.780917 0.103828 
1.08449 0.789701 0.104186 
0.894302 0.776989 0.249599 
0.890608 0.78721 0.247821 
1.04205 0.780209 0.0605049 
1.03851 0.789187 0.0609873 
1.01511 0.78436 0.203275 
1.01199 0.793705 0.202555 
0.907812 0.781257 0.185516 
0.903785 0.791245 0.184122 
1.0919 0.779709 0.0606016 
1.08885 0.788419 0.0613264 
0.92509 0.783952 0.255117 
0.921666 0.79398 0.253523 
0.990071 0.778678 0.100175 
0.986175 0.787997 0.099991 
1.06787 0.779745 0.142685 
1.06485 0.788685 0.142669 
0.888844 0.778757 0.230862 
0.884995 0.788976 0.229115 
1.06628 0.784751 0.0499813 
1.06298 0.793592 0.0506645 
0.979009 0.780563 0.233145 
0.975778 0.79018 0.232041 
0.933373 0.784388 0.15168 
1.09139 0.78494 0.0851356 
1.08841 0.793686 0.0856398 
0.900759 0.783831 0.254097 
0.897177 0.794029 0.252329 
1.02378 0.781307 0.0724063 
1.0201 0.790402 0.072671 
1.03733 0.779049 0.182786 
1.03424 0.788221 0.18234 
0.896811 0.781854 0.203314 
0.892837 0.791958 0.201743 
1.08586 0.780001 0.0527139 
1.08274 0.788735 0.0534797 
0.942641 0.784073 0.250486 
0.939298 0.79397 0.249037 
0.969635 0.778558 0.118434 
0.965651 0.788024 0.117959 
1.08129 0.778428 0.119907 
1.0783 0.787263 0.120124 
0.89016 0.777853 0.242767 
0.886398 0.788088 0.240983 
1.05487 0.778301 0.0539938 
1.05144 0.787201 0.0546111 
1.00152 0.776996 0.217903 
0.998337 0.786438 0.217038 
0.917748 0.782519 0.171122 
0.9137 0.792412 0.16988 
1.09215 0.785062 0.069877 
1.08914 0.793787 0.0705063 
0.913003 0.785159 0.255877 
1.00589 0.777551 0.0873243 
1.00208 0.78676 0.0873612 
1.05373 0.785456 0.160078 
0.888769 0.784986 0.219037 
1.07543 0.783734 0.0495487 
1.07221 0.792525 0.0502823 
