1.04727 0.783032 -0.0365977 
1.04364 0.791834 -0.0351225 
1.11798 0.779221 0.173432 
1.11544 0.787881 0.173439 
0.760282 0.783506 0.290381 
1.12819 0.779384 -0.105353 
1.12571 0.787724 -0.103007 
0.998253 0.778185 0.299181 
0.995506 0.78774 0.297866 
0.81407 0.780516 0.193273 
0.809484 0.7911 0.191006 
1.18006 0.77939 -0.0945085 
1.17804 0.787485 -0.0923079 
0.877583 0.784408 0.36176 
0.912022 0.782612 0.0901897 
0.907362 0.792296 0.0893656 
1.19302 0.782908 -0.00325157 
1.19086 0.791009 -0.00178699 
0.789273 0.785392 0.359776 
1.02575 0.78533 -0.0155228 
1.13757 0.780117 0.143991 
1.13509 0.788638 0.144264 
0.757472 0.782185 0.307592 
0.753471 0.793618 0.304527 
1.11359 0.784441 -0.0975244 
1.11091 0.792862 -0.0952643 
1.02407 0.777116 0.278056 
1.02135 0.786469 0.276997 
0.797886 0.782959 0.213475 
0.79338 0.793738 0.210994 
1.17215 0.777434 -0.103257 
1.1701 0.785561 -0.100971 
1.16802 0.793703 -0.0987207 
0.900419 0.780347 0.356348 
0.897494 0.790706 0.354174 
0.890355 0.779985 0.110933 
0.88565 0.789835 0.109768 
1.19546 0.783673 -0.0288998 
1.19337 0.791742 -0.027239 
0.806132 0.777227 0.36648 
0.80278 0.788393 0.363638 
1.00663 0.778569 0.00535441 
1.00254 0.787616 0.00615984 
1.15386 0.785015 0.113603 
1.15144 0.793422 0.114121 
0.756118 0.78539 0.322191 
1.10088 0.778923 -0.0888266 
1.09802 0.787409 -0.0866392 
1.0482 0.782347 0.253716 
1.04553 0.791522 0.252903 
0.78619 0.778882 0.235228 
0.78176 0.789814 0.232596 
1.1611 0.782887 -0.107069 
1.15896 0.791068 -0.10475 
0.92273 0.784303 0.345903 
0.868368 0.779838 0.131868 
0.863653 0.789873 0.130369 
1.1951 0.783375 -0.0515927 
1.19306 0.791428 -0.0497545 
0.820233 0.78557 0.36691 
0.98236 0.780484 0.0277808 
0.978056 0.789684 0.0281594 
1.16869 0.784471 0.0823994 
1.16634 0.792769 0.0831805 
0.761022 0.781638 0.336425 
0.757258 0.793134 0.333315 
1.08512 0.777671 -0.0745119 
1.08203 0.786245 -0.0724861 
1.07312 0.782762 0.227598 
1.0705 0.791751 0.227059 
0.775884 0.777457 0.255894 
0.771547 0.788539 0.253124 
1.15187 0.776838 -0.11081 
1.14967 0.785057 -0.108432 
1.14742 0.793294 -0.106093 
0.9475 0.784329 0.332529 
0.847709 0.780638 0.152868 
0.843018 0.790865 0.151066 
1.19289 0.778229 -0.071002 
1.19089 0.786276 -0.0689972 
0.83869 0.785412 0.367136 
0.958636 0.780197 0.049823 
0.954169 0.789551 0.0497865 
1.18028 0.782756 0.0517053 
1.17799 0.790966 0.05274 
0.769217 0.779381 0.347475 
0.765562 0.790832 0.344406 
1.06693 0.778768 -0.0561092 
1.06357 0.78745 -0.0543276 
1.09642 0.783403 0.200052 
1.09384 0.792222 0.199787 
0.764266 0.786845 0.272672 
1.13904 0.781393 -0.108296 
1.13669 0.789679 -0.105938 
0.974801 0.77712 0.317157 
0.972016 0.78686 0.315622 
0.829524 0.78064 0.173798 
0.82488 0.791054 0.171741 
1.1861 0.782358 -0.0837251 
1.18409 0.790432 -0.0816248 
0.858212 0.785296 0.365204 
0.936571 0.777009 0.0711876 
0.931989 0.786512 0.0707763 
1.18956 0.777519 0.0218088 
1.18735 0.785652 0.0230966 
1.18513 0.793804 0.0243469 
0.780345 0.776758 0.356169 
0.77679 0.788128 0.353169 
1.04597 0.783246 -0.0353214 
1.04233 0.792056 -0.0338671 
1.11815 0.782921 0.171687 
1.11562 0.791582 0.171695 
0.759801 0.784085 0.291286 
1.12701 0.780802 -0.104645 
1.12451 0.789149 -0.102309 
0.998843 0.781483 0.297513 
0.996109 0.791036 0.2962 
0.813069 0.780607 0.194513 
0.808487 0.791203 0.192233 
1.17899 0.781785 -0.0944213 
1.17696 0.789886 -0.0922261 
0.878243 0.786569 0.36098 
0.910704 0.782429 0.0914434 
0.90604 0.792123 0.0905982 
1.19447 0.77834 -0.00573402 
1.19232 0.786428 -0.0042359 
0.789647 0.786843 0.35973 
1.02437 0.785495 -0.014217 
1.1376 0.783949 0.142292 
1.13513 0.792472 0.142564 
0.757082 0.782973 0.30837 
1.11499 0.777342 -0.098969 
1.11233 0.78575 -0.0966721 
1.02458 0.780701 0.276282 
1.02188 0.790053 0.275225 
0.796875 0.783293 0.214665 
0.792375 0.794084 0.212171 
1.17101 0.779811 -0.102999 
1.16894 0.787944 -0.100719 
0.901064 0.782915 0.355331 
0.898153 0.793271 0.353157 
0.888995 0.779952 0.112197 
0.884287 0.789813 0.111011 
1.1967 0.779128 -0.031344 
1.19462 0.787186 -0.0296512 
0.806541 0.779003 0.366248 
0.803202 0.790169 0.363403 
1.00516 0.778748 0.00671969 
1.00105 0.787803 0.00749935 
1.1561 0.780664 0.11142 
1.15369 0.789053 0.111974 
0.755848 0.786501 0.322768 
1.09956 0.780064 -0.0877665 
1.09669 0.788558 -0.0855947 
1.05129 0.777078 0.252631 
1.04862 0.786225 0.251855 
0.785214 0.779462 0.236348 
0.780791 0.790407 0.233703 
1.16199 0.777003 -0.108984 
1.15987 0.785175 -0.106635 
1.15772 0.793363 -0.104324 
0.926238 0.777157 0.346574 
0.923366 0.787295 0.344613 
0.867033 0.779927 0.133139 
0.862319 0.789973 0.13162 
1.19616 0.778659 -0.0539323 
1.19413 0.786702 -0.0520635 
0.820719 0.787584 0.366488 
0.980863 0.780589 0.0291413 
0.976546 0.789799 0.0294934 
1.17068 0.780231 0.0800901 
1.16833 0.788513 0.080906 
0.760946 0.782937 0.336791 
1.08379 0.77848 -0.0732976 
1.08068 0.787063 -0.07129 
1.07608 0.777727 0.226232 
1.07345 0.786691 0.225731 
0.77506 0.778103 0.256938 
0.770731 0.789198 0.254156 
1.15066 0.778825 -0.110243 
1.14843 0.787052 -0.107874 
0.950953 0.777578 0.332791 
0.948132 0.787512 0.33104 
0.84651 0.780712 0.154137 
0.841821 0.790951 0.152318 
1.19187 0.781153 -0.0712226 
1.18987 0.789206 -0.069223 
0.839264 0.787444 0.366586 
0.957226 0.780118 0.0511414 
0.952751 0.789483 0.0510805 
1.18206 0.778372 0.049315 
1.17978 0.786566 0.0503845 
0.76936 0.780671 0.347682 
0.765716 0.792124 0.344609 
1.06564 0.779202 -0.0548403 
1.06226 0.787892 -0.0530782 
1.09927 0.778386 0.198475 
1.09668 0.787181 0.198247 
0.763649 0.787426 0.273644 
1.13785 0.78303 -0.107666 
1.13549 0.791324 -0.105317 
0.975419 0.780322 0.315565 
0.972647 0.79006 0.314032 
0.828468 0.780661 0.175058 
0.823828 0.791086 0.172987 
1.18705 0.776846 -0.0859068 
1.18506 0.784911 -0.0837762 
1.18304 0.792992 -0.0816809 
0.858852 0.787298 0.364559 
0.935252 0.776794 0.0724695 
0.930663 0.786306 0.0720362 
1.18897 0.781097 0.0206582 
1.18676 0.789236 0.0219429 
0.780639 0.778041 0.356256 
0.777096 0.789411 0.353254 
1.04468 0.783452 -0.0340441 
1.04102 0.79227 -0.0326108 
1.12086 0.777984 0.1699 
1.11832 0.786623 0.169946 
0.759327 0.784672 0.292184 
1.12582 0.782212 -0.103932 
1.12331 0.790567 -0.101606 
0.999435 0.784793 0.295839 
0.812067 0.780709 0.19575 
0.80749 0.791317 0.193457 
1.17791 0.784178 -0.0943262 
1.17587 0.792286 -0.0921366 
0.881901 0.778234 0.362498 
0.878907 0.788748 0.360188 
0.909383 0.782253 0.0926974 
0.904716 0.791956 0.0918311 
1.19377 0.781858 -0.00670413 
1.19162 0.789951 -0.00520951 
0.793467 0.777042 0.362596 
0.790024 0.788311 0.359673 
1.02687 0.776741 -0.0140621 
1.02299 0.785662 -0.0129086 
1.1401 0.779292 0.140287 
1.13762 0.787795 0.140596 
0.756698 0.783782 0.309136 
1.11374 0.778639 -0.0980946 
1.11107 0.787055 -0.0958103 
1.0251 0.784307 0.274502 
1.02241 0.793658 0.273447 
0.795864 0.783645 0.21585 
1.16985 0.782188 -0.10273 
1.16777 0.790329 -0.100457 
0.901712 0.785512 0.354297 
0.887632 0.77993 0.113461 
0.882924 0.789802 0.112255 
1.19585 0.782634 -0.0320765 
1.19377 0.790698 -0.0303881 
0.806955 0.780799 0.366003 
0.80363 0.791964 0.363156 
1.00368 0.778926 0.00808619 
0.99956 0.787991 0.00883996 
1.15591 0.784709 0.109799 
1.15351 0.793101 0.110351 
0.755589 0.787631 0.323332 
1.09824 0.78119 -0.0866966 
1.09534 0.789693 -0.0845408 
1.0517 0.780968 0.250766 
1.04904 0.790115 0.249991 
0.784243 0.780053 0.237461 
0.779828 0.791011 0.234804 
1.16077 0.779273 -0.108535 
1.15864 0.787452 -0.106194 
0.926863 0.780169 0.345268 
0.924005 0.790306 0.343308 
0.865704 0.780019 0.13441 
0.86099 0.790078 0.132871 
1.19519 0.781963 -0.0543833 
1.19316 0.790013 -0.0525195 
0.824449 0.778594 0.36878 
0.821213 0.789606 0.366056 
0.979367 0.780684 0.0304999 
0.97504 0.789904 0.0308257 
1.1703 0.784263 0.0786081 
1.16795 0.792549 0.0794209 
0.760886 0.784242 0.337145 
1.08246 0.779268 -0.0720788 
1.07933 0.787858 -0.0700896 
1.0764 0.781651 0.224366 
1.07378 0.790616 0.223866 
0.774248 0.778749 0.257977 
0.769928 0.789856 0.255184 
1.14944 0.780792 -0.109673 
1.1472 0.789027 -0.107312 
0.951575 0.780765 0.331293 
0.948768 0.790697 0.329543 
0.84532 0.780783 0.155406 
0.840634 0.791034 0.15357 
1.19085 0.784053 -0.0714326 
1.18884 0.792114 -0.0694382 
0.842991 0.778621 0.368624 
0.839845 0.789473 0.366029 
0.955822 0.780029 0.052457 
0.951339 0.789403 0.0523719 
1.18156 0.782163 0.0480064 
1.17928 0.790363 0.0490726 
0.769515 0.781958 0.34788 
0.765883 0.793414 0.344804 
1.06434 0.779617 -0.0535708 
1.06095 0.788315 -0.0518284 
1.09952 0.782155 0.196673 
1.09694 0.790951 0.196446 
0.767264 0.776776 0.277506 
0.763044 0.788003 0.274611 
1.13666 0.784651 -0.107034 
1.13428 0.792952 -0.104694 
0.97604 0.783526 0.313969 
0.973281 0.793262 0.312438 
0.827419 0.780683 0.176318 
0.822782 0.791119 0.174231 
1.18602 0.779379 -0.0859455 
1.18402 0.787451 -0.0838198 
0.862561 0.778622 0.366362 
0.859497 0.789303 0.363908 
0.929341 0.786097 0.0732949 
1.18838 0.78467 0.0195163 
1.18617 0.792813 0.0207979 
0.78094 0.779328 0.356336 
0.777408 0.790699 0.353331 
1.04338 0.783652 -0.0327655 
1.0397 0.792478 -0.0313535 
1.12102 0.781689 0.168161 
1.11849 0.79033 0.168207 
0.75886 0.785268 0.293077 
1.12463 0.783616 -0.103213 
1.1221 0.791978 -0.100898 
1.00277 0.778598 0.295432 
1.00003 0.788118 0.294161 
0.811066 0.780823 0.196986 
0.806493 0.791442 0.194679 
1.17884 0.778473 -0.0964433 
1.17682 0.786572 -0.0942233 
0.882554 0.780436 0.361693 
0.879573 0.790948 0.359383 
0.90806 0.782084 0.0939518 
0.903389 0.791797 0.0930645 
1.19519 0.777298 -0.00919127 
1.19306 0.785378 -0.0076633 
1.19091 0.793477 -0.00617221 
0.793837 0.778529 0.36253 
0.790407 0.789798 0.359606 
1.0255 0.776901 -0.0127279 
1.0216 0.785831 -0.0115978 
1.1401 0.783152 0.138594 
1.13763 0.791656 0.138902 
0.75632 0.78461 0.309892 
1.11249 0.779931 -0.0972101 
1.1098 0.788354 -0.0949386 
1.02832 0.778611 0.273734 
1.02561 0.787934 0.272716 
0.794852 0.784015 0.217031 
1.16868 0.784567 -0.102453 
1.1666 0.792715 -0.100187 
0.905285 0.777822 0.355376 
0.902362 0.788137 0.353245 
0.886268 0.779918 0.114727 
0.881558 0.789801 0.113499 
1.19706 0.778086 -0.0345147 
1.19499 0.786138 -0.0327945 
0.807375 0.782615 0.365746 
0.804063 0.793779 0.362897 
1.0022 0.779104 0.00945375 
0.998064 0.788178 0.0101815 
1.15812 0.78039 0.107595 
1.15572 0.788764 0.108183 
0.759218 0.77731 0.326968 
0.755341 0.788779 0.323881 
1.09691 0.782302 -0.0856173 
1.09399 0.790813 -0.0834777 
1.05211 0.78487 0.248898 
1.04946 0.794017 0.248125 
0.78328 0.780655 0.23857 
0.778872 0.791627 0.235899 
1.15955 0.781533 -0.108078 
1.1574 0.789719 -0.105745 
0.927491 0.783201 0.343948 
0.924648 0.793335 0.341987 
0.86438 0.780114 0.135682 
0.859667 0.790185 0.134123 
1.19622 0.77721 -0.0567138 
1.19421 0.78525 -0.0548196 
1.19217 0.793306 -0.0529609 
0.824937 0.780623 0.368339 
0.821714 0.791634 0.365614 
0.977875 0.780771 0.0318566 
0.973536 0.79 0.032156 
1.17225 0.780017 0.076287 
1.16991 0.788288 0.0771346 
0.760841 0.785551 0.337487 
1.08113 0.780032 -0.0708558 
1.07798 0.788631 -0.0688852 
1.07672 0.78557 0.222503 
0.773449 0.779393 0.25901 
0.769137 0.790512 0.256206 
1.14822 0.782739 -0.1091 
1.14596 0.790981 -0.106748 
0.952201 0.783956 0.329787 
0.949408 0.793886 0.328038 
0.84414 0.78085 0.156674 
0.839456 0.791113 0.154821 
1.19182 0.77888 -0.0736569 
1.18982 0.786931 -0.0716323 
0.843566 0.780648 0.368062 
0.840434 0.791498 0.365467 
0.954425 0.779929 0.0537699 
0.949934 0.789312 0.0536606 
1.18332 0.777756 0.0456057 
1.18105 0.785941 0.0467066 
0.769683 0.783243 0.34807 
1.06305 0.780014 -0.0523008 
1.05964 0.788719 -0.0505781 
1.10235 0.777144 0.195066 
1.09977 0.785916 0.194877 
0.766661 0.77734 0.278479 
0.762449 0.788578 0.275574 
1.13783 0.777965 -0.108773 
1.13547 0.786256 -0.1064 
0.979442 0.777029 0.31386 
0.976664 0.786732 0.312368 
0.826376 0.780705 0.177576 
0.821742 0.791152 0.175475 
1.18498 0.781899 -0.0859768 
1.18297 0.789977 -0.0838562 
0.863198 0.780634 0.365703 
0.860147 0.791313 0.363249 
0.928021 0.785886 0.0745526 
1.18999 0.780108 0.0170672 
1.18778 0.788237 0.0183832 
0.781249 0.780623 0.356407 
0.777729 0.791994 0.353401 
1.04207 0.783845 -0.0314857 
1.03838 0.792679 -0.0300949 
1.1237 0.776781 0.166342 
1.12117 0.7854 0.166426 
1.11865 0.794041 0.166472 
0.7584 0.785872 0.293962 
1.12343 0.785013 -0.102488 
1.12088 0.793382 -0.100184 
1.00335 0.781938 0.293746 
1.00062 0.791456 0.292477 
0.810064 0.780949 0.198219 
0.805496 0.79158 0.195899 
1.17776 0.780859 -0.0963267 
1.17573 0.788965 -0.0941123 
0.883209 0.782659 0.360876 
0.880241 0.793168 0.358566 
0.906733 0.781923 0.0952067 
0.902059 0.791646 0.0942983 
1.19447 0.780817 -0.0101357 
1.19234 0.788903 -0.00861132 
0.794211 0.780035 0.362454 
0.790793 0.791304 0.359528 
1.02412 0.777063 -0.011391 
1.0202 0.786001 -0.0102844 
1.14257 0.778542 0.136559 
1.1401 0.787027 0.136904 
0.755948 0.785459 0.310636 
1.11123 0.781217 -0.0963155 
1.10852 0.789649 -0.094057 
1.02882 0.78226 0.27194 
1.02613 0.791582 0.270924 
0.793841 0.784403 0.218207 
1.16958 0.778808 -0.104463 
1.16751 0.786947 -0.102166 
0.905923 0.780479 0.354308 
0.903015 0.790791 0.352177 
0.884903 0.779916 0.115993 
0.880192 0.78981 0.114744 
1.19619 0.781581 -0.0352135 
1.19412 0.78964 -0.0334977 
0.8078 0.78445 0.365475 
1.00071 0.779281 0.0108222 
0.996563 0.788365 0.0115238 
1.15791 0.78445 0.105987 
1.15551 0.792827 0.106572 
0.75897 0.778468 0.32751 
0.755105 0.789945 0.324416 
1.09557 0.783399 -0.0845289 
1.09264 0.791918 -0.0824057 
1.05518 0.779661 0.247764 
1.05252 0.788781 0.247029 
0.782323 0.781268 0.239672 
0.777923 0.792252 0.236989 
1.15832 0.783781 -0.107614 
1.15616 0.791975 -0.10529 
0.928123 0.78625 0.342612 
0.863063 0.780212 0.136953 
0.858351 0.790294 0.135375 
1.19524 0.780472 -0.0571305 
1.19322 0.788519 -0.0552414 
0.825432 0.782658 0.367889 
0.822224 0.793668 0.365162 
0.976386 0.780848 0.0332112 
0.972036 0.790087 0.0334843 
1.17185 0.78403 0.0748252 
1.16952 0.792304 0.0756697 
0.760811 0.786864 0.337817 
1.0798 0.780773 -0.0696291 
1.07662 0.789381 -0.0676772 
1.07966 0.780542 0.221106 
1.07704 0.789482 0.220643 
0.772663 0.780034 0.260039 
0.768359 0.791165 0.257224 
1.14699 0.784666 -0.108523 
1.14472 0.792915 -0.10618 
0.955647 0.777255 0.329982 
0.952832 0.78715 0.328273 
0.842969 0.780913 0.157942 
0.838289 0.791188 0.156072 
1.19079 0.781728 -0.0738413 
1.18879 0.789785 -0.0718218 
0.844149 0.782673 0.367495 
0.84103 0.79352 0.364899 
0.953035 0.779818 0.05508 
0.948536 0.78921 0.0549469 
1.18281 0.781515 0.044318 
1.18054 0.789705 0.0454157 
0.769864 0.784527 0.348252 
1.06176 0.780393 -0.0510302 
1.05833 0.789106 -0.0493274 
1.10259 0.780896 0.193273 
1.10001 0.789669 0.193084 
0.766069 0.777903 0.279446 
0.761865 0.789151 0.276533 
1.13665 0.779548 -0.108127 
1.13428 0.787845 -0.105763 
0.980057 0.78024 0.312253 
0.977292 0.789941 0.310763 
0.825338 0.780728 0.178833 
0.820708 0.791187 0.176718 
1.18394 0.784407 -0.0860009 
1.18192 0.792492 -0.0838854 
0.86384 0.782651 0.365037 
0.860802 0.793327 0.362584 
0.926703 0.785673 0.0758093 
1.18938 0.783666 0.0159461 
1.18718 0.7918 0.0172589 
0.781565 0.781924 0.356471 
0.778056 0.793296 0.353462 
1.04077 0.784033 -0.0302044 
1.03706 0.792875 -0.0288351 
1.12384 0.780496 0.164609 
1.12132 0.789115 0.164693 
0.757946 0.786486 0.29484 
1.12475 0.778046 -0.104098 
1.12223 0.786403 -0.101758 
1.00393 0.785293 0.292054 
0.809062 0.781088 0.199449 
0.804499 0.791731 0.197116 
1.17667 0.783246 -0.0962019 
1.17463 0.791359 -0.0939932 
0.883867 0.784904 0.360045 
0.905404 0.78177 0.0964621 
0.900727 0.791503 0.0955326 
1.19374 0.784339 -0.0110687 
1.19161 0.79243 -0.00954797 
