1.04857 0.777124 -0.0283858 
1.04495 0.785927 -0.0269701 
1.10975 0.779061 0.176175 
1.10716 0.787774 0.176131 
0.773946 0.778864 0.28302 
0.769819 0.790068 0.280161 
1.12813 0.776688 -0.0925267 
1.12559 0.78504 -0.0902942 
1.12302 0.793413 -0.0881085 
0.988431 0.781469 0.298567 
0.985643 0.791098 0.297188 
0.830142 0.778869 0.184118 
0.825572 0.789315 0.182037 
1.17777 0.777486 -0.0752965 
1.17566 0.785607 -0.0732442 
1.17352 0.793746 -0.0712295 
0.873591 0.77694 0.356189 
0.870504 0.787513 0.353851 
0.931541 0.782123 0.0801072 
0.926989 0.791686 0.079554 
1.18212 0.778434 0.0254065 
1.17985 0.786612 0.0266552 
0.789163 0.784868 0.345934 
1.04628 0.77757 -0.0261593 
1.04264 0.786387 -0.0247803 
1.1126 0.776841 0.173159 
1.11001 0.785532 0.173154 
0.773084 0.779899 0.284583 
0.768973 0.79112 0.28171 
1.12603 0.779227 -0.0913617 
1.12347 0.787592 -0.0891476 
0.992236 0.777504 0.29709 
0.989439 0.787099 0.295753 
0.828403 0.778947 0.186277 
0.82384 0.789412 0.184173 
1.17593 0.781706 -0.0753154 
1.1738 0.789839 -0.0732733 
0.87467 0.780475 0.354994 
0.871605 0.791043 0.352656 
0.929283 0.781772 0.082287 
0.924722 0.791351 0.0816971 
1.18107 0.784508 0.0234757 
1.1788 0.792694 0.0247187 
0.789689 0.787082 0.34606 
1.04404 0.777948 -0.0239966 
1.04037 0.786779 -0.0226533 
1.11287 0.783165 0.170186 
1.1103 0.791858 0.170181 
0.772255 0.780853 0.286151 
0.768157 0.792088 0.283264 
1.12395 0.781736 -0.0902313 
1.12136 0.790114 -0.0880357 
0.99324 0.783077 0.2943 
0.990465 0.792669 0.292966 
0.826659 0.779024 0.188433 
0.822102 0.789509 0.186305 
1.1762 0.777829 -0.0774131 
1.17408 0.785957 -0.0753434 
1.17194 0.794102 -0.0733114 
0.875753 0.784025 0.353804 
0.92698 0.781471 0.0844633 
0.922411 0.791066 0.0838362 
1.18226 0.782512 0.0202654 
1.18 0.790688 0.0215408 
0.793731 0.778139 0.349064 
0.7902 0.789378 0.34618 
1.04172 0.778425 -0.0218112 
1.03802 0.787271 -0.020505 
1.1157 0.781008 0.167141 
1.11313 0.78968 0.167174 
0.771361 0.781948 0.287718 
0.767278 0.793199 0.284817 
1.12177 0.784431 -0.0890636 
1.11916 0.792823 -0.0868877 
0.997026 0.77936 0.292728 
0.994243 0.788919 0.291435 
0.824781 0.779288 0.190611 
0.820231 0.789793 0.188457 
1.17426 0.782362 -0.0774028 
1.17213 0.790503 -0.0753441 
0.87988 0.777359 0.354834 
0.876819 0.787879 0.352542 
0.924486 0.781379 0.0866873 
0.919908 0.790993 0.08602 
1.18335 0.78094 0.0169961 
1.18109 0.789107 0.0183027 
0.794162 0.780781 0.349133 
0.790653 0.792022 0.346244 
1.03918 0.779168 -0.0195183 
1.03545 0.788029 -0.0182531 
1.11846 0.779398 0.163937 
1.11589 0.788049 0.164008 
0.77031 0.783417 0.289275 
1.12201 0.779146 -0.0899867 
1.11939 0.787532 -0.087785 
0.997984 0.78581 0.289678 
0.822638 0.779931 0.192831 
0.818097 0.79046 0.190648 
1.17426 0.779318 -0.0794083 
1.17213 0.787455 -0.0773247 
0.880883 0.781818 0.35342 
0.877849 0.792335 0.351126 
0.921653 0.781661 0.0890075 
0.917066 0.791296 0.0882943 
1.18426 0.780112 0.0136456 
1.18201 0.788271 0.0149815 
0.79449 0.784042 0.349093 
1.03629 0.780343 -0.0170347 
1.03253 0.789223 -0.015817 
1.1211 0.778678 0.160495 
1.11854 0.78731 0.160601 
0.769012 0.785499 0.290809 
1.11934 0.782852 -0.0884961 
1.11669 0.791255 -0.0863208 
1.00166 0.783685 0.28759 
0.998904 0.793211 0.286337 
0.8201 0.781158 0.195113 
0.815569 0.791716 0.192895 
1.17397 0.777087 -0.0813093 
1.17185 0.785223 -0.0792039 
1.1697 0.793376 -0.0771364 
0.884875 0.776711 0.354019 
0.881831 0.787188 0.351765 
0.91833 0.782488 0.0914687 
0.913734 0.792148 0.0907014 
1.1849 0.78035 0.0101992 
1.18267 0.788502 0.0115616 
0.798175 0.777004 0.351738 
0.794678 0.788207 0.348883 
1.03291 0.782124 -0.0142795 
1.02911 0.791026 -0.0131185 
1.12358 0.779199 0.156738 
1.12103 0.787813 0.156877 
0.771438 0.777186 0.295203 
0.76738 0.788449 0.292297 
1.11888 0.778998 -0.0889289 
1.11623 0.7874 -0.0867369 
1.00525 0.782896 0.285065 
1.0025 0.792394 0.283847 
0.817037 0.783187 0.197468 
0.81252 0.793779 0.195209 
1.17119 0.784073 -0.0809247 
1.16904 0.792227 -0.0788393 
0.885717 0.783314 0.352035 
0.882708 0.793792 0.349774 
0.914364 0.78404 0.0941099 
0.909759 0.79373 0.093278 
1.18521 0.781974 0.00665061 
1.18298 0.790124 0.00803564 
0.798153 0.782358 0.351307 
0.794691 0.793573 0.348436 
1.02887 0.784686 -0.011177 
1.02503 0.793614 -0.010085 
1.12584 0.781314 0.152593 
1.1233 0.789914 0.152762 
0.769365 0.781238 0.296646 
0.765336 0.792535 0.293708 
1.11526 0.784579 -0.0867821 
1.11256 0.793005 -0.08463 
1.00872 0.783805 0.281993 
1.00598 0.793277 0.280808 
0.813322 0.786245 0.199903 
1.17005 0.784264 -0.0824229 
1.1679 0.792423 -0.0803247 
0.88948 0.781041 0.351841 
0.886474 0.791484 0.349612 
0.914218 0.776816 0.0977865 
0.909602 0.786502 0.096961 
1.1873 0.777169 0.00156375 
1.18509 0.7853 0.00300468 
1.18287 0.79345 0.00440758 
0.801388 0.778033 0.353404 
0.797925 0.789215 0.350565 
1.02788 0.779271 -0.00874901 
1.02402 0.788201 -0.00766201 
1.13036 0.776812 0.147764 
1.12783 0.785376 0.147996 
1.1253 0.793963 0.14819 
0.766805 0.786696 0.297976 
1.11365 0.782985 -0.0863535 
1.11093 0.791417 -0.0842008 
1.01481 0.777349 0.279386 
1.01205 0.786769 0.278268 
0.813344 0.779938 0.204714 
0.80884 0.790572 0.202408 
1.17047 0.777889 -0.0857713 
1.16833 0.786039 -0.0836282 
0.893094 0.780696 0.351081 
0.8901 0.791109 0.34888 
0.90853 0.780331 0.100957 
0.903904 0.790062 0.100038 
1.18665 0.782478 -0.00217307 
1.18444 0.790614 -0.000720029 
0.800891 0.786671 0.352291 
1.02213 0.783863 -0.00467415 
1.01821 0.792831 -0.00368824 
1.13199 0.783152 0.142641 
1.12947 0.791708 0.142893 
0.767701 0.782501 0.302102 
0.763715 0.793834 0.299133 
1.11131 0.782773 -0.0853488 
1.10856 0.791218 -0.0832062 
1.01793 0.782716 0.274888 
1.01519 0.792116 0.273795 
0.807977 0.785705 0.207339 
1.16809 0.781435 -0.0866103 
1.16593 0.789598 -0.0844678 
0.896543 0.782587 0.34965 
0.89357 0.792973 0.347471 
0.901788 0.785109 0.104364 
1.18759 0.781872 -0.00744303 
1.1854 0.789998 -0.00594653 
0.803568 0.7862 0.353542 
1.01924 0.780712 -0.00104796 
1.01529 0.789695 -0.000102911 
1.13571 0.783493 0.136682 
1.13321 0.792023 0.136987 
0.76799 0.780174 0.306037 
0.764019 0.79151 0.303066 
1.10813 0.784041 -0.0836759 
1.10534 0.792503 -0.0815559 
1.02358 0.781369 0.270603 
1.02084 0.790725 0.269568 
0.806166 0.782453 0.21238 
0.801696 0.793172 0.209979 
1.16711 0.77872 -0.0891787 
1.16496 0.786885 -0.0870065 
0.899821 0.786964 0.347447 
0.898569 0.781481 0.109056 
0.893924 0.791289 0.107981 
1.18784 0.783589 -0.0127287 
1.18567 0.791711 -0.011196 
0.809364 0.776874 0.357031 
0.805959 0.787992 0.354243 
1.01528 0.778801 0.00325515 
1.01128 0.787807 0.00413875 
1.14143 0.778051 0.129748 
1.13893 0.786537 0.130137 
0.767687 0.779871 0.309716 
0.763741 0.791222 0.306734 
1.10689 0.778324 -0.0834044 
1.10408 0.786788 -0.0812681 
1.02895 0.782857 0.26539 
1.02623 0.792172 0.264409 
0.803405 0.780922 0.217503 
0.798949 0.791674 0.215067 
1.16538 0.777882 -0.091254 
1.16322 0.786053 -0.0890605 
0.905879 0.783657 0.3465 
0.902941 0.793965 0.34439 
0.89425 0.779221 0.114106 
0.889595 0.789062 0.112967 
1.18953 0.779468 -0.0195326 
1.18737 0.787573 -0.0179337 
0.811466 0.781009 0.35712 
0.808102 0.792118 0.354333 
1.01024 0.778099 0.00822244 
1.00619 0.787135 0.00902368 
1.14408 0.783774 0.122642 
1.14161 0.792244 0.123071 
0.766872 0.781638 0.313065 
0.76296 0.793011 0.310064 
1.102 0.782386 -0.0801887 
1.09913 0.790879 -0.0781026 
1.03676 0.777864 0.260179 
1.03404 0.787116 0.259283 
0.79978 0.781109 0.222661 
0.795345 0.791907 0.220178 
1.16292 0.778741 -0.0927851 
1.16074 0.786923 -0.0905787 
0.911745 0.783004 0.344602 
0.908822 0.793263 0.34254 
0.888935 0.778267 0.119473 
0.884273 0.78815 0.118255 
1.19049 0.777349 -0.0262287 
1.18835 0.785442 -0.024571 
1.18619 0.793553 -0.0229507 
0.813381 0.787366 0.356572 
1.00421 0.778451 0.0137773 
1.00011 0.787525 0.0144767 
1.14862 0.78344 0.114634 
1.14617 0.791878 0.115134 
0.765698 0.785348 0.316017 
1.09923 0.778987 -0.0783185 
1.09632 0.787493 -0.0762419 
1.04154 0.784611 0.253242 
1.03884 0.793832 0.252389 
0.795481 0.782853 0.227792 
0.791073 0.793705 0.225251 
1.15983 0.780917 -0.0937685 
1.15763 0.789115 -0.0915568 
0.917447 0.784721 0.341793 
0.882846 0.778422 0.125086 
0.878179 0.788356 0.123774 
1.19079 0.776704 -0.0326955 
1.18866 0.784791 -0.0309854 
1.18653 0.792895 -0.0293126 
0.818512 0.784554 0.358156 
0.997403 0.779575 0.0197779 
0.993242 0.788692 0.0203601 
1.15259 0.784971 0.106291 
1.15016 0.79338 0.106857 
0.768238 0.779284 0.321534 
0.764381 0.790666 0.318528 
1.09299 0.784649 -0.0736828 
1.08999 0.793195 -0.0716823 
1.04874 0.784047 0.246485 
1.04605 0.793214 0.24571 
0.790796 0.785803 0.23283 
1.15628 0.78384 -0.0942621 
1.15404 0.792057 -0.0920511 
0.925942 0.778125 0.340131 
0.923034 0.788259 0.338193 
0.876316 0.779344 0.130845 
0.871649 0.789334 0.129435 
1.19059 0.776792 -0.038845 
1.18848 0.784875 -0.0370871 
1.18636 0.792975 -0.0353663 
0.823602 0.783105 0.359178 
0.820327 0.794116 0.356466 
0.990143 0.781065 0.0260331 
0.985923 0.79023 0.0264885 
1.1585 0.779191 0.0971511 
1.15607 0.787554 0.0978174 
0.766975 0.785622 0.323643 
1.08944 0.781778 -0.0705895 
1.08639 0.790341 -0.068616 
1.05569 0.784571 0.239279 
1.05301 0.793686 0.23858 
0.790449 0.778515 0.240333 
0.786081 0.789437 0.237726 
1.15476 0.778586 -0.0966348 
1.15252 0.786805 -0.0943874 
0.931442 0.78274 0.335912 
0.928567 0.792834 0.334012 
0.869754 0.78057 0.136648 
0.86509 0.790619 0.135139 
1.19012 0.776744 -0.0446447 
1.18802 0.784825 -0.0428411 
1.1859 0.792923 -0.0410745 
0.828762 0.782258 0.359793 
0.825511 0.793224 0.357117 
0.982834 0.782445 0.0323323 
0.978559 0.791657 0.0326595 
1.16162 0.781884 0.0886895 
1.15921 0.790226 0.0894161 
0.769848 0.780913 0.328395 
0.766062 0.792307 0.325378 
1.08599 0.778287 -0.0671928 
1.08289 0.786867 -0.0652475 
1.06247 0.785191 0.231921 
0.786033 0.782132 0.245129 
0.781702 0.793116 0.242462 
1.1511 0.78084 -0.096558 
1.14882 0.789079 -0.0943143 
0.939833 0.777453 0.333206 
0.936953 0.787472 0.331386 
0.863578 0.781584 0.142401 
0.85892 0.791689 0.140799 
1.18752 0.783779 -0.0482777 
1.18542 0.791875 -0.0464649 
0.834093 0.781187 0.360193 
0.830864 0.792106 0.357557 
0.9759 0.78324 0.0384814 
0.971576 0.792498 0.0386873 
1.16457 0.783697 0.0804666 
1.16218 0.792017 0.0812542 
0.769421 0.78716 0.329898 
1.07982 0.782257 -0.0618323 
1.07663 0.790876 -0.059972 
1.06917 0.784932 0.224691 
1.06652 0.793948 0.224143 
0.782264 0.785155 0.249766 
1.14779 0.781762 -0.0964761 
1.14548 0.790018 -0.0942331 
0.94538 0.781439 0.328628 
0.942527 0.791416 0.326851 
0.858148 0.781896 0.148033 
0.853497 0.792052 0.146351 
1.18724 0.781021 -0.0534843 
1.18514 0.789113 -0.0516222 
0.839666 0.779127 0.360581 
0.836452 0.789995 0.35799 
0.969712 0.783055 0.0443298 
0.965347 0.792354 0.0444284 
1.16754 0.78381 0.0725892 
1.16518 0.792107 0.0734411 
0.773371 0.780938 0.334287 
0.769649 0.79232 0.331282 
1.07426 0.784772 -0.0567697 
1.07099 0.793426 -0.0549879 
1.07589 0.782988 0.217811 
1.07324 0.791952 0.217343 
0.779363 0.787039 0.254272 
1.14506 0.780891 -0.0965712 
1.14272 0.78916 -0.0943228 
0.951034 0.783883 0.324305 
0.948201 0.793816 0.322574 
0.853717 0.781117 0.153497 
0.849075 0.791316 0.151751 
1.18528 0.784152 -0.0566669 
1.18318 0.792253 -0.0547875 
0.842309 0.786301 0.358592 
0.964538 0.781623 0.0497811 
0.960139 0.790955 0.0497916 
1.1707 0.78165 0.0650982 
1.16835 0.789923 0.0660191 
0.774244 0.784493 0.3357 
1.07281 0.776975 -0.053953 
1.06951 0.785632 -0.0521731 
1.0827 0.778812 0.21142 
1.08006 0.787722 0.211036 
0.777436 0.787403 0.258688 
1.14307 0.777981 -0.0969896 
1.14071 0.786257 -0.0947276 
0.956818 0.784274 0.320434 
0.85042 0.779005 0.158769 
0.845784 0.789236 0.156977 
1.18597 0.776766 -0.0617296 
1.18388 0.784855 -0.0597895 
1.18178 0.792962 -0.0578864 
0.848443 0.780666 0.359487 
0.845277 0.791461 0.356955 
0.960523 0.778819 0.0547894 
0.956098 0.788176 0.0547334 
1.17416 0.776929 0.0579746 
1.17181 0.785173 0.0589704 
1.16947 0.793438 0.0599276 
0.77578 0.786164 0.337236 
1.06572 0.784795 -0.04814 
1.06234 0.793499 -0.0464774 
1.08702 0.780996 0.205274 
1.08438 0.789876 0.20494 
0.776496 0.786055 0.263048 
1.13953 0.781264 -0.095547 
1.13712 0.789561 -0.0933053 
0.962742 0.782361 0.317129 
0.959921 0.792197 0.315507 
0.843646 0.785713 0.162021 
1.18311 0.783118 -0.0629521 
1.181 0.791225 -0.0610184 
0.851664 0.783686 0.358271 
0.953253 0.784015 0.0592465 
0.948796 0.793426 0.0590587 
1.17564 0.777821 0.0522331 
1.17331 0.786053 0.0532715 
0.777909 0.78586 0.338968 
1.06291 0.782344 -0.0447056 
1.05948 0.791064 -0.0430792 
1.09152 0.780577 0.199793 
1.0889 0.789424 0.199515 
0.776485 0.782971 0.267379 
0.77228 0.794112 0.26457 
1.13676 0.78258 -0.0945626 
1.13432 0.790892 -0.0923324 
0.968807 0.778118 0.314425 
0.965979 0.787901 0.312864 
0.842605 0.780773 0.166884 
0.837991 0.791085 0.164979 
1.18296 0.779089 -0.066232 
1.18087 0.787192 -0.0642607 
0.855132 0.784585 0.357512 
0.951549 0.778561 0.0633479 
0.947077 0.78798 0.0631369 
1.17521 0.784429 0.047932 
1.17289 0.792666 0.0489805 
0.780546 0.783646 0.340931 
1.06104 0.778441 -0.0418584 
1.05759 0.787169 -0.0402523 
1.09623 0.777711 0.194917 
1.0936 0.786522 0.1947 
0.777304 0.778251 0.271696 
0.773105 0.789387 0.268896 
1.13473 0.78212 -0.0940288 
1.13227 0.790442 -0.0918012 
0.972171 0.781417 0.310795 
0.96936 0.791176 0.309262 
0.837935 0.784838 0.16967 
1.18133 0.781115 -0.0676678 
1.17922 0.789226 -0.0656896 
0.858802 0.783529 0.357196 
0.946391 0.78138 0.0668527 
0.941898 0.790837 0.0665501 
1.1775 0.780562 0.0428711 
1.17519 0.788779 0.043974 
0.783604 0.7797 0.343123 
0.77999 0.791015 0.340175 
1.05655 0.782019 -0.037956 
1.05304 0.790777 -0.0364252 
1.0985 0.781443 0.190402 
1.09589 0.79024 0.190212 
0.774636 0.783195 0.273223 
1.13337 0.780126 -0.0939135 
1.1309 0.788454 -0.0916805 
0.97566 0.782698 0.307764 
0.972858 0.79243 0.306263 
0.838729 0.777442 0.17421 
0.834127 0.787795 0.172251 
1.18022 0.781397 -0.0692446 
1.17811 0.789513 -0.0672538 
0.862635 0.780764 0.357278 
0.859525 0.791436 0.35485 
0.942092 0.783254 0.0699514 
0.937583 0.792742 0.0695735 
1.17783 0.782975 0.0391683 
1.17553 0.79119 0.040292 
0.783385 0.78554 0.34261 
1.05273 0.784588 -0.0345937 
1.04917 0.793371 -0.0331268 
1.10095 0.783277 0.186391 
1.09835 0.792057 0.186231 
0.772579 0.786915 0.274736 
1.13258 0.776864 -0.0941698 
1.1301 0.785193 -0.0919242 
1.12759 0.793542 -0.0897241 
0.979251 0.782267 0.305245 
0.976453 0.79197 0.303778 
0.835617 0.779425 0.176677 
0.831026 0.789811 0.174673 
1.17956 0.780247 -0.0709629 
1.17745 0.788364 -0.0689546 
0.863481 0.787207 0.355305 
0.938505 0.784349 0.0727275 
0.933982 0.793864 0.0722877 
1.17847 0.783798 0.035672 
1.17617 0.792008 0.0368205 
0.787043 0.778834 0.345222 
0.783456 0.790123 0.342297 
1.05303 0.777572 -0.0331542 
1.04947 0.786348 -0.0316697 
1.10354 0.783568 0.18278 
1.10095 0.79233 0.182654 
0.775153 0.77845 0.279088 
0.771 0.78963 0.27625 
1.12978 0.780926 -0.0924779 
1.12726 0.789273 -0.0902595 
0.982925 0.780456 0.303137 
0.980126 0.790128 0.301707 
0.833062 0.780656 0.179015 
0.828482 0.79107 0.176975 
1.17927 0.777976 -0.0728129 
1.17717 0.786092 -0.0707832 
0.867532 0.781852 0.356024 
0.864447 0.792483 0.353631 
0.935475 0.784837 0.0752564 
1.17935 0.783385 0.0323224 
1.17706 0.791586 0.033499 
0.7873 0.782421 0.345087 
0.783739 0.793716 0.342154 
1.05024 0.778702 -0.0305237 
1.04665 0.787496 -0.0290848 
1.10626 0.782676 0.179467 
1.10367 0.791417 0.179376 
0.77391 0.780367 0.28063 
0.769775 0.791568 0.277773 
1.1273 0.784253 -0.0910408 
1.12475 0.792616 -0.0888457 
0.986663 0.777604 0.301334 
0.983858 0.787244 0.299943 
0.830918 0.781321 0.181261 
0.826346 0.791759 0.17919 
1.17716 0.782996 -0.0727231 
1.17503 0.791126 -0.0707065 
0.868555 0.786259 0.354584 
0.932849 0.784886 0.0776062 
1.18041 0.78208 0.0290658 
1.17813 0.790272 0.0302728 
