1.12983 0.00767415 -0.268802 
1.28833 0.00161513 0.0238201 
1.13143 0.00322206 0.254738 
1.13844 0.00596065 -0.333765 
1.23778 7.01016e-05 0.239683 
1.23591 0.00776406 0.242125 
1.16835 0.00374743 0.0544201 
1.20436 0.00428142 -0.288282 
1.1599 0.000148227 0.335932 
1.15727 0.00826675 0.338075 
1.15117 0.00292704 -0.172671 
1.27699 0.00612854 -0.116531 
1.11981 0.0030286 0.321898 
1.12418 0.00783826 -0.310743 
1.27646 0.00496093 0.12235 
1.14807 0.00586728 0.184572 
1.16122 0.00551904 -0.327341 
1.20318 0.00347378 0.296104 
1.16921 0.00463798 -0.0424855 
1.23696 0.00158627 -0.235164 
1.13424 0.00671301 0.344634 
1.13542 0.00615025 -0.243085 
1.28825 0.00241507 -0.0210861 
1.12563 0.00208401 0.28029 
1.13127 0.00686581 -0.331048 
1.25205 0.00030058 0.206881 
1.25043 0.00792656 0.209396 
1.16435 0.0009546 0.0962456 
1.19044 0.00660635 -0.304405 
1.17167 0.00328805 0.32838 
1.15838 0.00284134 -0.134935 
1.2668 0.00432257 -0.157855 
1.12118 0.00471362 0.333833 
1.12444 0.0052254 -0.295125 
1.28374 0.00502856 0.0788922 
1.13935 0.00777266 0.219683 
1.14977 0.00519144 -0.33231 
1.21873 0.00288108 0.273759 
1.17038 0.0012008 0.000294319 
1.22277 0.00515023 -0.261521 
1.14515 0.00327152 0.342513 
1.14164 0.00210327 -0.214124 
1.2849 0.00303945 -0.0656297 
1.12093 0.00407178 0.302345 
1.12538 0.00415309 -0.325292 
1.2642 0.00362624 0.170921 
1.15705 0.0073659 0.139566 
1.17625 0.00506906 -0.317337 
1.18598 0.00166491 0.315831 
1.16419 0.00128325 -0.0951364 
1.25365 1.93453e-05 -0.196541 
1.25515 0.00763328 -0.193986 
1.12689 0.00183035 0.340195 
1.12876 0.00740836 -0.273609 
1.2878 0.00570914 0.0343716 
1.13275 0.00355963 0.249143 
1.13885 0.00184284 -0.334902 
1.23322 0.00638479 0.24771 
1.16881 0.00579991 0.046465 
1.20747 0.00466526 -0.284236 
1.15659 0.00289379 0.337941 
1.1499 0.00416183 -0.179448 
1.27831 0.00303957 -0.109147 
1.12036 0.00124942 0.318575 
1.12371 0.00602272 -0.313956 
1.27506 0.00185749 0.129727 
1.1494 0.0071333 0.177704 
1.16195 0.000152684 -0.32744 
1.16449 0.00824917 -0.325236 
1.20003 0.00388237 0.300071 
1.1688 0.00667777 -0.0504004 
1.2396 0.000201437 -0.229528 
1.24134 0.00788128 -0.22704 
1.13389 0.00260585 0.343432 
1.13417 0.00645333 -0.248579 
1.28858 0.00651452 -0.0105304 
1.12679 0.00185586 0.275378 
1.13146 0.00342382 -0.33275 
1.24807 0.00587262 0.215656 
1.16514 0.00284736 0.0885251 
1.19365 0.0078219 -0.301044 
1.16835 0.00541312 0.330913 
1.15729 0.00439971 -0.142151 
1.26859 0.00161267 -0.150891 
1.12141 0.00217603 0.331239 
1.12366 0.00414813 -0.299063 
1.28283 0.00172369 0.086552 
1.1429 0.000442986 0.210622 
1.14076 0.00865825 0.21335 
1.15039 0.00035932 -0.332865 
1.153 0.00852473 -0.330686 
1.21576 0.00243293 0.278469 
1.17034 0.00331152 -0.00774719 
1.22565 0.00452173 -0.256596 
1.14189 0.00676081 0.343922 
1.14031 0.00287353 -0.220245 
1.28607 0.00720481 -0.0552042 
1.12184 0.00317714 0.29815 
1.12528 0.00143624 -0.327636 
1.26226 0.00100189 0.177765 
1.26086 0.00858104 0.180335 
1.15958 0.000887035 0.129129 
1.17952 0.00703557 -0.314596 
1.18271 0.00306529 0.318974 
1.16335 0.00310599 -0.102714 
1.25734 0.00545248 -0.187565 
1.12402 0.00687326 0.340386 
1.12773 0.00701587 -0.278274 
1.28739 0.00234169 0.042173 
1.1341 0.00399827 0.243417 
1.14198 0.00583214 -0.333777 
1.23047 0.00515083 0.253154 
1.16922 0.00787248 0.0384801 
1.21055 0.00487654 -0.280045 
1.15328 0.00576705 0.339843 
1.14863 0.0053265 -0.186131 
1.28032 0.00739913 -0.0990037 
1.1182 0.00797637 0.317305 
1.12331 0.00405571 -0.317018 
1.27251 0.0063426 0.139672 
1.15249 0.000305957 0.167826 
1.15072 0.00846715 0.170747 
1.16525 0.00277469 -0.325248 
1.19684 0.00446447 0.303893 
1.1677 0.000613717 -0.0615261 
1.16833 0.00869152 -0.0582734 
1.24389 0.00634519 -0.221259 
1.1308 0.00690919 0.344214 
1.13295 0.00665081 -0.253938 
1.28868 0.00314681 -0.00270722 
1.12798 0.00174998 0.270325 
1.1344 0.00812168 -0.332165 
1.24564 0.00394303 0.221788 
1.16588 0.0047789 0.0807516 
1.19456 0.000961417 -0.299854 
1.16501 0.0076751 0.333329 
1.15617 0.00589876 -0.14929 
1.2714 0.00635561 -0.141194 
1.1189 0.00814165 0.33064 
1.12294 0.00292521 -0.302852 
1.28109 0.00593677 0.0968615 
1.14427 0.00141677 0.204151 
1.15365 0.00358159 -0.331159 
1.21274 0.00215259 0.283029 
1.17024 0.00541671 -0.0157771 
1.22849 0.00373443 -0.251526 
1.1414 0.00215723 0.343127 
1.13898 0.00355732 -0.226246 
1.28669 0.00387712 -0.0474722 
1.12281 0.00242339 0.293809 
1.12796 0.00689042 -0.327672 
1.25881 0.00606582 0.187069 
1.16061 0.00259024 0.121668 
1.18037 0.000866961 -0.313992 
1.17942 0.0046228 0.321986 
1.16246 0.00488207 -0.110227 
1.25946 0.00315783 -0.181028 
1.12402 0.00374158 0.338346 
1.12674 0.00649279 -0.282794 
1.2865 0.00644964 0.0526841 
1.13547 0.00453402 0.237562 
1.14247 0.00146357 -0.33471 
1.22767 0.00406634 0.258453 
1.16991 0.00189317 0.0271824 
1.21359 0.00491599 -0.275707 
1.15264 0.000606134 0.339514 
1.14734 0.00641875 -0.192713 
1.28143 0.00420964 -0.0914912 
1.11889 0.00649666 0.313703 
1.12295 0.00193723 -0.319929 
1.27091 0.00337294 0.146892 
1.15372 0.00171229 0.160758 
1.16855 0.00526774 -0.322948 
1.19363 0.00521895 0.307572 
1.16711 0.00259476 -0.0693411 
1.24637 0.00467453 -0.215346 
1.13055 0.00306978 0.342791 
1.13176 0.00673845 -0.25916 
1.28865 0.00723924 0.00786219 
1.12921 0.0017621 0.265134 
1.13469 0.00440122 -0.333634 
1.24316 0.0021419 0.22779 
1.16657 0.00674579 0.0729286 
1.19776 0.00186158 -0.296235 
1.16427 0.00197843 0.333483 
1.15502 0.00733635 -0.156349 
1.273 0.00347173 -0.134045 
1.11927 0.00590651 0.327769 
1.12227 0.00155478 -0.306491 
1.27998 0.0026931 0.104425 
1.14564 0.00246791 0.197573 
1.15691 0.00667525 -0.329348 
1.20968 0.00204257 0.287441 
1.17007 0.00751217 -0.0237887 
1.23129 0.00279212 -0.246312 
1.13819 0.00590565 0.344337 
1.13767 0.0041512 -0.232123 
1.28722 0.0005374 -0.0397127 
1.2875 0.00800542 -0.0369765 
1.12382 0.00180732 0.289322 
1.12799 0.00387907 -0.329754 
1.25669 0.00365643 0.193691 
1.16159 0.00434448 0.114142 
1.18365 0.00255749 -0.311023 
1.17611 0.00633327 0.324869 
1.16153 0.00660873 -0.117674 
1.26151 0.000753939 -0.174379 
1.26283 0.00833226 -0.171782 
1.12407 0.000757358 0.336165 
1.12581 0.00583546 -0.28717 
1.28589 0.00309674 0.060444 
1.13686 0.00516305 0.231581 
1.14565 0.00518627 -0.333385 
1.22483 0.00313544 0.263607 
1.17012 0.00399485 0.0191507 
1.2166 0.00478509 -0.271223 
1.14935 0.00371658 0.341224 
1.14604 0.00743617 -0.199192 
1.28247 0.000982743 -0.0839244 
1.28309 0.00847032 -0.0812134 
1.11964 0.0051669 0.30995 
1.12539 0.00800188 -0.320491 
1.26924 0.00047794 0.154028 
1.26802 0.00802583 0.15664 
1.15493 0.00318186 0.153608 
1.17183 0.00762969 -0.320537 
1.1904 0.00614396 0.311109 
1.16647 0.00454215 -0.0771047 
1.2488 0.00287326 -0.209302 
1.12753 0.00766667 0.343341 
1.13061 0.00671196 -0.264243 
1.28854 0.00386821 0.0156899 
1.13047 0.00188792 0.259804 
1.13501 0.000546108 -0.33498 
1.24061 0.000473311 0.233659 
1.23879 0.00815352 0.236115 
1.16792 0.000665972 0.0618159 
1.20093 0.00259145 -0.292475 
1.16095 0.00448585 0.335692 
1.15217 0.000552193 -0.166272 
1.15385 0.00871034 -0.163325 
1.27452 0.000514817 -0.126813 
1.27548 0.00803611 -0.124147 
1.1197 0.00382426 0.324745 
1.12167 3.53611e-05 -0.309979 
1.12435 0.00837452 -0.307722 
1.2779 0.00699359 0.114606 
1.14699 0.00359383 0.190892 
1.1576 0.00151933 -0.329634 
1.20659 0.00210473 0.291703 
1.1695 0.0015247 -0.0350627 
1.23404 0.00169876 -0.240955 
1.13776 0.00154483 0.343341 
1.13637 0.00465151 -0.237873 
1.28791 0.00465479 -0.0291938 
1.12488 0.00132541 0.28469 
1.12806 0.000722482 -0.331697 
1.2545 0.00135778 0.200199 
1.16253 0.00614698 0.106553 
1.1869 0.00409429 -0.307926 
1.17531 0.000164591 0.325439 
1.17278 0.00819243 0.327628 
1.15924 0.000162578 -0.128138 
1.16057 0.00828331 -0.125052 
1.26478 0.00581531 -0.16502 
1.12137 0.00625872 0.335971 
1.12492 0.00504051 -0.291398 
1.28464 0.00723294 0.0708909 
1.13825 0.00588175 0.225477 
1.14621 0.000579944 -0.334124 
1.22194 0.00236209 0.268613 
1.17026 0.00610393 0.0111093 
1.21958 0.00448598 -0.266592 
1.14606 0.00695756 0.342828 
1.14269 0.000165766 -0.208324 
1.14474 0.00837616 -0.205563 
1.284 0.00520835 -0.073596 
1.12044 0.00398541 0.306047 
1.12517 0.00558323 -0.323124 
1.26623 0.00521992 0.16368 
1.15611 0.00471245 0.146381 
1.17264 0.00182351 -0.320252 
1.18714 0.00723696 0.314507 
1.16578 0.00645243 -0.0848135 
1.25116 0.000945303 -0.203131 
1.2527 0.00857071 -0.200585 
1.12737 0.00410534 0.341683 
1.12949 0.00656706 -0.269186 
1.28835 0.000497046 0.0235135 
1.28815 0.0079612 0.0262511 
1.13177 0.00212313 0.254339 
1.13808 0.00481593 -0.334067 
1.23616 0.00663414 0.241839 
1.16843 0.00269544 0.053895 
1.20407 0.00314949 -0.288574 
1.15762 0.00712258 0.337792 
1.15092 0.00185369 -0.173136 
1.27688 0.00500718 -0.116834 
1.12019 0.0018951 0.32157 
1.12382 0.00670866 -0.311082 
1.27659 0.00383867 0.12205 
1.14834 0.00479208 0.184114 
1.16089 0.00437849 -0.327636 
1.20347 0.00234025 0.295818 
1.16914 0.00358657 -0.0430124 
1.23673 0.000458413 -0.235457 
1.23852 0.00815207 -0.232981 
1.13461 0.00556473 0.344343 
1.13509 0.00505439 -0.243494 
1.28823 0.00129759 -0.0213931 
1.12599 0.000973879 0.279916 
1.13092 0.00572336 -0.331358 
1.25064 0.00679949 0.209107 
1.16343 0.00799479 0.0989048 
1.19014 0.00547328 -0.304698 
1.172 0.00214913 0.328093 
1.15818 0.00177705 -0.135424 
1.26664 0.00319976 -0.158155 
1.12155 0.00357269 0.333521 
1.12408 0.00410491 -0.29548 
1.28382 0.0039092 0.0785886 
1.13966 0.00668675 0.219255 
1.14943 0.00404826 -0.332607 
1.219 0.00175006 0.273472 
