0.782123 1.5708 0.0447612 
0.782195 1.5728 0.0442039 
0.782269 1.57481 0.0436467 
0.782345 1.57681 0.0430897 
0.782423 1.57882 0.0425327 
0.830049 1.56614 -0.0504565 
0.829615 1.57763 -0.0534442 
0.889878 1.5697 0.0403184 
0.754488 1.56829 -0.0022279 
0.90087 1.57037 -0.0285659 
0.815187 1.57027 0.0551186 
0.79452 1.56452 -0.0439267 
0.794125 1.57641 -0.0471764 
0.913359 1.56269 0.0211479 
0.913526 1.57333 0.0188058 
0.759306 1.56425 0.024862 
0.759505 1.57658 0.0213519 
0.870053 1.56246 -0.0431185 
0.869654 1.57352 -0.0458013 
0.852768 1.57137 0.0536369 
0.767366 1.57075 -0.0290982 
0.918491 1.56555 -0.00339388 
0.918466 1.57615 -0.00569163 
0.779921 1.56602 0.0449178 
0.78031 1.57809 0.0415575 
0.832943 1.56349 -0.0497633 
0.832493 1.57495 -0.0527289 
0.887429 1.56428 0.0428771 
0.887794 1.57517 0.0403246 
0.754779 1.5684 -0.0042132 
0.902856 1.56441 -0.0257181 
0.902624 1.57515 -0.0281418 
0.812423 1.56833 0.0552588 
0.796991 1.56333 -0.0444351 
0.796581 1.5752 -0.0476666 
0.912222 1.56687 0.0219242 
0.912428 1.57752 0.0195735 
0.75839 1.56421 0.0230639 
0.758574 1.57655 0.0195472 
0.87241 1.56894 -0.0437703 
0.84984 1.56772 0.0550528 
0.850333 1.57898 0.0522087 
0.768925 1.57044 -0.0305494 
0.918847 1.56943 -0.00245445 
0.777898 1.56533 0.0438869 
0.778272 1.57742 0.0405119 
0.835386 1.57215 -0.0519229 
0.885277 1.56987 0.0428119 
0.75516 1.5685 -0.00618491 
0.904514 1.56911 -0.0252443 
0.809693 1.56649 0.0553128 
0.810175 1.5782 0.0521695 
0.799087 1.57389 -0.0480774 
0.911005 1.57113 0.0226599 
0.757564 1.5642 0.0212293 
0.757731 1.57655 0.0177065 
0.87514 1.56426 -0.0416709 
0.874767 1.57527 -0.0443145 
0.846912 1.5642 0.056382 
0.847386 1.5755 0.0535148 
0.770565 1.57008 -0.0319416 
0.919113 1.5627 0.000788555 
0.919102 1.57329 -0.00150433 
0.775947 1.5647 0.0427863 
0.776307 1.57682 0.039397 
0.838293 1.56922 -0.0510261 
0.882718 1.56466 0.0452461 
0.883105 1.57559 0.0426561 
0.755631 1.56859 -0.0081393 
0.906328 1.563 -0.022316 
0.906115 1.57371 -0.0247114 
0.807 1.56475 0.0552815 
0.807467 1.57649 0.0521183 
0.80164 1.5725 -0.0484076 
0.90949 1.56478 0.0257251 
0.909713 1.57545 0.0233515 
0.756826 1.56422 0.0193614 
0.756977 1.57658 0.0158333 
0.877448 1.57045 -0.0421273 
0.844442 1.57213 0.0547331 
0.772284 1.56967 -0.0332726 
0.91923 1.56655 0.00174437 
0.919257 1.57714 -0.000547644 
0.774071 1.56414 0.0416174 
0.774415 1.57627 0.0382145 
0.84121 1.56618 -0.0500389 
0.84078 1.57754 -0.052943 
0.880485 1.57051 0.0450124 
0.756191 1.56866 -0.0100727 
0.907825 1.56752 -0.0217387 
0.907653 1.57822 -0.024123 
0.804347 1.56311 0.0551659 
0.804799 1.57488 0.051983 
0.804238 1.57103 -0.0486563 
0.908087 1.56918 0.0263795 
0.756179 1.56426 0.0174637 
0.756313 1.57663 0.013931 
0.880096 1.56552 -0.0398774 
0.87975 1.57649 -0.0424825 
0.841503 1.56889 0.0558625 
0.774081 1.5692 -0.0345405 
0.919245 1.57039 0.00270317 
0.77227 1.56363 0.0403819 
0.7726 1.57579 0.0369659 
0.844134 1.56301 -0.0489618 
0.843687 1.57434 -0.0518433 
0.877828 1.56552 0.0473096 
0.87824 1.5765 0.0446813 
0.75684 1.56872 -0.0119814 
0.909256 1.57196 -0.0211091 
0.802174 1.57337 0.0517648 
0.806878 1.56945 -0.0488223 
0.906377 1.56295 0.0293825 
0.906617 1.57366 0.0269828 
0.755621 1.56432 0.0155399 
0.755739 1.5767 0.0120031 
0.882342 1.57143 -0.040151 
0.838571 1.56578 0.0569021 
0.839063 1.57716 0.0539725 
0.775954 1.56868 -0.0357435 
0.919118 1.56365 0.00595411 
0.91916 1.57424 0.00366079 
0.770549 1.56317 0.0390818 
0.770863 1.57536 0.0356533 
0.8466 1.57101 -0.0506543 
0.87553 1.57165 0.0468941 
0.757579 1.56875 -0.013862 
0.91077 1.56564 -0.0180704 
0.910615 1.57631 -0.0204305 
0.799594 1.57194 0.0514645 
0.809557 1.56778 -0.0489045 
0.809149 1.5795 -0.0520441 
0.904803 1.56751 0.0299432 
0.905083 1.57823 0.0275318 
0.755152 1.5644 0.0135935 
0.755254 1.57679 0.0100534 
0.884895 1.56628 -0.0377626 
0.884573 1.5772 -0.0403301 
0.835651 1.56279 0.0578515 
0.836124 1.57421 0.0548994 
0.7779 1.5681 -0.0368799 
0.918893 1.5675 0.00690809 
0.918973 1.57809 0.00461307 
0.768907 1.56278 0.0377189 
0.769205 1.57498 0.0342785 
0.849514 1.56756 -0.049377 
0.849102 1.57883 -0.0522186 
0.87279 1.5669 0.0490421 
0.873227 1.57793 0.0463746 
0.758408 1.56876 -0.0157108 
0.912016 1.56992 -0.0173559 
0.797061 1.5706 0.0510831 
0.812273 1.56602 -0.048902 
0.81185 1.5777 -0.0520214 
0.903169 1.57217 0.0304462 
0.754773 1.5645 0.0116283 
0.754859 1.57689 0.00808546 
0.887062 1.57193 -0.0378665 
0.833199 1.57137 0.055736 
0.779917 1.56746 -0.037948 
0.918569 1.57137 0.00785317 
0.767346 1.56243 0.0362954 
0.76763 1.57465 0.0328436 
0.852429 1.56398 -0.0480127 
0.851998 1.57522 -0.0508314 
0.870025 1.56226 0.0511222 
0.870441 1.57332 0.0484318 
0.759325 1.56874 -0.0175246 
0.91332 1.56348 -0.0142601 
0.913183 1.57413 -0.0165992 
0.79458 1.56935 0.0506218 
0.815024 1.56414 -0.0488138 
0.814585 1.5758 -0.0519127 
0.901181 1.56618 0.0333294 
0.90148 1.57693 0.0308881 
0.754484 1.5646 0.00964797 
0.754553 1.577 0.00610306 
0.889506 1.56656 -0.0353518 
0.889207 1.57744 -0.0378827 
0.83029 1.56866 0.056482 
0.782004 1.56676 -0.0389463 
0.781669 1.57881 -0.0422878 
0.918051 1.56467 0.0110877 
0.918146 1.57526 0.00878524 
0.765869 1.56213 0.0348134 
0.766137 1.57437 0.0313509 
0.854891 1.57149 -0.0493586 
0.867632 1.56882 0.0504185 
0.76033 1.56869 -0.0193 
0.914366 1.56764 -0.0134728 
0.914268 1.57827 -0.015804 
0.792151 1.56818 0.0500814 
0.817806 1.56217 -0.0486389 
0.817353 1.57379 -0.0517169 
0.8994 1.57102 0.0337198 
0.754285 1.56472 0.00765627 
0.754338 1.57711 0.00410997 
0.89158 1.57196 -0.0352991 
0.827399 1.56606 0.0571377 
0.827894 1.57757 0.0541248 
0.784157 1.56599 -0.0398736 
0.783808 1.57801 -0.0431993 
0.917492 1.56859 0.0120069 
0.917625 1.57919 0.00970022 
0.764729 1.57414 0.0298029 
0.857778 1.56762 -0.0478018 
0.85738 1.57882 -0.0505805 
0.864803 1.56444 0.0523319 
0.865246 1.57555 0.0496016 
0.761424 1.56861 -0.021034 
0.915327 1.57173 -0.0126503 
0.789778 1.56709 0.0494631 
0.790216 1.57903 0.0461745 
0.820149 1.57168 -0.0514333 
0.897254 1.56519 0.0365157 
0.897572 1.57598 0.0340423 
0.754175 1.56484 0.00565702 
0.754212 1.57724 0.00210999 
0.8939 1.5664 -0.0326697 
0.893623 1.57723 -0.0351656 
0.824528 1.56359 0.0577032 
0.825007 1.57513 0.0546686 
0.786374 1.56515 -0.0407283 
0.78601 1.57715 -0.0440378 
0.916839 1.57254 0.0129055 
0.763406 1.57395 0.0282022 
0.860655 1.56364 -0.0461631 
0.860239 1.5748 -0.0489189 
0.862381 1.57131 0.051416 
0.762605 1.5685 -0.0227233 
0.916282 1.56514 -0.00948085 
0.916199 1.57576 -0.0117963 
0.787464 1.56608 0.0487679 
0.787886 1.57805 0.0454624 
0.822973 1.56945 -0.0510611 
0.895342 1.57024 0.0367808 
0.754156 1.56497 0.00365404 
0.754175 1.57736 0.00010694 
0.895864 1.57156 -0.0324734 
0.822144 1.5728 0.0551229 
0.788652 1.56424 -0.0415094 
0.788274 1.57621 -0.0448021 
0.915944 1.56592 0.0160997 
0.916092 1.57654 0.0137797 
0.762169 1.5738 0.0265513 
0.863085 1.57067 -0.0471773 
0.859501 1.5672 0.0531521 
0.859974 1.57836 0.0503816 
0.763872 1.56834 -0.0243651 
0.917024 1.56914 -0.008605 
0.78521 1.56514 0.0479969 
0.785618 1.57714 0.044675 
0.825821 1.56711 -0.0505995 
0.825393 1.57864 -0.0536188 
0.893052 1.56459 0.0394786 
0.893391 1.57542 0.0369711 
0.754225 1.56509 0.00165115 
0.754228 1.57749 -0.00189536 
0.898046 1.56582 -0.0297405 
0.89779 1.57661 -0.0322031 
0.819306 1.57058 0.0554883 
0.79099 1.56326 -0.0422155 
0.790597 1.5752 -0.045491 
0.915069 1.56997 0.0169519 
0.76102 1.57369 0.0248533 
0.865917 1.56642 -0.0453581 
0.86553 1.57752 -0.0480739 
0.856611 1.5632 0.0548076 
0.857065 1.57439 0.0520139 
0.765225 1.56815 -0.0259567 
0.917739 1.56248 -0.00540137 
0.917672 1.57309 -0.00770495 
0.78302 1.56427 0.0471513 
0.783414 1.5763 0.0438134 
0.828691 1.56465 -0.0500481 
0.828247 1.57615 -0.0530457 
0.891024 1.56986 0.0396055 
0.754385 1.56521 -0.000347836 
0.754371 1.57761 -0.00389309 
0.899885 1.57077 -0.0294134 
0.816498 1.56847 0.0557654 
0.793383 1.5622 -0.0428456 
0.792977 1.57411 -0.0461034 
0.913942 1.56343 0.0201096 
0.914106 1.57407 0.0177725 
0.759958 1.57361 0.0231111 
0.868324 1.57312 -0.0461569 
0.854148 1.57055 0.0535636 
0.766663 1.56791 -0.0274953 
0.918253 1.5664 -0.004485 
0.918225 1.577 -0.00678467 
0.780897 1.56347 0.0462323 
0.781275 1.57553 0.042879 
0.83158 1.56207 -0.0494065 
0.83112 1.57354 -0.0523821 
0.888605 1.5644 0.0421939 
0.888965 1.57527 0.0396507 
0.754634 1.56533 -0.0023391 
0.754604 1.57772 -0.00588245 
0.901913 1.56485 -0.0265875 
0.901677 1.5756 -0.0290189 
0.81372 1.56647 0.055955 
0.814208 1.57813 0.0528412 
0.79541 1.57294 -0.0466382 
0.912857 1.56758 0.0209028 
0.91306 1.57823 0.0185575 
0.758985 1.57356 0.0213278 
0.871097 1.56861 -0.0441674 
0.851226 1.56684 0.055029 
0.851711 1.57808 0.0521951 
0.768184 1.56763 -0.0289786 
0.91867 1.57029 -0.00355188 
0.778842 1.56274 0.0452413 
0.779205 1.57482 0.041873 
0.83401 1.57081 -0.0516278 
0.886477 1.56992 0.0421692 
0.754973 1.56544 -0.00431886 
0.754926 1.57783 -0.00785964 
0.903611 1.5696 -0.0261419 
0.810975 1.56457 0.0560578 
0.811448 1.57627 0.0529237 
0.797895 1.57169 -0.0470941 
0.911691 1.5718 0.0216573 
0.758101 1.57355 0.0195066 
0.873846 1.56399 -0.0421081 
0.873467 1.57501 -0.0447618 
0.848302 1.56324 0.0564083 
0.848768 1.57452 0.0535513 
0.769786 1.5673 -0.0304041 
0.769529 1.5795 -0.0338352 
0.919 1.56357 -0.000312382 
0.918987 1.57416 -0.00260611 
0.776857 1.56208 0.0441796 
0.777206 1.57418 0.0407968 
0.836915 1.56796 -0.0507827 
0.836493 1.57938 -0.0537194 
0.883944 1.56466 0.0446362 
0.884326 1.57557 0.0420559 
0.755401 1.56554 -0.00628337 
0.755339 1.57792 -0.00982092 
0.905469 1.56353 -0.0232331 
0.905253 1.57425 -0.0256356 
0.808267 1.56278 0.0560749 
0.808724 1.5745 0.0529206 
0.800428 1.57035 -0.0474702 
0.910228 1.56542 0.0247368 
0.910447 1.57609 0.0223693 
0.757305 1.57356 0.017651 
0.876168 1.57025 -0.042613 
0.845827 1.57109 0.0548203 
0.771469 1.56693 -0.0317697 
0.771197 1.5791 -0.0351884 
0.919179 1.56742 0.00064052 
0.919203 1.57801 -0.00165183 
0.77528 1.5736 0.039652 
0.839831 1.56499 -0.0498472 
0.839393 1.57637 -0.0527615 
0.881731 1.57043 0.0444466 
0.75592 1.56562 -0.0082289 
0.755841 1.578 -0.0117626 
0.90701 1.56809 -0.022681 
0.906834 1.5788 -0.0250719 
0.806039 1.57284 0.052833 
0.803006 1.56893 -0.0477654 
0.908872 1.56978 0.0254129 
0.7566 1.5736 0.0157643 
0.878839 1.56539 -0.0404002 
0.878487 1.57636 -0.0430151 
0.842889 1.56778 0.0560007 
0.84339 1.57912 0.053104 
0.77323 1.5665 -0.0330733 
0.772943 1.57865 -0.0364791 
0.919256 1.57127 0.00159838 
0.773429 1.57308 0.0384403 
0.842301 1.57324 -0.0517132 
0.879098 1.56539 0.0467797 
0.879504 1.57636 0.0441614 
0.756527 1.56569 -0.0101518 
0.756432 1.57806 -0.0136809 
0.908486 1.57257 -0.0220748 
0.803395 1.57127 0.0526618 
0.805629 1.56741 -0.0479785 
0.805225 1.57918 -0.0511468 
0.90721 1.56353 0.0284325 
0.907446 1.57423 0.0260398 
0.755983 1.57366 0.0138502 
0.881102 1.57137 -0.0407191 
0.839958 1.56459 0.0570918 
0.840441 1.57596 0.0541723 
0.775068 1.56601 -0.034313 
0.774766 1.57814 -0.0377053 
0.919194 1.56452 0.00484961 
0.919233 1.57511 0.00255703 
0.771655 1.57261 0.0371633 
0.845215 1.56998 -0.0505752 
0.876815 1.57144 0.0464117 
0.757225 1.56573 -0.0120485 
0.757113 1.57809 -0.0155724 
0.910051 1.56628 -0.019052 
0.909893 1.57696 -0.021418 
0.800795 1.56979 0.052408 
0.808292 1.5658 -0.0481085 
0.807873 1.57753 -0.0512571 
0.905678 1.56804 0.0290181 
0.905955 1.57876 0.026614 
0.755457 1.57373 0.0119121 
0.883681 1.56627 -0.0383647 
0.883353 1.5772 -0.0409417 
0.837501 1.57293 0.0551508 
0.77698 1.56547 -0.035487 
0.776664 1.57758 -0.0388653 
0.919031 1.56837 0.00580607 
0.919108 1.57896 0.0035123 
0.769961 1.5722 0.035823 
0.848133 1.56659 -0.0493484 
0.847713 1.57789 -0.0522004 
0.874095 1.56663 0.0485987 
0.874526 1.57765 0.0459413 
0.758011 1.56576 -0.0139154 
0.757884 1.57811 -0.0174335 
0.911346 1.5706 -0.0183579 
0.798242 1.5684 0.0520725 
0.810993 1.56409 -0.0481543 
0.810559 1.57579 -0.0512829 
0.904086 1.57266 0.0295478 
0.75502 1.57382 0.00995371 
0.88587 1.57198 -0.0385105 
0.834573 1.57003 0.056039 
0.778965 1.56486 -0.0365938 
0.778634 1.57695 -0.0399575 
0.918768 1.57223 0.00675559 
0.768347 1.57185 0.0344213 
0.851052 1.56309 -0.048034 
0.850614 1.57435 -0.0508631 
0.871758 1.57298 0.0480392 
0.758887 1.56576 -0.0157491 
0.758743 1.57809 -0.0192607 
0.912706 1.56419 -0.0152757 
0.912564 1.57484 -0.01762 
0.795738 1.5671 0.0516563 
0.796194 1.57897 0.0484112 
0.81373 1.56228 -0.048115 
0.813281 1.57395 -0.0512232 
0.902141 1.56662 0.0324514 
0.902435 1.57737 0.0300181 
0.754672 1.57393 0.00797882 
0.888343 1.56667 -0.0360267 
0.888039 1.57756 -0.0385669 
0.831659 1.56725 0.0568368 
0.832162 1.5787 0.0538558 
0.78102 1.5642 -0.0376316 
0.780674 1.57626 -0.0409803 
0.918313 1.56552 0.00999419 
0.918405 1.57611 0.00769404 
0.766815 1.57154 0.0329606 
0.853514 1.57068 -0.0494394 
0.868965 1.56842 0.0500679 
0.869423 1.57948 0.047371 
0.759851 1.56573 -0.0175463 
0.759692 1.57805 -0.0210507 
0.913804 1.56838 -0.0145058 
0.913702 1.57902 -0.0168417 
0.793285 1.56588 0.0511606 
0.793727 1.57778 0.0478974 
0.816036 1.572 -0.0510771 
