1.03337 0.78282 0.0446283 
1.0297 0.791821 0.0451916 
1.048 0.785509 0.188165 
0.867326 0.781129 0.218451 
0.863266 0.791464 0.21657 
1.10379 0.782151 0.017019 
1.10081 0.790751 0.0181565 
0.941193 0.782763 0.27181 
0.93797 0.792701 0.270256 
0.94204 0.785763 0.12246 
1.11387 0.779952 0.0831996 
1.11107 0.788562 0.0838262 
0.864057 0.786795 0.273673 
1.04399 0.784094 0.0364956 
1.04041 0.793031 0.0371896 
1.03764 0.77831 0.20236 
1.03464 0.787501 0.201798 
0.874752 0.777116 0.20827 
0.87064 0.787364 0.206506 
1.11054 0.77725 0.0195019 
1.10762 0.785811 0.0206561 
0.930429 0.778975 0.276962 
0.927151 0.788993 0.275322 
0.955204 0.784512 0.110743 
0.951074 0.794048 0.110178 
1.10866 0.780545 0.0969884 
1.10584 0.789199 0.0974877 
0.860269 0.785086 0.269176 
1.05467 0.783606 0.0294005 
1.05119 0.792477 0.0302193 
1.02349 0.781283 0.215286 
1.02047 0.790583 0.214557 
0.878916 0.784055 0.195838 
1.11403 0.779294 0.0243211 
1.11115 0.787844 0.0254355 
0.919689 0.776964 0.280606 
0.916359 0.787062 0.278883 
0.968739 0.782954 0.0991392 
0.964656 0.79239 0.098778 
1.10219 0.780558 0.111418 
1.09935 0.789264 0.111784 
0.857462 0.784739 0.263309 
1.06536 0.781247 0.0234088 
1.06199 0.790053 0.0243452 
1.00864 0.785587 0.227112 
0.888041 0.781439 0.18469 
0.883871 0.791545 0.183129 
1.1171 0.779722 0.0303157 
1.11426 0.788263 0.0313855 
0.905679 0.786813 0.280972 
0.982545 0.780926 0.0876961 
0.978523 0.790262 0.0875425 
1.09444 0.78028 0.126281 
1.09158 0.789045 0.126506 
0.855683 0.785707 0.25613 
1.076 0.776974 0.0185585 
1.07273 0.785714 0.0196037 
0.996246 0.781977 0.23863 
0.99317 0.791487 0.237603 
0.897966 0.779411 0.173178 
0.893771 0.78942 0.171765 
1.11962 0.77854 0.0375297 
1.11681 0.787072 0.03855 
0.898635 0.777893 0.283512 
0.895205 0.788152 0.281625 
0.996529 0.778257 0.0764711 
0.992581 0.787494 0.0765271 
1.08544 0.779978 0.141359 
1.08256 0.788811 0.141438 
0.858851 0.77744 0.249796 
0.854945 0.787911 0.247738 
1.08335 0.779483 0.016003 
1.08015 0.788185 0.0170904 
0.983357 0.779991 0.248891 
0.980244 0.789599 0.247735 
0.908644 0.777856 0.161408 
0.904435 0.787766 0.160154 
1.11866 0.784292 0.0469702 
1.11586 0.792844 0.0478878 
0.888519 0.780668 0.282829 
0.885042 0.791007 0.280863 
1.00674 0.783904 0.0658037 
1.00287 0.793078 0.0659992 
1.07526 0.779888 0.156438 
1.07235 0.788798 0.156365 
0.859184 0.780797 0.240299 
0.855232 0.791248 0.238268 
1.09068 0.78007 0.014709 
1.08756 0.788733 0.0158326 
0.970057 0.779831 0.257701 
0.966909 0.789542 0.256414 
0.915811 0.786451 0.148393 
1.11968 0.779984 0.0566649 
1.11689 0.788536 0.0575218 
0.878825 0.78492 0.280728 
1.02094 0.779294 0.0554634 
1.01716 0.788371 0.0558665 
1.06397 0.78022 0.17131 
1.06104 0.789215 0.17108 
0.860497 0.785176 0.229869 
1.0979 0.778837 0.0146308 
1.09486 0.787462 0.0157841 
0.956426 0.781643 0.264909 
0.953247 0.791461 0.263493 
0.927835 0.785332 0.136566 
1.11696 0.782828 0.0684033 
1.11417 0.79141 0.0691467 
0.873271 0.780191 0.279257 
0.869678 0.790635 0.277193 
1.03142 0.782446 0.0462193 
1.02774 0.79146 0.046758 
1.05168 0.781172 0.185771 
1.04872 0.790259 0.18538 
0.866797 0.780114 0.220564 
0.862743 0.790456 0.218674 
1.10197 0.784476 0.0169061 
1.09898 0.793087 0.01803 
0.942551 0.7855 0.270423 
0.940431 0.784254 0.124741 
0.936259 0.793903 0.123956 
1.11315 0.784499 0.0811322 
1.11035 0.793116 0.0817562 
0.868494 0.776834 0.276414 
0.864833 0.787299 0.274335 
1.04203 0.784027 0.037907 
1.03844 0.792975 0.0385772 
1.03848 0.782945 0.199614 
1.03549 0.792134 0.199058 
0.869956 0.786218 0.208713 
1.10879 0.779859 0.0191813 
1.10586 0.788432 0.0203234 
0.931781 0.781394 0.275835 
0.928519 0.791404 0.274203 
0.953511 0.783059 0.112973 
0.949372 0.792607 0.112384 
1.10815 0.785253 0.0947136 
1.10534 0.793912 0.0952117 
0.860873 0.78534 0.270091 
1.0527 0.783869 0.0306174 
1.04921 0.792753 0.0314137 
1.02446 0.785762 0.212624 
0.87808 0.782787 0.198123 
0.873949 0.792998 0.196413 
1.11236 0.782194 0.0237754 
1.10947 0.790755 0.0248789 
0.921021 0.779081 0.279737 
0.917705 0.789171 0.27802 
0.966977 0.781587 0.101309 
0.962884 0.791035 0.100923 
1.10473 0.776693 0.108558 
1.1019 0.785377 0.108969 
1.09907 0.794087 0.109334 
0.857883 0.784746 0.264471 
1.0634 0.781857 0.0244213 
1.06 0.790674 0.0253366 
1.01277 0.780486 0.225423 
1.00973 0.789867 0.224574 
0.88706 0.780069 0.18703 
0.882892 0.790185 0.185455 
1.11553 0.782914 0.0295363 
1.11268 0.791464 0.0305965 
0.910355 0.778467 0.282159 
0.906988 0.788638 0.280359 
0.98073 0.779675 0.0897957 
0.976696 0.789023 0.0896166 
1.09437 0.785163 0.123692 
1.09152 0.793931 0.123918 
0.855914 0.785479 0.257524 
1.07405 0.777933 0.0193617 
1.07076 0.786685 0.0203876 
0.997411 0.78602 0.236251 
0.896847 0.77796 0.17555 
0.892653 0.787979 0.174121 
1.11817 0.782021 0.0365064 
1.11535 0.790564 0.0375183 
0.899876 0.779457 0.283139 
0.896461 0.789709 0.281257 
0.994675 0.777154 0.0784887 
0.990713 0.786403 0.0785189 
1.08559 0.784883 0.138666 
1.08272 0.793719 0.138748 
0.858883 0.776991 0.251407 
0.854987 0.787465 0.249345 
1.08141 0.780794 0.0165797 
1.0782 0.789509 0.0176491 
0.984592 0.783757 0.246709 
0.981495 0.793359 0.245561 
0.903184 0.786266 0.162519 
1.12015 0.779531 0.0447293 
1.11735 0.788069 0.0456873 
0.889687 0.781974 0.282699 
0.886224 0.792306 0.280738 
1.00485 0.782994 0.0676987 
1.00096 0.79218 0.0678684 
1.0756 0.78478 0.153678 
1.0727 0.79369 0.153609 
0.859032 0.780148 0.242097 
0.855088 0.790604 0.240061 
1.08876 0.781718 0.0150658 
1.08563 0.790393 0.0161727 
0.971348 0.783289 0.255749 
0.968216 0.792993 0.25447 
0.914435 0.784917 0.150749 
1.11854 0.784032 0.0551277 
1.11574 0.792593 0.0559789 
0.879899 0.785973 0.280843 
1.01903 0.778603 0.0572439 
1.01523 0.787691 0.0576217 
1.06449 0.785066 0.168517 
1.06157 0.79406 0.168292 
0.86017 0.78435 0.231825 
1.09603 0.780802 0.0147747 
1.09297 0.789438 0.0159129 
0.957759 0.784773 0.26321 
0.926345 0.783792 0.138897 
0.922149 0.793554 0.137903 
1.11879 0.778564 0.065827 
1.11599 0.787129 0.0666123 
0.874214 0.780996 0.279618 
0.870635 0.791435 0.277557 
1.02949 0.782021 0.0478411 
1.02578 0.791046 0.0483551 
1.05532 0.776884 0.183321 
1.05236 0.785941 0.182979 
0.866297 0.779126 0.222657 
0.862249 0.789475 0.220758 
1.10312 0.778153 0.0156653 
1.10013 0.786751 0.0168283 
0.947131 0.778408 0.270484 
0.943911 0.788296 0.268989 
0.93884 0.782736 0.127033 
0.934662 0.792396 0.126226 
1.11518 0.780416 0.0784374 
1.11239 0.789015 0.0791041 
0.869287 0.777387 0.277028 
0.865638 0.787849 0.27495 
1.04007 0.783901 0.0393522 
1.03646 0.792862 0.0399986 
1.04229 0.778447 0.197366 
1.0393 0.787603 0.19686 
0.869299 0.785094 0.210905 
1.10702 0.782419 0.0188967 
1.10408 0.791004 0.0200263 
0.933138 0.783869 0.274663 
0.929891 0.793872 0.273038 
0.951832 0.781592 0.115217 
0.947686 0.791152 0.114604 
1.11042 0.781298 0.0919317 
1.10761 0.789938 0.0924735 
0.86151 0.785638 0.27096 
1.05074 0.784071 0.0318706 
1.04723 0.792966 0.0326442 
1.02843 0.781008 0.210619 
1.02542 0.790271 0.209946 
0.877269 0.781539 0.200399 
0.873143 0.791759 0.198676 
1.11067 0.785046 0.0232672 
1.10777 0.793618 0.0243595 
0.92236 0.78125 0.278823 
0.919059 0.791333 0.277113 
0.965227 0.780201 0.103495 
0.961125 0.78966 0.103084 
1.1044 0.781494 0.106137 
1.10158 0.790182 0.106548 
0.858337 0.784798 0.265588 
1.06143 0.782402 0.0254715 
1.05802 0.791232 0.0263654 
1.01383 0.784808 0.222856 
0.886104 0.778715 0.189365 
0.881939 0.788841 0.187775 
1.11678 0.777519 0.0276971 
1.11393 0.786056 0.0287967 
0.911661 0.780349 0.281497 
0.908309 0.790513 0.279703 
0.978925 0.778399 0.0919135 
0.97488 0.787758 0.091709 
1.09712 0.781295 0.120853 
1.09427 0.79004 0.121126 
0.85618 0.785294 0.258878 
1.0721 0.778828 0.0202032 
1.06879 0.787592 0.0212093 
1.00164 0.780641 0.234812 
0.998567 0.790108 0.233843 
0.891559 0.786549 0.176475 
1.11951 0.776925 0.0344735 
1.11669 0.785454 0.0355252 
1.11386 0.794007 0.0365284 
0.901131 0.781068 0.282722 
0.89773 0.791313 0.280846 
0.988854 0.78528 0.0805314 
1.08857 0.780979 0.135863 
1.0857 0.789789 0.135991 
0.855062 0.787058 0.250915 
1.07946 0.782045 0.0171939 
1.07623 0.790771 0.0182449 
0.988927 0.778012 0.24559 
0.985821 0.787574 0.244492 
0.901957 0.784773 0.164888 
1.11881 0.78325 0.0434973 
1.116 0.791798 0.044448 
0.890872 0.783326 0.282525 
0.887424 0.793651 0.280569 
1.00296 0.782047 0.0696172 
0.999059 0.791244 0.0697611 
1.07881 0.780794 0.150951 
1.07591 0.789678 0.150929 
0.858913 0.779535 0.243863 
0.854978 0.789995 0.241821 
1.08684 0.783308 0.015459 
1.08369 0.791995 0.016549 
0.975777 0.777139 0.254983 
0.972635 0.786802 0.253755 
0.913082 0.783386 0.153112 
0.908878 0.79326 0.151922 
1.12015 0.77949 0.0527425 
1.11735 0.788035 0.0536346 
0.884518 0.77671 0.282898 
0.880993 0.787071 0.280914 
1.01712 0.777866 0.0590513 
1.01331 0.786967 0.0594037 
1.06791 0.780958 0.165906 
1.06499 0.789923 0.165729 
0.859874 0.783555 0.233755 
0.855895 0.79399 0.231747 
1.09414 0.782712 0.0149542 
1.09107 0.79136 0.016077 
0.962266 0.778191 0.262823 
0.959091 0.787961 0.261466 
0.924876 0.782249 0.141237 
0.920676 0.792021 0.140223 
1.11779 0.782819 0.0640833 
1.11499 0.791391 0.0648641 
0.875183 0.781846 0.279934 
0.871617 0.79228 0.277877 
1.02755 0.781544 0.0494933 
1.02383 0.790581 0.0499823 
1.05597 0.78167 0.180524 
1.05302 0.790726 0.180187 
0.865827 0.778164 0.224729 
0.861785 0.78852 0.22282 
1.10128 0.780365 0.0156364 
1.09828 0.788974 0.0167854 
0.948478 0.78127 0.268997 
0.945273 0.791149 0.267509 
0.937267 0.78121 0.129338 
0.933083 0.790881 0.128509 
1.11438 0.784893 0.0764523 
1.11159 0.793499 0.0771159 
0.870109 0.777986 0.277595 
0.866472 0.788445 0.27552 
1.03812 0.783719 0.0408309 
1.03449 0.792691 0.0414531 
1.04309 0.783129 0.1946 
1.04011 0.792283 0.1941 
0.86867 0.783993 0.213081 
1.10524 0.78493 0.0186477 
1.10229 0.793527 0.0197646 
0.9345 0.786401 0.273445 
0.95017 0.780112 0.117475 
0.946016 0.789683 0.116839 
1.11264 0.777333 0.0891434 
1.10983 0.785954 0.0897288 
0.862178 0.785983 0.271782 
1.04877 0.784211 0.0331598 
1.04524 0.793119 0.0339103 
1.02936 0.785549 0.207922 
0.876486 0.780311 0.202663 
0.872363 0.790539 0.200927 
1.11185 0.77929 0.0216648 
1.10896 0.787849 0.0227961 
0.923706 0.783473 0.277863 
0.920421 0.793548 0.27616 
0.963491 0.778796 0.105696 
0.959379 0.788266 0.105261 
1.10686 0.777611 0.103292 
1.10404 0.786279 0.103747 
0.858826 0.784894 0.26666 
1.05947 0.782885 0.0265593 
1.05604 0.791727 0.0274315 
1.01791 0.779824 0.22106 
1.01487 0.789166 0.220268 
0.885173 0.777377 0.191693 
0.881011 0.787512 0.190089 
1.11517 0.780601 0.0270068 
1.11231 0.789149 0.0280963 
0.912976 0.782281 0.28079 
0.909639 0.792437 0.279002 
0.977131 0.777099 0.0940491 
0.973075 0.786469 0.0938193 
1.09982 0.777438 0.117992 
1.09697 0.786161 0.11831 
0.85648 0.78515 0.260189 
1.07015 0.77966 0.0210829 
1.06682 0.788436 0.0220689 
1.00277 0.784777 0.232369 
0.89049 0.785132 0.178828 
1.11802 0.780298 0.0335426 
1.11519 0.788837 0.0345855 
0.9024 0.782726 0.282261 
0.899013 0.792964 0.280391 
0.987004 0.784127 0.082564 
0.983012 0.793435 0.0824722 
1.09151 0.777096 0.133029 
1.08864 0.785882 0.133204 
0.855172 0.786689 0.252447 
1.07751 0.783234 0.0178458 
1.07427 0.791972 0.0188781 
0.990134 0.781885 0.24333 
0.987044 0.791441 0.24224 
0.900753 0.783287 0.167258 
0.896557 0.793272 0.165886 
1.12025 0.778389 0.0413179 
1.11744 0.786922 0.0423088 
0.892074 0.784723 0.282307 
1.00108 0.781063 0.0715586 
0.997163 0.790272 0.0716768 
1.08198 0.776838 0.148185 
1.07908 0.785696 0.148211 
0.858828 0.778957 0.245596 
0.854901 0.78942 0.243549 
1.08491 0.784839 0.0158888 
1.08174 0.793539 0.0169616 
0.977045 0.780714 0.252942 
0.973919 0.790371 0.251722 
0.911751 0.781857 0.15548 
0.907546 0.791742 0.154272 
1.11894 0.783439 0.0512996 
1.11614 0.791993 0.0521855 
0.885619 0.777859 0.28292 
0.882109 0.788214 0.28094 
1.01521 0.777087 0.0608849 
1.01139 0.786199 0.0612118 
1.07129 0.776887 0.163249 
1.06837 0.785825 0.163121 
0.85961 0.782791 0.235657 
0.855639 0.793232 0.233642 
1.09224 0.784567 0.0151694 
1.08915 0.793228 0.0162763 
0.963581 0.781444 0.261028 
0.960422 0.791206 0.259678 
0.923428 0.780704 0.143587 
0.919224 0.790488 0.142552 
1.11954 0.778476 0.0615606 
1.11675 0.787032 0.0623829 
0.876176 0.782741 0.280204 
0.872623 0.79317 0.278151 
1.02562 0.781018 0.0511751 
1.02189 0.790067 0.0516391 
1.05955 0.777445 0.178015 
1.0566 0.786471 0.177728 
0.865386 0.777231 0.226778 
0.861351 0.787593 0.224861 
1.09943 0.782525 0.0156426 
1.09642 0.791146 0.0167774 
0.949826 0.784189 0.267463 
0.946636 0.794062 0.265983 
0.935713 0.779676 0.131654 
0.931524 0.789359 0.130803 
1.11634 0.780749 0.0738018 
1.11355 0.789337 0.0745078 
0.870959 0.778631 0.278116 
0.867335 0.789086 0.276043 
1.03617 0.78348 0.0423424 
1.03252 0.792465 0.0429404 
1.04684 0.77871 0.192278 
1.04386 0.787832 0.191828 
0.86807 0.782916 0.215241 
0.864001 0.793242 0.213374 
1.1064 0.778809 0.0172782 
1.10344 0.787392 0.0184341 
0.939111 0.779039 0.273746 
0.935865 0.788989 0.27218 
0.948525 0.778619 0.119746 
0.944363 0.788201 0.119087 
1.11201 0.781957 0.086979 
1.1092 0.790584 0.0875624 
0.862878 0.786374 0.272559 
1.04681 0.784291 0.0344845 
1.04326 0.793211 0.0352118 
1.03327 0.780891 0.205829 
1.03027 0.790117 0.205213 
0.875729 0.779103 0.204915 
0.871611 0.78934 0.203168 
1.11014 0.782033 0.0212418 
1.10723 0.790603 0.0223616 
0.925059 0.785749 0.276858 
0.961769 0.777372 0.107913 
0.957648 0.786854 0.107453 
1.10645 0.782374 0.100934 
1.10363 0.791047 0.101389 
0.859348 0.785036 0.267688 
1.0575 0.783304 0.0276844 
1.05405 0.792158 0.0285347 
1.01892 0.784221 0.218446 
1.0159 0.793559 0.217662 
0.880109 0.786201 0.192395 
1.11354 0.783634 0.0263554 
1.11067 0.792194 0.0274346 
0.914301 0.784263 0.280038 
0.971281 0.785157 0.0959469 
1.09963 0.782291 0.115474 
1.09679 0.791018 0.115793 
0.856815 0.78505 0.261459 
1.06819 0.780428 0.0220007 
1.06484 0.789217 0.0229664 
1.00695 0.77953 0.23081 
1.00389 0.788955 0.229898 
0.889446 0.783727 0.181178 
0.885274 0.793821 0.179639 
1.11649 0.783623 0.0326531 
1.11366 0.792172 0.0336869 
0.90368 0.784431 0.281757 
0.985163 0.782945 0.0846164 
0.981159 0.792264 0.0844989 
1.09154 0.781994 0.130387 
1.08868 0.790783 0.130564 
0.855317 0.786361 0.25394 
1.07556 0.784361 0.0185354 
1.07229 0.793111 0.0195487 
0.991334 0.785806 0.241037 
0.899573 0.781811 0.16963 
0.895378 0.791806 0.16824 
1.11885 0.782003 0.0401802 
1.11604 0.790546 0.0411633 
0.893292 0.786166 0.282047 
0.999202 0.780043 0.0735225 
0.995274 0.789264 0.0736149 
1.08221 0.781742 0.145456 
1.07932 0.790601 0.145485 
0.858776 0.778415 0.247296 
0.854858 0.788882 0.245243 
1.08614 0.777628 0.0152432 
1.08297 0.786312 0.0163554 
0.978309 0.784343 0.250861 
0.975199 0.793994 0.249649 
0.910443 0.780333 0.157854 
0.906236 0.790229 0.156626 
1.12049 0.778803 0.0489742 
1.11769 0.787342 0.0499008 
0.886741 0.779053 0.282898 
0.883244 0.789402 0.280923 
