1.03686 0.777125 0.0392111 
1.03319 0.786092 0.0398705 
1.0524 0.783087 0.188176 
1.04946 0.792175 0.187767 
0.858881 0.786366 0.221434 
1.10831 0.777048 0.00879014 
1.10537 0.78561 0.0100349 
0.942638 0.782491 0.275238 
0.939444 0.792424 0.273679 
0.937841 0.779981 0.125599 
0.933632 0.789637 0.124803 
1.11957 0.782912 0.0738144 
1.11681 0.791485 0.0745238 
0.863655 0.779565 0.281868 
0.860022 0.790085 0.279724 
1.04037 0.782533 0.0352116 
1.03675 0.791484 0.0359046 
1.04584 0.7836 0.195317 
1.0429 0.792738 0.194827 
0.862455 0.784147 0.216424 
1.10893 0.783403 0.0109721 
1.106 0.79197 0.0121749 
0.937196 0.77997 0.278286 
0.933973 0.789943 0.276683 
0.944366 0.779518 0.119557 
0.940171 0.789123 0.118859 
1.11747 0.783159 0.0805746 
1.1147 0.791749 0.0812232 
0.859565 0.783407 0.279037 
0.855913 0.793959 0.276861 
1.04752 0.778593 0.0307157 
1.04396 0.787495 0.0315074 
1.03908 0.784348 0.202277 
1.03612 0.793537 0.201705 
0.86626 0.782142 0.211242 
0.862146 0.792466 0.209378 
1.1124 0.780801 0.0121922 
1.10951 0.789349 0.0134036 
0.931744 0.777911 0.28095 
0.928493 0.787924 0.279305 
0.951001 0.779016 0.11353 
0.946824 0.78857 0.112933 
1.11507 0.783191 0.0875431 
1.11229 0.791802 0.0881293 
0.859377 0.777072 0.277997 
0.855676 0.78761 0.275841 
1.05113 0.783107 0.027284 
1.04761 0.791992 0.0281073 
1.03211 0.785356 0.20903 
0.870291 0.78034 0.205904 
0.866152 0.790617 0.204102 
1.11579 0.777808 0.013698 
1.11292 0.786336 0.0149162 
0.923014 0.786358 0.281547 
0.957733 0.778456 0.107524 
0.953578 0.787959 0.107028 
1.11235 0.783045 0.0946977 
1.10957 0.791678 0.0952198 
0.855719 0.781604 0.274467 
0.852001 0.79217 0.272283 
1.05825 0.778301 0.0232471 
1.05479 0.787139 0.0241648 
1.02795 0.777388 0.216244 
1.02495 0.786656 0.215548 
0.874538 0.77873 0.200426 
0.870377 0.78896 0.198688 
1.11623 0.782934 0.0167178 
1.11338 0.791468 0.0178917 
0.917546 0.785233 0.283412 
0.96455 0.777818 0.101542 
0.96042 0.787271 0.10115 
1.10932 0.782758 0.102014 
1.10653 0.791415 0.10247 
0.852285 0.786491 0.270578 
1.06192 0.781857 0.0204168 
1.0585 0.790677 0.0213635 
1.02063 0.778953 0.222583 
1.01761 0.788277 0.221802 
0.878995 0.7773 0.194821 
0.874814 0.787482 0.19315 
1.11942 0.779143 0.0188148 
1.1166 0.787658 0.0199929 
0.912098 0.784535 0.284907 
0.97144 0.777082 0.0955907 
0.967338 0.786485 0.0953033 
1.10597 0.782367 0.109466 
1.10317 0.79105 0.109855 
0.852863 0.781153 0.268523 
0.849082 0.791724 0.266339 
1.06563 0.78491 0.0179092 
1.06226 0.793711 0.0188838 
1.01313 0.78087 0.228629 
1.01011 0.790254 0.227763 
0.879457 0.786173 0.187504 
1.11968 0.783459 0.0223959 
1.11687 0.79198 0.0235278 
0.906682 0.784251 0.286037 
0.97432 0.785581 0.0894929 
1.1023 0.781907 0.117028 
1.09949 0.790619 0.117349 
0.849912 0.786701 0.263968 
1.0727 0.778703 0.0146639 
1.06939 0.787456 0.0157258 
1.00548 0.783174 0.234354 
1.00245 0.792618 0.233403 
0.884301 0.785021 0.181763 
1.12262 0.778868 0.0251095 
1.11983 0.787372 0.0262427 
0.901309 0.784369 0.286806 
0.981355 0.78454 0.083725 
0.977315 0.79388 0.0835777 
1.09831 0.781413 0.124673 
1.09548 0.790155 0.124923 
0.851042 0.782009 0.26126 
0.847203 0.792578 0.259085 
1.07643 0.780761 0.0127794 
1.07317 0.789496 0.0138657 
0.997678 0.785898 0.239728 
0.88934 0.784012 0.175942 
0.88513 0.794092 0.174424 
1.12263 0.782371 0.0292757 
1.11985 0.790882 0.0303607 
0.895989 0.784877 0.287221 
0.988429 0.783339 0.0780067 
0.984426 0.792629 0.0779663 
1.094 0.780916 0.132373 
1.09116 0.78969 0.132551 
0.852469 0.777642 0.258226 
0.848589 0.788181 0.256086 
1.08019 0.782317 0.0112172 
1.07697 0.791033 0.0123266 
0.992809 0.779535 0.245803 
0.989738 0.789074 0.244723 
0.894567 0.783134 0.170052 
0.890346 0.793163 0.168612 
1.12526 0.776977 0.0326357 
1.12249 0.785473 0.0337188 
1.11972 0.793992 0.0347546 
0.890736 0.785764 0.287285 
0.995534 0.781958 0.0723461 
0.991571 0.791198 0.0724129 
1.08939 0.780446 0.140103 
1.08654 0.789254 0.140208 
0.85027 0.784098 0.252775 
1.08396 0.783379 0.00997312 
1.08078 0.792074 0.011104 
0.984748 0.783128 0.250478 
0.98167 0.792733 0.249313 
0.899978 0.78237 0.164107 
0.895749 0.792348 0.162747 
1.12495 0.779672 0.03741 
1.12219 0.788177 0.0384426 
0.889018 0.776685 0.288974 
0.885561 0.787023 0.286999 
1.00266 0.780372 0.0667529 
0.998737 0.789563 0.0669267 
1.08448 0.78003 0.147837 
1.08161 0.788875 0.147866 
0.852242 0.780318 0.249165 
0.848311 0.790841 0.247048 
1.08773 0.783956 0.00904166 
1.08459 0.792631 0.0101925 
0.979678 0.777592 0.255932 
0.976569 0.78723 0.254724 
0.905565 0.781705 0.158118 
0.901331 0.791633 0.15684 
1.12445 0.781976 0.0424679 
1.12169 0.79049 0.0434487 
0.88396 0.778269 0.288378 
0.880481 0.788648 0.286364 
1.00979 0.778558 0.0612376 
1.00592 0.787701 0.0615181 
1.07927 0.779694 0.155548 
1.07639 0.788578 0.155501 
0.854499 0.77683 0.245273 
0.85053 0.787318 0.243197 
1.09149 0.784061 0.0084167 
1.08839 0.792717 0.00958601 
0.971396 0.782158 0.259811 
0.968283 0.791865 0.258516 
0.911324 0.781123 0.152095 
0.907087 0.790999 0.150904 
1.12375 0.7839 0.0478089 
1.12099 0.792425 0.0487368 
0.87901 0.780217 0.287431 
0.875507 0.790634 0.285379 
1.0131 0.785586 0.0561989 
1.07379 0.779462 0.163213 
1.0709 0.788386 0.163088 
0.853027 0.784072 0.239083 
1.09523 0.783709 0.00809189 
1.09216 0.792345 0.00927804 
0.966161 0.777533 0.264557 
0.963018 0.787276 0.263219 
0.917245 0.780605 0.14605 
0.913009 0.79043 0.144947 
1.12557 0.776947 0.0525099 
1.12282 0.78546 0.0534296 
1.12006 0.793997 0.0543033 
0.874181 0.782525 0.286132 
0.870657 0.792981 0.284042 
1.02029 0.783194 0.0509821 
1.0165 0.792272 0.0514041 
1.06805 0.779357 0.170806 
1.06514 0.788325 0.170603 
0.855793 0.781093 0.23472 
0.851781 0.791553 0.232682 
1.09894 0.782914 0.0080613 
1.09591 0.79153 0.00926266 
0.957701 0.783148 0.267564 
0.954555 0.792963 0.266139 
0.92332 0.780133 0.139991 
0.919088 0.789906 0.138978 
1.1244 0.778149 0.0584597 
1.12165 0.786675 0.0593236 
0.86949 0.785193 0.284477 
1.02746 0.780499 0.0458815 
1.02372 0.789529 0.0464078 
1.06205 0.779402 0.178302 
1.05912 0.788415 0.17802 
0.858819 0.778368 0.230127 
0.854775 0.788787 0.228139 
1.10261 0.78169 0.00831987 
1.09962 0.790286 0.0095348 
0.952341 0.779488 0.27154 
0.949165 0.789341 0.270072 
0.929541 0.779688 0.133926 
0.925316 0.78941 0.133007 
1.12297 0.779029 0.0646743 
1.12022 0.78757 0.0654809 
0.868551 0.777737 0.284575 
0.864953 0.788222 0.282463 
1.03461 0.777477 0.0409117 
1.03093 0.786459 0.0415405 
1.0558 0.779622 0.185678 
1.05287 0.788682 0.185315 
0.858021 0.786262 0.223385 
1.10623 0.78005 0.00886394 
1.10327 0.788625 0.0100908 
0.943744 0.786191 0.273628 
0.935897 0.77925 0.127863 
0.931683 0.788921 0.127039 
1.12127 0.779617 0.0711407 
1.11851 0.788174 0.0718884 
0.864203 0.781093 0.282233 
0.860585 0.791613 0.280087 
1.03811 0.783037 0.0368169 
1.03447 0.792002 0.0374797 
1.04933 0.780039 0.192909 
1.04638 0.789148 0.192464 
0.861511 0.783967 0.218436 
1.10978 0.778003 0.00969155 
1.10686 0.786559 0.0109287 
0.938299 0.783512 0.276803 
0.935095 0.79348 0.275204 
0.942378 0.778801 0.121808 
0.938177 0.788421 0.121081 
1.11928 0.779943 0.0778426 
1.11651 0.788518 0.07853 
0.860037 0.784812 0.279526 
1.04527 0.779242 0.0322512 
1.04169 0.788159 0.0330135 
1.04264 0.78068 0.199968 
1.03968 0.78984 0.199441 
0.865236 0.78189 0.213309 
0.861129 0.792226 0.211429 
1.11037 0.784094 0.0120484 
1.10746 0.792655 0.0132431 
0.932842 0.781297 0.279594 
0.92961 0.791305 0.277953 
0.948973 0.77832 0.115766 
0.944789 0.787889 0.115139 
1.11699 0.780041 0.0847609 
1.11422 0.788636 0.0853864 
0.859756 0.778354 0.278612 
0.856069 0.788893 0.276454 
1.04886 0.783922 0.0287166 
1.04532 0.792822 0.029511 
1.03575 0.781572 0.206829 
1.03278 0.790784 0.206219 
0.869189 0.78002 0.208021 
0.865056 0.79031 0.206201 
1.1138 0.781237 0.0134522 
1.11092 0.789779 0.0146546 
0.927382 0.779539 0.282004 
0.924122 0.789588 0.28032 
0.955669 0.777788 0.109742 
0.951505 0.787306 0.109216 
1.1144 0.779948 0.0918742 
1.11161 0.788564 0.0924362 
0.856015 0.782764 0.275206 
0.852311 0.793333 0.273018 
1.056 0.779273 0.024602 
1.05252 0.788126 0.0254918 
1.02867 0.782742 0.213466 
1.02568 0.792009 0.212773 
0.87336 0.778346 0.202585 
0.869205 0.788589 0.200829 
1.11712 0.77799 0.0151441 
1.11427 0.786512 0.0163525 
0.921928 0.778226 0.284036 
0.918641 0.788315 0.28231 
0.962455 0.777185 0.103742 
0.958315 0.786653 0.103319 
1.11148 0.779699 0.0991588 
1.10869 0.788338 0.0996556 
0.856245 0.77698 0.273603 
0.852494 0.78753 0.271439 
1.05966 0.783005 0.0216636 
1.05622 0.791839 0.0225829 
1.0214 0.784223 0.21985 
1.0184 0.793546 0.219072 
0.877744 0.776857 0.197018 
0.873568 0.787052 0.195328 
1.11752 0.782857 0.0183429 
1.11468 0.791386 0.0195063 
0.916492 0.777345 0.285695 
0.913178 0.787475 0.283927 
0.965204 0.785909 0.0974503 
1.10825 0.779333 0.106589 
1.10545 0.787997 0.10702 
0.852969 0.782071 0.269508 
0.849202 0.792646 0.267319 
1.06675 0.777449 0.0180366 
1.06337 0.786236 0.0190464 
1.01698 0.776695 0.226771 
1.01395 0.786045 0.225952 
0.878139 0.785688 0.189714 
1.12063 0.778812 0.0206333 
1.11782 0.787323 0.0218 
0.911082 0.776883 0.286987 
0.907742 0.787054 0.285176 
0.972162 0.785055 0.0916163 
1.1047 0.778883 0.11414 
1.10189 0.787575 0.114502 
0.85374 0.776952 0.267229 
0.849928 0.787504 0.265068 
1.07045 0.780193 0.0157164 
1.06712 0.788961 0.0167527 
1.00939 0.778833 0.232647 
1.00635 0.788243 0.231743 
0.882912 0.784485 0.183999 
1.12082 0.782869 0.0244005 
1.11802 0.791386 0.0255203 
0.90571 0.776827 0.287917 
0.902345 0.78704 0.286065 
0.979176 0.784071 0.0858224 
0.975125 0.793425 0.0856431 
1.10083 0.778387 0.121784 
1.09801 0.787108 0.122075 
0.850953 0.782695 0.262479 
0.847127 0.793269 0.260297 
1.07419 0.782429 0.0137212 
1.0709 0.791178 0.0147826 
1.00164 0.781378 0.238183 
0.998598 0.79085 0.237193 
0.887882 0.783431 0.178199 
0.883676 0.793524 0.17666 
1.12367 0.778023 0.0273171 
1.12089 0.786523 0.0284372 
0.900388 0.777165 0.28849 
0.896997 0.787419 0.286596 
0.986234 0.782935 0.0800754 
0.982218 0.79224 0.0800029 
1.09664 0.777876 0.129493 
1.09381 0.786628 0.129713 
0.852277 0.778214 0.259559 
0.848409 0.78876 0.25741 
1.07796 0.784162 0.0120489 
1.07471 0.792891 0.0131341 
0.993756 0.784364 0.24335 
0.990702 0.793899 0.242275 
0.893043 0.782511 0.172325 
0.888824 0.792554 0.170863 
1.12358 0.781267 0.0316774 
1.12081 0.789775 0.0327486 
0.895127 0.777886 0.288709 
0.891712 0.788181 0.286776 
0.993325 0.781626 0.074383 
0.989348 0.790881 0.0744176 
1.09215 0.77738 0.137242 
1.08929 0.786167 0.13739 
0.849987 0.784567 0.254207 
1.08492 0.776713 0.00953057 
1.08173 0.785396 0.010696 
1.07853 0.794106 0.0118036 
0.98882 0.778252 0.24924 
0.985736 0.78782 0.248121 
0.898389 0.781712 0.166391 
0.894161 0.791705 0.165008 
1.12334 0.784111 0.0363176 
1.12057 0.792628 0.0373388 
0.88994 0.778981 0.288579 
0.886501 0.789317 0.286605 
1.00044 0.780122 0.0687543 
0.996504 0.789327 0.068896 
1.08735 0.776929 0.145005 
1.08448 0.785751 0.145078 
0.851859 0.780681 0.250701 
0.847938 0.791212 0.248573 
1.08866 0.777478 0.00847209 
1.08551 0.786142 0.00965749 
0.980685 0.782142 0.253675 
0.977594 0.791777 0.252471 
0.903913 0.781018 0.160409 
0.899679 0.79096 0.159108 
1.12567 0.77806 0.0402233 
1.12291 0.786562 0.0412403 
0.884841 0.780445 0.288099 
0.881378 0.79082 0.286086 
1.00757 0.778398 0.0631997 
1.00368 0.787555 0.0634482 
1.07937 0.785407 0.152752 
0.854016 0.777092 0.246905 
0.850058 0.787588 0.244819 
1.0924 0.777767 0.00772353 
1.08929 0.786411 0.00892728 
0.975559 0.776886 0.258914 
0.972438 0.786556 0.257666 
0.909611 0.780413 0.15439 
0.905374 0.790303 0.153173 
1.12504 0.780117 0.0454814 
1.12229 0.788629 0.0464457 
0.879844 0.782272 0.28727 
0.876358 0.792687 0.285218 
1.01086 0.785539 0.0580853 
1.07398 0.78516 0.160388 
1.0711 0.794087 0.160264 
0.852459 0.784247 0.240794 
1.09612 0.777594 0.00727857 
1.09305 0.786218 0.00849909 
0.967216 0.781777 0.262526 
0.964091 0.791517 0.261192 
0.915474 0.779878 0.148344 
0.911236 0.789718 0.147214 
1.12419 0.781802 0.0510212 
1.12144 0.790325 0.0519317 
0.874963 0.78446 0.286088 
1.01804 0.783255 0.0528201 
1.01423 0.792347 0.0532104 
1.06832 0.785033 0.16796 
1.06542 0.794003 0.167758 
0.855132 0.781176 0.236515 
0.85113 0.791646 0.234465 
1.09981 0.776972 0.00713107 
1.09678 0.785576 0.00836674 
0.961939 0.777454 0.267034 
0.958784 0.78723 0.265656 
0.921494 0.779396 0.14228 
0.917259 0.789185 0.14124 
1.12311 0.783134 0.0568375 
1.12036 0.791671 0.0576928 
0.870215 0.787008 0.284553 
1.02521 0.780677 0.0476661 
1.02145 0.789721 0.0481611 
1.0624 0.785049 0.175444 
1.05949 0.794063 0.175163 
0.858068 0.778364 0.231999 
0.854032 0.788794 0.229998 
1.10048 0.7845 0.00852482 
1.09747 0.79311 0.00972054 
0.95343 0.78341 0.269756 
0.950273 0.793259 0.268291 
0.927663 0.778948 0.136208 
0.923434 0.788685 0.135261 
1.12178 0.784137 0.0629216 
1.11902 0.792688 0.0637203 
0.869197 0.779432 0.284772 
0.865615 0.789916 0.282659 
1.03236 0.777781 0.0426377 
1.02866 0.786777 0.0432359 
1.05624 0.785232 0.182816 
0.857191 0.786187 0.225313 
1.10412 0.783004 0.00896909 
1.10115 0.791594 0.0101776 
0.94804 0.780061 0.273481 
0.944854 0.789949 0.271973 
0.93397 0.778515 0.130135 
0.929751 0.788201 0.129282 
1.12017 0.784837 0.0692617 
1.11742 0.793403 0.0700022 
0.86478 0.782666 0.282553 
0.861178 0.793186 0.280405 
1.03585 0.78349 0.0384492 
1.03219 0.792469 0.0390816 
1.04984 0.785606 0.190051 
0.860597 0.783814 0.220428 
1.10771 0.781098 0.00969695 
1.10477 0.789668 0.0109165 
0.942624 0.777183 0.276825 
0.939409 0.78711 0.275274 
0.940406 0.778077 0.124067 
0.936199 0.787712 0.123311 
1.12105 0.776706 0.0751164 
1.11829 0.785265 0.0758425 
1.11553 0.793849 0.0765234 
0.860542 0.786263 0.279969 
1.04301 0.779837 0.0338154 
1.03941 0.788768 0.034548 
1.04618 0.777065 0.197604 
1.04322 0.786194 0.197123 
0.86424 0.781663 0.215359 
0.860141 0.792011 0.213463 
1.11123 0.778792 0.0107077 
1.10832 0.787342 0.0119367 
0.933948 0.784739 0.278193 
0.946959 0.777615 0.118011 
0.942768 0.787199 0.117353 
1.11887 0.776876 0.0819813 
1.1161 0.785454 0.082646 
1.11334 0.794057 0.0832657 
0.860167 0.779681 0.279182 
0.856495 0.790221 0.277021 
1.0466 0.784681 0.0301792 
1.04304 0.793595 0.0309444 
1.03937 0.777843 0.204571 
1.03639 0.787025 0.204007 
0.868114 0.779724 0.210121 
0.863988 0.790026 0.208285 
1.11179 0.784621 0.0132394 
1.1089 0.793176 0.0144254 
0.92848 0.782827 0.280729 
0.925238 0.792871 0.279048 
0.953618 0.777108 0.11197 
0.949446 0.786641 0.111414 
1.11639 0.776841 0.0890498 
1.11362 0.785439 0.0896515 
1.11084 0.794063 0.0902084 
0.856344 0.783969 0.2759 
1.05374 0.780187 0.0259883 
1.05024 0.789054 0.0268498 
1.03236 0.778889 0.211323 
1.02937 0.788125 0.210676 
0.872209 0.777984 0.204732 
0.868059 0.78824 0.202958 
1.11516 0.78151 0.014828 
1.1123 0.790046 0.0160209 
0.923015 0.781365 0.282886 
0.919746 0.79145 0.281163 
0.956222 0.78602 0.105497 
1.11081 0.785257 0.096836 
1.10803 0.793903 0.0973284 
0.856475 0.778062 0.274423 
0.852738 0.788615 0.272255 
1.0574 0.784093 0.0229425 
1.05394 0.792941 0.0238341 
1.02516 0.780233 0.217833 
1.02216 0.789525 0.217101 
0.872347 0.786642 0.197496 
1.11843 0.778009 0.016708 
1.11559 0.786526 0.017906 
0.917564 0.78034 0.284669 
0.914268 0.790466 0.282903 
0.963081 0.785316 0.0996083 
1.10769 0.784944 0.104175 
1.1049 0.793615 0.104601 
0.853111 0.783033 0.270449 
0.849358 0.793612 0.268254 
