1.22644 0.00212814 -0.00508404 
1.2294 0.00621262 0.00974804 
1.22575 0.00321431 0.00997367 
1.2285 0.00463015 -0.00489222 
1.22778 0.00185516 0.0167197 
1.22613 0.00651193 -0.00149168 
1.2295 0.00620281 0.00695845 
1.22586 0.00720233 0.0139771 
1.22807 0.00335894 -0.00643642 
1.22825 0.000425167 0.0153532 
1.22808 0.00819042 0.0183557 
1.22588 0.0028121 -0.000603336 
1.2295 0.00621284 0.0041472 
1.22619 0.00369074 0.0146882 
1.2276 0.00163149 -0.00752697 
1.22854 0.00719133 0.016556 
1.2257 0.00667132 0.003524 
1.22937 0.00613313 0.00142328 
1.22659 0.000537861 0.0150422 
1.22642 0.00831163 0.0180526 
1.22719 0.00720288 -0.00513687 
1.22893 0.00657079 0.0143785 
1.22565 0.00263584 0.00475349 
1.22914 0.00585898 -0.0011091 
1.22689 0.0055761 0.0179876 
1.22676 0.00454387 -0.00529446 
1.22923 0.0062535 0.0118978 
1.22563 0.00636949 0.00901203 
1.22882 0.00529628 -0.00335613 
1.22738 0.0032986 0.0174662 
1.22637 0.00145722 -0.00502442 
1.22943 0.00614768 0.00920523 
1.22579 0.00242381 0.0101557 
1.22843 0.00436662 -0.00523944 
1.22787 0.00149309 0.0164742 
1.22607 0.00577661 -0.00136689 
1.22951 0.00615006 0.00640315 
1.22592 0.0064574 0.0141136 
1.22798 0.00301144 -0.00670024 
1.22834 0.000148221 0.0150229 
1.22818 0.00791302 0.0180252 
1.22584 0.00202799 -0.000429443 
1.22948 0.00615146 0.00360012 
1.22626 0.00300806 0.0147627 
1.22751 0.00119515 -0.00770239 
1.22862 0.00699044 0.0161492 
1.22568 0.00585708 0.00372869 
1.22934 0.00604274 0.000904671 
1.22651 0.0077039 0.0180519 
1.2271 0.00667804 -0.00522328 
1.22899 0.00643361 0.013908 
1.22565 0.00181147 0.00496872 
1.22909 0.0057208 -0.00158053 
1.22698 0.0050528 0.0179028 
1.22668 0.00393475 -0.00529669 
1.22928 0.00616379 0.0113799 
1.22565 0.00555561 0.00921713 
1.22875 0.00509414 -0.00376423 
1.22747 0.0028643 0.0172927 
1.2263 0.000772985 -0.00495145 
1.22632 0.00854798 -0.00193637 
1.22945 0.00608663 0.00865847 
1.22583 0.00164061 0.0103305 
1.22834 0.00408779 -0.00557148 
1.22796 0.00114759 0.0162123 
1.22602 0.00503075 -0.0012315 
1.22952 0.00609728 0.00584781 
1.22598 0.00572309 0.0142395 
1.22789 0.00264736 -0.00694758 
1.22827 0.0076509 0.0176795 
1.22581 0.00123667 -0.00024827 
1.22946 0.00608611 0.0030569 
1.22634 0.00233876 0.014824 
1.22742 0.000741839 -0.00786091 
1.22747 0.00851102 -0.00485142 
1.2287 0.00680269 0.0157293 
1.22567 0.00503934 0.00393695 
1.2293 0.00594468 0.000393616 
1.2266 0.00711158 0.018036 
1.22702 0.00613676 -0.00529328 
1.22905 0.00630675 0.0134273 
1.22566 0.000987525 0.00518361 
1.22903 0.00557167 -0.00204113 
1.22707 0.00454614 0.0178015 
1.2266 0.00331057 -0.00528388 
1.22932 0.00608101 0.0108551 
1.22568 0.00474602 0.00941801 
1.22868 0.00487834 -0.00415881 
1.22757 0.00244697 0.0171024 
1.22624 7.59149e-05 -0.00486562 
1.22626 0.00785123 -0.00185025 
1.22947 0.00602873 0.00810851 
1.22587 0.000865355 0.0104975 
1.22575 0.00864278 0.0135127 
1.22826 0.00379335 -0.00588804 
1.22805 0.000818476 0.015934 
1.22788 0.00858476 0.018937 
1.22598 0.00427493 -0.00108612 
1.22951 0.00604371 0.00529318 
1.22604 0.00499995 0.0143544 
1.22781 0.00226656 -0.00717829 
1.22835 0.0074037 0.0173189 
1.22578 0.000438836 -6.04929e-05 
1.22575 0.00821661 0.00295715 
1.22944 0.00601608 0.00251827 
1.22641 0.00168327 0.0148715 
1.22733 0.000271591 -0.00800255 
1.22738 0.00804122 -0.00499271 
1.22877 0.00662761 0.0152967 
1.22566 0.00421884 0.00414804 
1.22925 0.0058383 -0.000109227 
1.22669 0.00653497 0.0180043 
1.22694 0.00557922 -0.00534707 
1.22911 0.0061896 0.0129369 
1.22567 0.00016474 0.00539743 
1.22559 0.00794316 0.00841506 
1.22897 0.00541101 -0.00249033 
1.22717 0.00405624 0.0176835 
1.22653 0.00267171 -0.00525639 
1.22936 0.00600447 0.0103239 
1.22571 0.00394144 0.00961395 
1.2286 0.00464845 -0.00453943 
1.22766 0.00204656 0.0168952 
1.2262 0.00714213 -0.00175177 
1.22949 0.00597326 0.00755608 
1.22592 9.87087e-05 0.0106559 
1.2258 0.00787587 0.0136711 
1.22818 0.00348303 -0.00618882 
1.22814 0.000505532 0.0156396 
1.22797 0.00827134 0.0186425 
1.22593 0.00350977 -0.000931336 
1.22951 0.00598862 0.00474 
1.22611 0.00428853 0.0144575 
1.22772 0.00186892 -0.00739226 
1.22844 0.00717107 0.0169438 
1.22573 0.00741307 0.003151 
1.22941 0.00594066 0.00198493 
1.22649 0.00104202 0.0149049 
1.22729 0.00755455 -0.00511719 
1.22885 0.00646469 0.014852 
1.22565 0.00339632 0.00436123 
1.22921 0.00572294 -0.000603219 
1.22678 0.00597433 0.0179568 
1.22686 0.00500567 -0.00538487 
1.22917 0.00608155 0.0124373 
1.2256 0.0071222 0.00862709 
1.22891 0.00523831 -0.0029276 
1.22726 0.0035832 0.0175487 
1.22646 0.00201856 -0.00521458 
1.22939 0.00593347 0.00978722 
1.22574 0.00314258 0.00980425 
1.22853 0.00440409 -0.00490568 
1.22776 0.001663 0.0166712 
1.22614 0.00642121 -0.00164143 
1.2295 0.00591946 0.00700191 
1.22585 0.00711819 0.0138202 
1.22809 0.00315658 -0.00647357 
1.22823 0.000208517 0.0153294 
1.22807 0.00797387 0.018332 
1.22589 0.0027359 -0.000767785 
1.2295 0.00593125 0.00418901 
1.22618 0.00358938 0.0145485 
1.22763 0.00145437 -0.0075894 
1.22852 0.0069526 0.0165545 
1.2257 0.00660439 0.00335004 
1.22938 0.00585912 0.00145758 
1.22657 0.000415396 0.0149237 
1.22641 0.00818926 0.0179342 
1.22721 0.00705109 -0.00522495 
1.22891 0.00631339 0.0143957 
1.22565 0.00257251 0.00457579 
1.22916 0.00559799 -0.00108773 
1.22687 0.0054299 0.0178931 
1.22678 0.00441636 -0.00540693 
1.22922 0.00598195 0.0119293 
1.22562 0.00630387 0.00883656 
1.22884 0.00505303 -0.00335244 
1.22736 0.00312709 0.017397 
1.22639 0.00135151 -0.00515886 
1.22942 0.00586728 0.00924566 
1.22578 0.00235013 0.00998822 
1.22845 0.00414486 -0.0052572 
1.22785 0.00129618 0.0164306 
1.22609 0.00568901 -0.00151978 
1.22951 0.00586659 0.00644675 
1.22591 0.00637036 0.0139596 
1.228 0.00281377 -0.00674209 
1.22816 0.00769206 0.0180059 
1.22585 0.00195397 -0.000596106 
1.22949 0.00587086 0.00364095 
1.22625 0.00290298 0.0146268 
1.22754 0.00102287 -0.00776966 
1.2286 0.00674787 0.0161516 
1.22569 0.00579128 0.00355357 
1.22935 0.0057708 0.000936928 
1.22649 0.00757719 0.0179379 
1.22713 0.00653097 -0.0053161 
1.22898 0.00617316 0.0139284 
1.22565 0.00174816 0.00479097 
1.2291 0.00546283 -0.00156217 
1.22696 0.00490189 0.0178131 
1.2267 0.00381158 -0.00541355 
1.22927 0.00589015 0.0114135 
1.22565 0.0054889 0.00904273 
1.22877 0.00485469 -0.00376434 
1.22745 0.00268796 0.0172284 
1.22632 0.00067103 -0.00508968 
1.22634 0.00844593 -0.00207469 
1.22945 0.0058052 0.00869996 
1.22582 0.00156477 0.0101652 
1.22837 0.00387043 -0.00559364 
1.22794 0.000945976 0.0161733 
1.22776 0.00871283 0.0191767 
1.22604 0.00494609 -0.00138738 
1.22952 0.0058139 0.00589134 
1.22597 0.00563296 0.0140886 
1.22792 0.00245444 -0.00699417 
1.22825 0.00742562 0.0176645 
1.22582 0.00116464 -0.000416955 
1.22947 0.00580671 0.00309654 
1.22632 0.00222981 0.0146919 
1.22745 0.000574397 -0.00793303 
1.22749 0.00834346 -0.00492367 
1.22868 0.00655642 0.0157354 
1.22567 0.00497446 0.00376088 
1.22931 0.00567499 0.000423635 
1.22658 0.00698045 0.0179263 
1.22704 0.00599436 -0.00539079 
1.22904 0.00604342 0.0134505 
1.22566 0.000924019 0.00500603 
1.22558 0.0087025 0.00802366 
1.22905 0.00531688 -0.00202593 
1.22705 0.00439046 0.0177165 
1.22662 0.00319167 -0.00540502 
1.22931 0.00580546 0.0108906 
1.22567 0.00467801 0.00924489 
1.2287 0.00464283 -0.00416284 
1.22755 0.00226579 0.0170429 
1.22627 0.0077528 -0.00199222 
1.22947 0.00574648 0.00815084 
1.22586 0.000787187 0.0103344 
1.22574 0.00856465 0.0133498 
1.22828 0.00358047 -0.00591467 
1.22803 0.000612207 0.0158997 
1.22786 0.00837859 0.0189029 
1.22599 0.00419305 -0.00124481 
1.22952 0.00576063 0.00533643 
1.22603 0.00490657 0.0142067 
1.22783 0.00207842 -0.00722967 
1.22834 0.0071742 0.0173082 
1.22579 0.000368593 -0.000231004 
1.22576 0.00814632 0.00278661 
1.22945 0.0057381 0.00255651 
1.2264 0.00157034 0.0147434 
1.22736 0.000108975 -0.00807951 
1.2274 0.00787849 -0.00506981 
1.22876 0.00637779 0.0153064 
1.22566 0.00415468 0.00397123 
1.22927 0.00557105 -8.16348e-05 
1.22667 0.00639933 0.0178992 
1.22696 0.00544144 -0.00544921 
1.2291 0.00592357 0.0129628 
1.22566 0.000100827 0.00522024 
1.22559 0.00787925 0.0082379 
1.22899 0.00515957 -0.00247846 
1.22715 0.00389577 0.0176033 
1.22655 0.00255696 -0.0053817 
1.22935 0.00572722 0.0103612 
1.2257 0.00387193 0.00944232 
1.22862 0.00441701 -0.00454751 
1.22764 0.00186056 0.0168406 
1.22621 0.00704717 -0.00189724 
1.22949 0.00569039 0.00759904 
1.22591 1.8021e-05 0.0104954 
1.22579 0.00779524 0.0135107 
1.2282 0.00327471 -0.00622 
1.22812 0.000294674 0.0156099 
1.22795 0.00806059 0.0186129 
1.22594 0.00343049 -0.00109266 
1.22951 0.00570605 0.00478275 
1.22609 0.00419176 0.0143133 
1.22774 0.00168559 -0.00744845 
1.22842 0.00693746 0.0169372 
1.22573 0.00734438 0.00297883 
1.22942 0.00566428 0.00202158 
1.22647 0.000924987 0.0147809 
1.22631 0.00869936 0.0177918 
1.22732 0.00739662 -0.00519911 
1.22883 0.00621145 0.0148651 
1.22566 0.00333266 0.00418389 
1.22922 0.00545832 -0.000578234 
1.22676 0.00583411 0.0178563 
1.22688 0.00487243 -0.00549158 
1.22916 0.00581299 0.0124658 
1.2256 0.00705768 0.00845053 
1.22892 0.00499035 -0.00291922 
1.22724 0.00341791 0.0174733 
1.22648 0.00190784 -0.00534396 
1.22939 0.00565471 0.009826 
1.22574 0.00307137 0.00963431 
1.22855 0.00417682 -0.00491793 
1.22774 0.0014722 0.0166214 
1.22616 0.00632957 -0.00179025 
1.2295 0.00563619 0.00704529 
1.22584 0.00703486 0.0136625 
1.22811 0.00295288 -0.00650938 
1.22805 0.00775859 0.018307 
1.2259 0.00265904 -0.000931563 
1.22951 0.0056494 0.00423106 
1.22616 0.00348905 0.0144078 
1.22765 0.00127587 -0.00765043 
1.22851 0.00671499 0.0165519 
1.22571 0.00653709 0.00317645 
1.22939 0.00558456 0.00149244 
1.22655 0.000294152 0.0148039 
1.22639 0.0080681 0.0178146 
1.22723 0.00689794 -0.00531165 
1.2289 0.00605689 0.0144121 
1.22565 0.00250914 0.00439813 
1.22917 0.00533617 -0.00106553 
1.22685 0.00528503 0.0177973 
1.2268 0.00428758 -0.00551813 
1.22921 0.00571104 0.0119602 
1.22562 0.00623853 0.00866081 
