0.685184 1.5708 0.123873 
0.685372 1.573 0.123198 
0.685562 1.57521 0.122524 
0.685755 1.57741 0.121849 
0.793936 1.57373 -0.152284 
1.02472 1.56448 0.0775356 
1.02542 1.57411 0.0760343 
0.634845 1.57211 0.0551352 
0.904849 1.57097 -0.136087 
0.922849 1.56867 0.133053 
0.924011 1.5791 0.130641 
0.632328 1.56981 -0.0374955 
1.00966 1.57 -0.0839948 
0.81072 1.56732 0.157027 
0.812031 1.57888 0.153804 
0.675148 1.5633 -0.109976 
0.674136 1.57672 -0.114087 
1.07277 1.56489 -0.0151862 
1.07266 1.57417 -0.0162313 
0.709033 1.56649 0.137299 
0.710219 1.57937 0.133417 
0.763582 1.57212 -0.147924 
1.04798 1.56549 0.058194 
1.04852 1.57494 0.0569121 
0.643335 1.5721 0.0793852 
0.873055 1.56745 -0.145008 
0.871859 1.57837 -0.147791 
0.954624 1.56837 0.119021 
0.955685 1.57853 0.116881 
0.628636 1.57301 -0.0113581 
0.981807 1.56351 -0.100089 
0.980919 1.57348 -0.101968 
0.843152 1.56736 0.155556 
0.844452 1.57856 0.152547 
0.65664 1.56429 -0.0931194 
0.655771 1.57802 -0.0973699 
1.06295 1.56915 -0.0370301 
1.06266 1.5785 -0.0381676 
0.736824 1.57239 0.145022 
0.734657 1.56917 -0.140274 
1.06496 1.56625 0.0375382 
1.06532 1.57557 0.0364157 
0.656986 1.57491 0.0995536 
0.840511 1.56678 -0.150383 
0.83927 1.57804 -0.153393 
0.98529 1.56817 0.102789 
0.986226 1.57809 0.100926 
0.628569 1.56541 0.0188975 
0.95036 1.572 -0.117485 
0.876264 1.56877 0.148903 
0.643409 1.56646 -0.0724095 
1.04508 1.56875 -0.0571576 
1.04461 1.57823 -0.058459 
0.766214 1.57004 0.152142 
0.707462 1.57414 -0.131974 
1.07363 1.57082 0.0154827 
0.674955 1.56289 0.120076 
0.675986 1.57629 0.115959 
0.808702 1.5646 -0.150572 
0.807437 1.57621 -0.153791 
1.01308 1.56257 0.0859885 
1.01384 1.57228 0.0843749 
0.632143 1.56829 0.0449729 
0.918979 1.56994 -0.130597 
0.908517 1.5669 0.13896 
0.909705 1.57746 0.13643 
0.635051 1.56597 -0.0477521 
1.02139 1.56848 -0.07583 
1.02075 1.57814 -0.0773504 
0.796995 1.5692 0.155891 
0.683809 1.57345 -0.119417 
1.07454 1.565 -0.00563094 
1.07451 1.57426 -0.00666109 
0.697634 1.56222 0.133563 
0.698758 1.57528 0.129605 
0.777745 1.56436 -0.147767 
0.77649 1.57634 -0.151186 
1.03862 1.56994 0.0661626 
1.03926 1.57945 0.0648007 
0.638887 1.56775 0.0703617 
0.887125 1.56922 -0.141562 
0.941082 1.57234 0.124643 
0.629926 1.56682 -0.0215392 
0.994684 1.563 -0.0925649 
0.993856 1.57286 -0.0943244 
0.828325 1.56376 0.157738 
0.82961 1.57512 0.15463 
0.663551 1.57312 -0.103929 
1.06828 1.5691 -0.0276991 
1.06808 1.5784 -0.0287875 
0.723787 1.56538 0.143282 
0.725004 1.57805 0.1395 
0.746821 1.57413 -0.145099 
1.05849 1.5667 0.046711 
1.05893 1.57607 0.0455288 
0.650009 1.56955 0.0924399 
0.854221 1.57278 -0.150119 
0.97198 1.56799 0.110236 
0.972972 1.57802 0.10825 
0.628162 1.57271 0.00432653 
0.964814 1.56435 -0.109234 
0.963857 1.57445 -0.111268 
0.862034 1.57121 0.151629 
0.647995 1.57564 -0.085172 
1.05416 1.56237 -0.0476353 
1.05374 1.57178 -0.0488443 
0.753375 1.57422 0.148468 
0.719336 1.56914 -0.135131 
1.0709 1.57058 0.025059 
0.666767 1.57229 0.110283 
0.822627 1.56527 -0.150938 
0.821368 1.57672 -0.154066 
1.00167 1.57094 0.0925068 
0.630091 1.56368 0.0347169 
0.630385 1.57786 0.0302387 
0.933231 1.56718 -0.12429 
0.93218 1.57755 -0.126601 
0.894239 1.56647 0.144059 
0.895456 1.57716 0.141417 
0.638434 1.56242 -0.057731 
0.637856 1.57647 -0.0621334 
1.03251 1.56606 -0.0673783 
1.03193 1.57564 -0.0687918 
0.783624 1.57247 0.153752 
0.694141 1.57039 -0.124248 
1.07494 1.56531 0.00393027 
1.075 1.57456 0.00290264 
0.687996 1.5719 0.125103 
0.790853 1.56833 -0.150444 
1.02784 1.56665 0.0749912 
1.02853 1.57624 0.0735227 
0.635348 1.56396 0.0606861 
0.635883 1.57804 0.0562566 
0.901199 1.56982 -0.137136 
0.926588 1.56826 0.131599 
0.927737 1.57866 0.129217 
0.63159 1.57595 -0.036299 
1.00706 1.56208 -0.0847638 
1.0063 1.57185 -0.086407 
0.813999 1.56278 0.158339 
0.815281 1.5743 0.155137 
0.672297 1.56898 -0.109903 
1.07199 1.56886 -0.0181917 
1.07187 1.57814 -0.0192459 
0.71263 1.57235 0.136804 
0.760633 1.56632 -0.145603 
0.759405 1.57853 -0.149132 
1.05055 1.56866 0.055412 
1.05108 1.57808 0.0541588 
0.644231 1.56435 0.0844916 
0.644981 1.57827 0.080139 
0.869427 1.56551 -0.145419 
0.868212 1.57647 -0.148228 
0.958431 1.56928 0.117013 
0.959484 1.57941 0.114907 
0.628482 1.56562 -0.00573615 
0.978137 1.56509 -0.102335 
0.977242 1.57509 -0.10425 
0.846727 1.56452 0.155832 
0.848006 1.57568 0.152846 
0.654406 1.57049 -0.0927261 
1.06144 1.56366 -0.0388236 
1.06111 1.57302 -0.0399686 
0.73963 1.56634 0.147735 
0.740883 1.57879 0.144056 
0.731956 1.5629 -0.137413 
0.730748 1.57549 -0.141131 
1.06656 1.57024 0.0345482 
0.658453 1.56744 0.104083 
0.83705 1.56344 -0.149815 
0.835786 1.57474 -0.152848 
0.988934 1.56992 0.100424 
0.628887 1.57213 0.0200338 
0.947625 1.56232 -0.11715 
0.946591 1.57257 -0.119332 
0.879958 1.56717 0.148264 
0.881208 1.57799 0.145514 
0.641914 1.57253 -0.0715409 
1.04289 1.56213 -0.0585277 
1.04237 1.57163 -0.0598392 
0.769225 1.56437 0.154342 
0.7705 1.57643 0.150855 
0.705136 1.56687 -0.128458 
1.07402 1.56549 0.0135093 
1.07416 1.57475 0.012472 
0.677899 1.56858 0.120059 
0.804251 1.57128 -0.152262 
1.01637 1.56454 0.0834943 
1.01713 1.57422 0.0819148 
0.632958 1.57434 0.0461492 
0.915304 1.56919 -0.131875 
0.912225 1.56605 0.137734 
0.913398 1.57658 0.135233 
0.634101 1.57191 -0.0465798 
1.01819 1.57047 -0.0782851 
0.800156 1.56409 0.157557 
0.801445 1.57577 0.154267 
0.681827 1.56564 -0.1154 
0.680794 1.57897 -0.119463 
1.07417 1.56888 -0.00863317 
1.07414 1.57814 -0.00966735 
0.701013 1.56786 0.133253 
0.773476 1.57066 -0.149065 
1.04088 1.56309 0.064867 
1.04147 1.57259 0.0635149 
0.640216 1.57378 0.0713097 
0.883484 1.56766 -0.142291 
0.882309 1.57849 -0.144997 
0.943811 1.56239 0.125128 
0.94487 1.57265 0.122886 
0.629436 1.57336 -0.0203731 
0.991139 1.56474 -0.0948956 
0.990303 1.57463 -0.0966906 
0.833045 1.57149 0.155399 
0.661961 1.56553 -0.0995065 
0.661051 1.57917 -0.103716 
1.06716 1.5638 -0.0295986 
1.06691 1.57312 -0.0306924 
0.727641 1.57161 0.142508 
0.743973 1.56816 -0.142508 
1.06055 1.57044 0.0437927 
0.652069 1.57585 0.0929149 
0.850646 1.57018 -0.150032 
0.975732 1.5695 0.107985 
0.976718 1.57949 0.106036 
0.628188 1.5654 0.00993739 
0.961056 1.56545 -0.111281 
0.960091 1.57559 -0.11335 
0.865699 1.56916 0.151352 
0.646955 1.56797 -0.0801974 
1.05178 1.56574 -0.0504262 
1.05136 1.57517 -0.0516617 
0.756311 1.56843 0.150877 
0.716849 1.56231 -0.131895 
0.715672 1.57511 -0.135715 
1.07166 1.56534 0.0231045 
1.07189 1.57462 0.0220443 
0.668519 1.56469 0.114551 
0.669522 1.5782 0.110387 
0.818054 1.57245 -0.152932 
1.00431 1.56303 0.0917748 
1.00512 1.5728 0.0900799 
0.630683 1.57001 0.0358915 
0.929515 1.56695 -0.125803 
0.928451 1.57735 -0.128145 
0.897937 1.56528 0.143065 
0.899139 1.57594 0.140451 
0.637254 1.56833 -0.0566488 
1.0295 1.56834 -0.0699048 
1.02891 1.57794 -0.0713498 
0.786697 1.567 0.155691 
0.788 1.57884 0.152315 
0.692025 1.5627 -0.120421 
0.69093 1.57586 -0.124412 
1.07498 1.56915 0.000927933 
1.07502 1.57841 -9.89142e-05 
0.690109 1.56424 0.128968 
0.691216 1.57741 0.124958 
0.787804 1.56284 -0.148527 
0.786533 1.57469 -0.151881 
1.03091 1.56889 0.0724326 
1.03159 1.57846 0.0709967 
0.636409 1.5699 0.0617757 
0.897553 1.56858 -0.13812 
0.896415 1.57927 -0.14072 
0.930338 1.568 0.130077 
0.931475 1.57837 0.127727 
0.631214 1.56801 -0.0306398 
1.00367 1.56389 -0.0871381 
1.00289 1.57368 -0.0888158 
0.818578 1.56992 0.156353 
0.669526 1.57476 -0.109811 
1.07125 1.56357 -0.0201438 
1.07108 1.57286 -0.0212013 
0.715109 1.56546 0.140103 
0.716305 1.57826 0.136263 
0.756456 1.57272 -0.146769 
1.05253 1.56253 0.0538503 
1.05301 1.57195 0.0526066 
0.64593 1.57059 0.0851803 
0.86581 1.56345 -0.145729 
0.864576 1.57444 -0.148563 
0.962234 1.57034 0.114949 
0.62829 1.5725 -0.00461416 
0.97444 1.5666 -0.104554 
0.973537 1.57663 -0.106504 
0.851593 1.57301 0.153013 
0.653124 1.56295 -0.0880087 
0.652286 1.57674 -0.0922874 
1.05948 1.56744 -0.0417272 
1.05914 1.57681 -0.0428945 
0.743706 1.57279 0.146709 
0.728072 1.56913 -0.138202 
1.06772 1.56496 0.0326518 
1.06803 1.57427 0.0315539 
0.660915 1.57362 0.104317 
0.832342 1.57122 -0.152168 
0.99254 1.5717 0.0980438 
0.629084 1.56458 0.025668 
0.629301 1.57878 0.0211802 
0.943872 1.5627 -0.1189 
0.942827 1.57297 -0.121115 
0.883656 1.56566 0.147538 
0.884889 1.57646 0.144815 
0.641158 1.56458 -0.0662476 
0.640523 1.57857 -0.0706254 
1.0401 1.56485 -0.0611549 
1.03957 1.57437 -0.0624963 
0.773508 1.57077 0.153012 
0.701722 1.57248 -0.128778 
1.07445 1.56941 0.0104974 
1.07458 1.57866 0.00946581 
0.680918 1.57419 0.120022 
0.801106 1.56619 -0.150634 
0.799853 1.5779 -0.153903 
1.01962 1.56654 0.0809942 
1.02037 1.5762 0.0794485 
0.63338 1.56622 0.0517673 
0.91164 1.56832 -0.133089 
0.910534 1.57888 -0.135578 
0.915942 1.56531 0.136444 
0.9171 1.57581 0.133972 
0.633644 1.56377 -0.0409521 
0.633231 1.5779 -0.0453977 
1.01566 1.56271 -0.0791679 
1.01495 1.57241 -0.0807322 
0.804616 1.57077 0.155859 
0.678835 1.57118 -0.115407 
1.07378 1.56352 -0.0106033 
1.0737 1.57278 -0.0116392 
0.704465 1.57352 0.132905 
0.770491 1.56494 -0.146882 
0.769245 1.57701 -0.150348 
1.04367 1.56588 0.0621654 
1.04424 1.57536 0.0608439 
0.640952 1.56586 0.0765937 
0.879846 1.56601 -0.14294 
0.878653 1.57687 -0.145672 
0.947616 1.56289 0.123273 
0.948666 1.57312 0.121064 
0.62919 1.5658 -0.0147326 
0.987556 1.56646 -0.0972153 
0.986712 1.57638 -0.0990457 
0.836525 1.56808 0.156034 
0.837834 1.57934 0.15298 
0.659507 1.57162 -0.0992426 
1.06567 1.5678 -0.032572 
1.06541 1.57712 -0.0336832 
0.730341 1.5653 0.145427 
0.73157 1.57788 0.141688 
0.741173 1.56212 -0.139842 
0.739943 1.57457 -0.1435 
1.0621 1.56491 0.0420107 
1.0625 1.57426 0.04086 
0.653348 1.56837 0.0976213 
0.847098 1.56739 -0.149817 
0.845868 1.57858 -0.152783 
0.97946 1.57108 0.105702 
0.628324 1.57228 0.0110549 
0.95729 1.56643 -0.113277 
0.956317 1.57659 -0.11538 
0.869378 1.56726 0.150966 
0.870647 1.57818 0.148139 
0.645242 1.57416 -0.0794843 
1.0493 1.56899 -0.0531935 
1.04887 1.57844 -0.0544564 
0.759283 1.56269 0.15322 
0.760538 1.57488 0.149669 
0.713216 1.56818 -0.132408 
1.07253 1.56936 0.0200825 
1.07275 1.57863 0.0190333 
0.671309 1.57056 0.114614 
0.814786 1.56797 -0.151676 
0.813543 1.57952 -0.154856 
1.00772 1.56493 0.0893092 
1.00853 1.57468 0.0876493 
0.631017 1.56209 0.0415414 
0.63136 1.57625 0.0370723 
0.925812 1.56657 -0.12725 
0.924735 1.57701 -0.129622 
0.901639 1.56419 0.142004 
0.902825 1.57481 0.139417 
0.636161 1.57424 -0.0555389 
1.02643 1.57053 -0.0724143 
0.791074 1.57343 0.1542 
0.688837 1.56813 -0.120537 
1.07489 1.56375 -0.00104667 
1.0749 1.573 -0.00207404 
0.693354 1.56978 0.128775 
0.783484 1.56915 -0.149912 
1.03392 1.57122 0.0698574 
0.637559 1.57584 0.0628364 
0.893911 1.56725 -0.139037 
0.892756 1.57798 -0.141664 
0.934102 1.56789 0.128488 
0.935226 1.57823 0.12617 
0.630575 1.57432 -0.0294504 
1.00023 1.56569 -0.0895086 
0.999449 1.57551 -0.091221 
0.821923 1.56574 0.157445 
0.823223 1.57717 0.154295 
0.667784 1.56708 -0.105531 
1.07023 1.56758 -0.0231455 
1.07005 1.57687 -0.024215 
0.718815 1.57148 0.139491 
0.753543 1.56687 -0.144342 
0.752326 1.57917 -0.147917 
1.0549 1.56597 0.0509954 
1.05538 1.57537 0.0497788 
0.646959 1.56298 0.0901448 
0.647746 1.57685 0.0858151 
0.860952 1.57228 -0.148791 
0.96603 1.57153 0.112833 
0.628211 1.56519 0.000998031 
0.628202 1.57941 -0.00349816 
0.970719 1.56803 -0.106739 
0.969809 1.57808 -0.108725 
0.855209 1.57052 0.153051 
0.651059 1.56918 -0.0875071 
1.05739 1.57114 -0.0446148 
0.746578 1.56688 0.149284 
0.747844 1.57923 0.14565 
0.725456 1.56264 -0.135185 
0.724261 1.57532 -0.138946 
1.06906 1.56902 0.0296386 
1.06936 1.57831 0.0285571 
0.662512 1.56611 0.108728 
0.82894 1.56749 -0.151355 
0.827697 1.57887 -0.154442 
0.995246 1.56367 0.0974311 
0.996107 1.57351 0.0956528 
0.629522 1.57115 0.0268218 
0.940128 1.5629 -0.120584 
0.939071 1.57321 -0.122832 
0.887356 1.56426 0.146731 
0.888573 1.57501 0.144035 
0.639805 1.57057 -0.0652778 
1.03725 1.56745 -0.0637582 
1.03671 1.57699 -0.06513 
0.776545 1.56517 0.155106 
0.777831 1.57713 0.151665 
0.699488 1.565 -0.125122 
0.69838 1.57805 -0.12906 
1.07467 1.56404 0.00852117 
1.07477 1.5733 0.00749018 
0.682919 1.56647 0.124027 
0.796717 1.5727 -0.152202 
1.02282 1.56859 0.0784862 
1.02356 1.57822 0.0769741 
0.634293 1.57219 0.0529198 
0.907983 1.56734 -0.134239 
0.906862 1.57794 -0.136756 
0.919668 1.5647 0.135088 
0.920813 1.57516 0.132646 
0.632789 1.5698 -0.0397579 
1.01238 1.56459 -0.0815753 
1.01166 1.57432 -0.0831732 
0.80783 1.56593 0.15735 
0.809133 1.57752 0.154109 
0.676936 1.56339 -0.111296 
0.675915 1.57679 -0.115394 
1.0732 1.56744 -0.0136077 
1.07311 1.57671 -0.0146503 
0.706814 1.5663 0.136412 
0.707992 1.57922 0.132516 
0.766256 1.57127 -0.148124 
1.04638 1.56881 0.0594402 
1.04695 1.57826 0.0581485 
0.642426 1.57198 0.0774387 
0.876212 1.56426 -0.143503 
0.875001 1.57515 -0.146262 
