0.662814 1.5708 0.142129 
0.663029 1.57305 0.141431 
0.663246 1.57531 0.140733 
0.663466 1.57757 0.140035 
0.784028 1.56878 -0.172966 
1.05825 1.56635 0.0819568 
1.05901 1.57569 0.0807305 
0.61197 1.56752 0.0758841 
0.895713 1.56683 -0.160889 
0.894388 1.5775 -0.163556 
0.956148 1.56513 0.14198 
0.95737 1.57525 0.139786 
0.604032 1.56929 -0.0198476 
1.00325 1.57164 -0.113854 
0.844247 1.56728 0.177446 
0.845705 1.57842 0.174403 
0.629705 1.56624 -0.106006 
1.09126 1.57087 -0.0491688 
0.735507 1.5692 0.170529 
0.701786 1.57243 -0.156813 
1.10709 1.5685 0.0245953 
1.10734 1.57751 0.0238264 
0.648912 1.56678 0.134182 
0.803903 1.57266 -0.175334 
1.04141 1.57152 0.093323 
0.608028 1.56642 0.0594894 
0.916884 1.56213 -0.152672 
0.915575 1.5726 -0.155171 
0.935576 1.56426 0.151264 
0.93685 1.57455 0.148891 
0.606291 1.56602 -0.0366788 
1.02222 1.571 -0.102577 
0.822712 1.56338 0.180277 
0.824157 1.57476 0.1771 
0.639716 1.5659 -0.117937 
1.10062 1.56788 -0.0357062 
1.10035 1.57693 -0.0365315 
0.71682 1.56498 0.167165 
0.718223 1.57771 0.163338 
0.719275 1.56992 -0.161667 
1.10095 1.56401 0.0385932 
1.10131 1.57306 0.0377624 
0.63707 1.56654 0.12368 
0.824481 1.57331 -0.175447 
1.02289 1.56909 0.105423 
1.02387 1.5787 0.103862 
0.605174 1.56437 0.0427125 
0.605555 1.57897 0.038049 
0.936935 1.56498 -0.145323 
0.935698 1.57528 -0.147659 
0.915168 1.56649 0.159029 
0.916507 1.57695 0.156491 
0.609559 1.56421 -0.0535459 
0.609024 1.57874 -0.0581649 
1.04068 1.56869 -0.0906516 
1.03991 1.57818 -0.0920363 
0.801922 1.56362 0.180344 
0.803374 1.57524 0.17704 
0.651626 1.56641 -0.128526 
1.10677 1.56362 -0.0218215 
1.10661 1.57262 -0.0225882 
0.699272 1.56231 0.1623 
0.700625 1.5753 0.158361 
0.73791 1.56589 -0.165055 
0.736516 1.57836 -0.168735 
1.09199 1.56986 0.0513189 
1.09248 1.57897 0.0504159 
0.627216 1.56552 0.11181 
0.845752 1.56987 -0.17281 
1.00383 1.56837 0.116853 
1.00489 1.57812 0.115107 
0.6036 1.57553 0.0212841 
0.957189 1.56456 -0.136443 
0.956011 1.57469 -0.138603 
0.894996 1.57168 0.164992 
0.613849 1.56334 -0.0700059 
0.613155 1.57779 -0.0745813 
1.05823 1.56465 -0.0782408 
1.05755 1.57402 -0.0794497 
0.781877 1.5671 0.178149 
0.783348 1.57896 0.174723 
0.66512 1.56761 -0.137963 
1.10988 1.56779 -0.00839323 
1.10985 1.57678 -0.00913653 
0.684168 1.57459 0.151862 
0.7561 1.5732 -0.170794 
1.07961 1.56884 0.0643399 
1.08021 1.57803 0.0633207 
0.619457 1.56426 0.0983804 
0.620344 1.57857 0.0938599 
0.867594 1.5623 -0.167322 
0.866191 1.57323 -0.170188 
0.984477 1.56997 0.127264 
0.602884 1.57094 0.00467598 
0.976395 1.57071 -0.128152 
0.873713 1.56931 0.171505 
0.619435 1.56268 -0.0854971 
0.618597 1.57703 -0.0900191 
1.07366 1.56763 -0.0664039 
1.07311 1.57687 -0.0674748 
0.762539 1.57264 0.174258 
0.679894 1.5687 -0.146264 
1.11045 1.5628 0.00591901 
1.11053 1.57178 0.00517929 
0.66884 1.57512 0.144016 
0.776479 1.56743 -0.171796 
0.775069 1.57939 -0.175237 
1.06484 1.57056 0.0766779 
0.613591 1.56321 0.0834407 
0.614337 1.57764 0.0788655 
0.887031 1.57267 -0.164776 
0.963876 1.56462 0.138406 
0.96507 1.57468 0.13628 
0.603517 1.5662 -0.0119205 
0.996693 1.56361 -0.116538 
0.995663 1.57343 -0.118333 
0.852789 1.5706 0.175397 
0.625755 1.57615 -0.104038 
1.08701 1.56782 -0.0538207 
1.08658 1.57698 -0.0547691 
0.742511 1.56711 0.172651 
0.743959 1.57947 0.168984 
0.695806 1.5687 -0.153258 
1.10853 1.56677 0.0194563 
1.10873 1.57577 0.0186989 
0.653548 1.56222 0.139275 
0.654747 1.57593 0.135023 
0.796097 1.57221 -0.174861 
1.04767 1.56549 0.0895853 
1.04849 1.57492 0.0882556 
0.609224 1.56222 0.0673554 
0.609815 1.57674 0.0627362 
0.90813 1.56896 -0.157166 
0.906847 1.57951 -0.159738 
0.943261 1.56248 0.148259 
0.944503 1.57271 0.14595 
0.605409 1.56239 -0.028686 
0.60509 1.57699 -0.0333496 
1.01572 1.56386 -0.105738 
1.01478 1.57354 -0.107351 
0.83099 1.56506 0.179341 
0.832442 1.57635 0.176214 
0.634913 1.57546 -0.116492 
1.09753 1.56558 -0.040599 
1.09721 1.57466 -0.0414484 
0.723428 1.56237 0.169847 
0.724825 1.575 0.166063 
0.71286 1.56696 -0.158746 
1.10388 1.57105 0.0327647 
0.641047 1.56224 0.129266 
0.64217 1.57617 0.124922 
0.817844 1.56276 -0.172716 
0.816402 1.57422 -0.175905 
1.02939 1.56233 0.102029 
1.03029 1.57189 0.100516 
0.606443 1.57519 0.0460212 
0.929422 1.5625 -0.147932 
0.928148 1.57286 -0.150329 
0.92277 1.56351 0.15666 
0.924071 1.57391 0.154181 
0.607861 1.57461 -0.0502211 
1.03434 1.56227 -0.0941748 
1.03349 1.57181 -0.0956058 
0.809909 1.56379 0.180418 
0.81136 1.57532 0.177162 
0.646067 1.5755 -0.12751 
1.10465 1.57075 -0.0276673 
0.706799 1.57186 0.161715 
0.73108 1.56353 -0.16271 
0.729679 1.57609 -0.166435 
1.09578 1.56724 0.046516 
1.09622 1.57632 0.0456428 
0.631459 1.57554 0.113551 
0.837414 1.57239 -0.174355 
1.01142 1.5705 0.112197 
0.60412 1.57231 0.0292163 
0.949598 1.56339 -0.139651 
0.948388 1.57359 -0.141877 
0.902487 1.56753 0.163389 
0.903861 1.5781 0.160753 
0.611628 1.57342 -0.0668756 
1.05147 1.56846 -0.0833363 
1.05076 1.57787 -0.0846177 
0.789584 1.56618 0.179013 
0.79105 1.57795 0.175633 
0.660172 1.56271 -0.133112 
0.65895 1.57635 -0.137312 
1.10899 1.56607 -0.0135694 
1.10891 1.57507 -0.0143195 
0.689924 1.57044 0.155823 
0.74892 1.57128 -0.168966 
1.08448 1.56525 0.0598062 
1.08503 1.57441 0.0588247 
0.622823 1.5744 0.100684 
0.859055 1.56635 -0.169934 
0.857667 1.57737 -0.172859 
0.992167 1.57114 0.123009 
0.60297 1.56807 0.0125582 
0.968753 1.57093 -0.131974 
0.881098 1.56387 0.170828 
0.882487 1.57464 0.168033 
0.616569 1.57269 -0.0827695 
1.06818 1.56308 -0.0706017 
1.06757 1.57237 -0.0717136 
0.769976 1.57108 0.17571 
0.674497 1.56404 -0.141895 
0.673226 1.57744 -0.145993 
1.11056 1.57011 -2.86633e-05 
1.11061 1.57909 -0.000766124 
0.674174 1.57051 0.148502 
0.769028 1.56584 -0.170415 
0.767612 1.5779 -0.173903 
1.07048 1.56585 0.0724728 
1.07115 1.57511 0.0713614 
0.616179 1.57333 0.0862578 
0.879743 1.56731 -0.165611 
0.878391 1.57813 -0.168393 
0.97161 1.56461 0.134616 
0.972778 1.57461 0.13256 
0.603149 1.56324 -0.00401782 
0.603074 1.57789 -0.00870496 
0.989098 1.56499 -0.120802 
0.988042 1.57487 -0.122671 
0.859999 1.56353 0.175877 
0.861416 1.57451 0.172937 
0.623065 1.57189 -0.0973884 
1.08238 1.56439 -0.0583479 
1.08189 1.57357 -0.0593317 
0.74965 1.5652 0.174569 
0.751092 1.57747 0.170947 
0.689991 1.56464 -0.149452 
0.688676 1.57781 -0.153444 
1.10957 1.56508 0.0142828 
1.10972 1.57407 0.0135343 
0.659599 1.57126 0.139966 
0.78839 1.57136 -0.174097 
1.0546 1.5692 0.084405 
1.05539 1.57857 0.0831505 
0.611183 1.57245 0.0705204 
0.900741 1.56484 -0.158857 
0.899413 1.57546 -0.161484 
0.952186 1.57136 0.142775 
0.60437 1.57359 -0.0253834 
1.00822 1.5661 -0.110357 
1.00726 1.57584 -0.112047 
0.839377 1.56737 0.177982 
0.840839 1.57857 0.174908 
0.631475 1.57111 -0.110463 
1.09401 1.56304 -0.0453974 
1.09364 1.57214 -0.0462738 
0.731588 1.57256 0.168547 
0.706615 1.56368 -0.15557 
0.705255 1.5766 -0.159452 
1.10601 1.56918 0.0277028 
1.10629 1.57819 0.026925 
0.64642 1.57172 0.130332 
0.809869 1.56301 -0.172745 
0.808427 1.57457 -0.175983 
1.0367 1.56539 0.0969931 
1.03758 1.57489 0.0955574 
0.607448 1.57122 0.0539756 
0.920641 1.56995 -0.152742 
0.93168 1.57134 0.151607 
0.606809 1.57065 -0.0422392 
1.02705 1.56513 -0.0990089 
1.02619 1.57472 -0.100516 
0.818008 1.5645 0.180128 
0.819462 1.57594 0.176922 
0.641912 1.57088 -0.122034 
1.10227 1.56876 -0.0326848 
1.10203 1.5778 -0.0334964 
0.713141 1.56875 0.16481 
0.722998 1.57359 -0.163911 
1.09914 1.56491 0.0416184 
1.09952 1.57397 0.0407721 
0.634983 1.57134 0.119505 
0.830606 1.56297 -0.172368 
0.829171 1.57429 -0.175478 
1.01797 1.56326 0.109066 
1.01894 1.5729 0.107445 
0.604775 1.56888 0.0371688 
0.940792 1.57196 -0.144914 
0.910032 1.56385 0.16146 
0.911365 1.57436 0.158881 
0.610241 1.5691 -0.0590467 
1.04529 1.56253 -0.0870677 
1.04451 1.57199 -0.0883944 
0.797395 1.56562 0.179603 
0.79886 1.57729 0.176271 
0.654194 1.57152 -0.132311 
1.10772 1.56431 -0.0187128 
1.10759 1.57332 -0.0194722 
0.695842 1.56657 0.159546 
0.741864 1.56922 -0.166953 
1.08898 1.56208 0.0551455 
1.08948 1.57121 0.0541998 
0.625577 1.57027 0.107258 
0.850586 1.56984 -0.172154 
0.998772 1.56292 0.120401 
0.999824 1.57271 0.118596 
0.603214 1.5651 0.0204524 
0.961115 1.57065 -0.135582 
0.889899 1.5697 0.166994 
0.614744 1.5683 -0.0753158 
1.06181 1.56743 -0.0758018 
1.06117 1.57676 -0.0769832 
0.777518 1.56971 0.176956 
0.667987 1.5727 -0.141457 
1.11024 1.56843 -0.00523373 
1.11024 1.57741 -0.00597404 
0.679676 1.56606 0.152784 
0.681 1.57934 0.148713 
0.761678 1.56409 -0.168842 
0.760254 1.57624 -0.172375 
1.0765 1.57081 0.0670496 
0.618238 1.56908 0.09344 
0.871131 1.57225 -0.168859 
0.97934 1.56509 0.130621 
0.980483 1.57502 0.128637 
0.602911 1.57502 -0.000821526 
0.981479 1.56595 -0.124901 
0.980398 1.57589 -0.126843 
0.868682 1.56808 0.172971 
0.870117 1.57897 0.17009 
0.620637 1.56759 -0.0904915 
1.07686 1.56974 -0.0637605 
1.07634 1.57897 -0.0648062 
0.756914 1.56345 0.176292 
0.75835 1.57563 0.172715 
0.683015 1.57354 -0.149439 
1.11023 1.56342 0.00908604 
1.11033 1.5724 0.00834368 
0.66465 1.56659 0.144725 
0.780781 1.57018 -0.173075 
1.06059 1.56386 0.080398 
1.06131 1.5732 0.0791881 
0.612705 1.56813 0.0781741 
0.892037 1.57092 -0.162897 
0.959891 1.57051 0.139371 
0.603779 1.57039 -0.017442 
1.00068 1.56807 -0.114876 
0.999691 1.57786 -0.116642 
0.847866 1.57032 0.176195 
0.628321 1.56681 -0.104193 
1.08963 1.56931 -0.0509945 
1.08923 1.57844 -0.0519216 
0.738505 1.57034 0.170805 
0.699171 1.57308 -0.15606 
1.1077 1.56742 0.0225883 
1.10793 1.57642 0.0218239 
0.650917 1.56718 0.135544 
0.802001 1.56276 -0.172425 
0.800557 1.57441 -0.175712 
1.04388 1.56867 0.0919143 
1.04473 1.57812 0.0905555 
0.608574 1.5671 0.061885 
0.913182 1.56657 -0.154885 
0.911894 1.57708 -0.157417 
0.939327 1.56923 0.148783 
0.940625 1.57948 0.146447 
0.605865 1.56689 -0.0342457 
1.01967 1.56778 -0.10379 
1.01878 1.57743 -0.105374 
0.826221 1.5658 0.179446 
0.82768 1.57714 0.17629 
0.638019 1.56636 -0.116347 
1.09946 1.5666 -0.0376282 
1.09916 1.57566 -0.0384621 
0.71965 1.56595 0.167649 
0.721063 1.57864 0.16384 
0.716479 1.57083 -0.161148 
1.10204 1.56281 0.0366394 
1.10237 1.57185 0.0358171 
0.638794 1.56709 0.125227 
0.822459 1.56417 -0.173026 
0.821028 1.57558 -0.176186 
1.02544 1.56595 0.104161 
1.02638 1.57553 0.102618 
0.605555 1.56525 0.0451324 
0.933232 1.56982 -0.147708 
0.91892 1.57108 0.156711 
0.608979 1.56488 -0.0511292 
0.608472 1.57942 -0.0557541 
1.0382 1.56577 -0.0920134 
1.03739 1.57527 -0.0934154 
0.805316 1.56549 0.179886 
0.806779 1.57707 0.176602 
0.649654 1.56673 -0.127123 
1.10607 1.56249 -0.0238114 
1.10588 1.5715 -0.0245828 
0.701924 1.56302 0.163018 
0.703287 1.57597 0.159096 
0.734943 1.56699 -0.164742 
0.73356 1.5795 -0.168441 
1.09353 1.56839 0.0494584 
1.094 1.57748 0.0485667 
0.628619 1.56617 0.113579 
0.842196 1.57275 -0.173963 
1.00641 1.56489 0.115779 
1.00744 1.57462 0.11405 
0.603832 1.57663 0.023685 
0.953491 1.56983 -0.138967 
0.897375 1.56528 0.165577 
0.898745 1.5759 0.162901 
0.613095 1.56391 -0.0676865 
0.612427 1.57837 -0.0722692 
1.05517 1.57145 -0.0809618 
0.785163 1.5686 0.177975 
0.662926 1.56785 -0.136727 
1.10957 1.56673 -0.0104247 
1.10952 1.57571 -0.0111702 
0.686657 1.57503 0.152818 
0.754434 1.56218 -0.167086 
0.753003 1.57442 -0.170665 
1.08156 1.56696 0.062595 
1.08214 1.57614 0.0615899 
0.620541 1.56491 0.10039 
0.621451 1.57921 0.0958792 
0.863958 1.56574 -0.168871 
0.862572 1.57671 -0.171763 
0.987055 1.56603 0.126437 
0.988175 1.5759 0.124526 
0.602909 1.57216 0.00705726 
0.973849 1.56645 -0.128813 
0.972742 1.57645 -0.130827 
0.87604 1.5623 0.172537 
0.877427 1.57312 0.169706 
0.618453 1.56326 -0.0833586 
0.617638 1.57762 -0.0878895 
1.07153 1.56547 -0.0680466 
1.07096 1.57474 -0.0691327 
0.765722 1.57394 0.174291 
0.677516 1.56902 -0.145207 
1.11058 1.57073 0.00313833 
0.671152 1.57543 0.145159 
0.773269 1.56875 -0.171828 
1.06708 1.56823 0.0750716 
1.06778 1.57752 0.0739335 
0.614404 1.56382 0.0856633 
0.615176 1.57824 0.0810957 
0.884726 1.56586 -0.163947 
0.883374 1.57663 -0.166694 
0.967609 1.57017 0.135747 
0.60333 1.56736 -0.00952706 
0.993085 1.56971 -0.11927 
0.855029 1.56283 0.176961 
0.856447 1.57387 0.173988 
0.625449 1.56252 -0.0976731 
0.624505 1.57675 -0.102141 
1.08523 1.56611 -0.0555978 
1.08477 1.57528 -0.056559 
0.745565 1.56832 0.17285 
0.693255 1.56923 -0.152412 
1.10898 1.56571 0.0174328 
1.10916 1.5747 0.016679 
0.655643 1.56259 0.140567 
0.656854 1.57627 0.13633 
0.792789 1.57381 -0.175127 
1.05011 1.56279 0.0881097 
1.0509 1.57219 0.0867972 
0.609829 1.56287 0.0697178 
0.610448 1.57737 0.0651048 
0.905777 1.56272 -0.156738 
0.904446 1.57329 -0.159326 
0.947008 1.56762 0.145718 
0.948274 1.57781 0.143447 
