0.830593 1.5708 0.00520555 
0.830607 1.57271 0.00471002 
0.830624 1.57463 0.00421454 
0.830642 1.57654 0.0037191 
0.830663 1.57846 0.0032237 
0.834324 1.56629 -0.000553994 
0.834323 1.57774 -0.00349884 
0.838152 1.57267 0.00467411 
0.828474 1.56589 0.00261216 
0.828497 1.5774 -0.000376998 
0.839774 1.56489 0.00194056 
0.839783 1.57628 -0.00096311 
0.831771 1.56305 0.00767472 
0.831814 1.57453 0.00471009 
0.832951 1.56306 0.000388341 
0.832931 1.57453 -0.00256692 
0.839126 1.57097 0.00446558 
0.828341 1.57265 0.00175279 
0.839018 1.56341 0.00157106 
0.839011 1.57481 -0.00133832 
0.833115 1.57097 0.00590615 
0.831622 1.57092 -0.0013241 
0.839848 1.56953 0.00406442 
0.828513 1.5679 0.00387684 
0.828563 1.57941 0.000887943 
0.837993 1.57306 -0.00151195 
0.834493 1.56783 0.00678892 
0.834568 1.57928 0.00384504 
0.830466 1.56693 0.000204215 
0.830477 1.57843 -0.0027698 
0.840277 1.56826 0.00353398 
0.829002 1.56325 0.00592007 
0.829031 1.57476 0.00293467 
0.836783 1.57098 -0.00143261 
0.83587 1.5651 0.00735286 
0.835928 1.57654 0.00441928 
0.829526 1.56263 0.00197671 
0.829515 1.57414 -0.0010045 
0.840388 1.56707 0.0029443 
0.840425 1.57846 4.52834e-05 
0.829791 1.5703 0.0048324 
0.835448 1.56851 -0.00106233 
0.837172 1.56278 0.00760983 
0.837213 1.5742 0.00468606 
0.828819 1.5696 0.000951981 
0.840176 1.56587 0.00236849 
0.840197 1.57726 -0.000532133 
0.830803 1.56611 0.00651892 
0.830862 1.5776 0.00354712 
0.834062 1.56562 -0.000378724 
0.834056 1.57708 -0.00332557 
0.838353 1.57224 0.00467328 
0.828424 1.56491 0.00303414 
0.828442 1.57642 4.45739e-05 
0.839652 1.56454 0.00187893 
0.839658 1.57594 -0.00102566 
0.832012 1.56226 0.00794395 
0.83205 1.57374 0.00498111 
0.832699 1.56232 0.000623576 
0.832674 1.57379 -0.0023336 
0.839283 1.57059 0.00442382 
0.828348 1.57166 0.00217911 
0.838846 1.56301 0.00154352 
0.838836 1.57442 -0.00136717 
0.833372 1.57026 0.00611907 
0.831389 1.57011 -0.00103424 
0.839953 1.56919 0.00399307 
0.828581 1.56692 0.00429353 
0.828627 1.57844 0.00130511 
0.837776 1.57261 -0.00149646 
0.834755 1.5672 0.00694135 
0.834827 1.57864 0.00399942 
0.83027 1.56606 0.000543949 
0.830277 1.57756 -0.00243157 
0.840323 1.56795 0.00344588 
0.840371 1.57934 0.000546362 
0.829129 1.56231 0.00631332 
0.829153 1.57382 0.00332885 
0.836538 1.57046 -0.00136447 
0.836124 1.56455 0.00744571 
0.836178 1.57598 0.00451404 
0.829362 1.57321 -0.000625484 
0.840373 1.56676 0.00285319 
0.840406 1.57815 -4.59547e-05 
0.829965 1.5694 0.00519103 
0.835188 1.56791 -0.000936056 
0.835197 1.57936 -0.00387434 
0.837404 1.5623 0.00764726 
0.837441 1.57372 0.00472524 
0.82872 1.56864 0.0013601 
0.8401 1.56554 0.00228824 
0.840118 1.57694 -0.000612962 
0.831018 1.56527 0.00683147 
0.831072 1.57676 0.00386125 
0.8338 1.56495 -0.000191971 
0.833791 1.57641 -0.0031408 
0.838546 1.57182 0.00466392 
0.828386 1.56392 0.00345804 
0.828399 1.57544 0.000468148 
0.83952 1.56419 0.00182286 
0.839523 1.57559 -0.00108273 
0.832292 1.57297 0.00524147 
0.832422 1.57304 -0.0020892 
0.839431 1.57023 0.00437554 
0.828367 1.57068 0.00260471 
0.838666 1.56261 0.00152368 
0.838652 1.57402 -0.00138837 
0.833631 1.56957 0.00632062 
0.831163 1.56928 -0.000734337 
0.840046 1.56887 0.00391751 
0.828661 1.56595 0.00470682 
0.828703 1.57747 0.00171896 
0.837554 1.57215 -0.00147154 
0.835017 1.56658 0.00708232 
0.835085 1.57802 0.00414234 
0.830083 1.56517 0.000892141 
0.830084 1.57667 -0.00208482 
0.840357 1.56764 0.00335614 
0.840402 1.57903 0.000456876 
0.829285 1.57288 0.0037172 
0.836289 1.56993 -0.00128565 
0.836375 1.56401 0.00752765 
0.836425 1.57544 0.00459786 
0.829218 1.57228 -0.000239999 
0.840346 1.56646 0.00276307 
0.840376 1.57785 -0.000136281 
0.830147 1.56851 0.00554166 
0.834926 1.5673 -0.00079841 
0.834931 1.57875 -0.00373868 
0.837664 1.57325 0.0047546 
0.828633 1.56767 0.00177227 
0.828663 1.57919 -0.00121563 
0.840014 1.56522 0.00221157 
0.840028 1.57661 -0.000690289 
0.83124 1.56445 0.0071343 
0.83129 1.57593 0.00416572 
0.83354 1.56426 6.23095e-06 
0.833526 1.57572 -0.00294457 
0.838732 1.57142 0.00464638 
0.828359 1.56294 0.00388333 
0.828368 1.57446 0.000893212 
0.839379 1.56383 0.00177277 
0.839378 1.57523 -0.00113389 
0.832537 1.57221 0.00549097 
0.832173 1.57228 -0.00183386 
0.839569 1.56987 0.00432114 
0.828398 1.56969 0.00302907 
0.838477 1.5622 0.00151192 
0.83846 1.57361 -0.00140155 
0.833891 1.56889 0.00651073 
0.830943 1.56845 -0.00042464 
0.840129 1.56854 0.00383824 
0.828753 1.56499 0.00511621 
0.828789 1.5765 0.002129 
0.837325 1.57168 -0.00143693 
0.835278 1.56598 0.00721189 
0.835342 1.57742 0.00427386 
0.829903 1.56427 0.00124843 
0.829901 1.57578 -0.0017299 
0.84038 1.56733 0.00326526 
0.840421 1.57872 0.000366161 
0.829428 1.57195 0.00409929 
0.836036 1.56938 -0.00119597 
0.836623 1.56349 0.00759884 
0.836669 1.57491 0.00467092 
0.829085 1.57134 0.00015152 
0.840308 1.56615 0.00267444 
0.840334 1.57754 -0.000225196 
0.830337 1.56764 0.00588394 
0.830403 1.57913 0.0029087 
0.834663 1.56667 -0.000649327 
0.834665 1.57812 -0.0035916 
0.837881 1.5728 0.00477441 
0.828556 1.5667 0.002188 
0.828582 1.57822 -0.000800511 
0.839916 1.56489 0.00213896 
0.839927 1.57628 -0.000763637 
0.831468 1.56363 0.00742716 
0.831514 1.57512 0.00446028 
0.833282 1.56355 0.000215826 
0.833264 1.57502 -0.00273694 
0.838909 1.57102 0.00462102 
0.828348 1.57347 0.00131925 
0.839228 1.56346 0.00172909 
0.839223 1.57486 -0.00117871 
0.832787 1.57147 0.00572947 
0.831929 1.5715 -0.00156778 
0.839697 1.56953 0.00426106 
0.82844 1.56871 0.00345167 
0.83826 1.57318 -0.00140636 
0.834153 1.56822 0.00668936 
0.83073 1.5676 -0.000105435 
0.830744 1.57909 -0.00307744 
0.840201 1.56822 0.00375571 
0.828855 1.56403 0.00552121 
0.828887 1.57554 0.00253474 
0.837091 1.57119 -0.00139237 
0.835538 1.56539 0.00733014 
0.835598 1.57683 0.00439405 
0.829733 1.56337 0.00161245 
0.829726 1.57487 -0.00136718 
0.840391 1.56703 0.00317373 
0.840429 1.57841 0.000274715 
0.82958 1.57103 0.00447468 
0.835781 1.56881 -0.00109528 
0.836866 1.56298 0.00765949 
0.836909 1.5744 0.0047334 
0.828962 1.57039 0.000548628 
0.840258 1.56583 0.00258781 
0.84028 1.57722 -0.000312205 
0.830536 1.56677 0.00621752 
0.830597 1.57826 0.00324374 
0.834401 1.56603 -0.000488767 
0.834398 1.57749 -0.00343304 
0.838091 1.57235 0.00478497 
0.828491 1.56572 0.00260679 
0.828513 1.57724 -0.00038224 
0.839808 1.56455 0.00207088 
0.839815 1.57594 -0.00083254 
0.831702 1.56283 0.0077098 
0.831744 1.57431 0.00474465 
0.833026 1.56283 0.000436734 
0.833004 1.5743 -0.00251797 
0.839078 1.57064 0.00458822 
0.82834 1.57249 0.00174575 
0.839067 1.56308 0.00169224 
0.839059 1.57448 -0.00121677 
0.83304 1.57074 0.00595682 
0.831689 1.5707 -0.00129112 
0.839815 1.56918 0.00419575 
0.828494 1.56773 0.00387201 
0.828544 1.57925 0.000882973 
0.838053 1.57275 -0.00140247 
0.834416 1.56757 0.00685649 
0.83449 1.57902 0.00391201 
0.830525 1.56674 0.000222979 
0.830534 1.57823 -0.0027506 
0.840261 1.56791 0.00367043 
0.840311 1.5793 0.000770432 
0.828968 1.56308 0.00592135 
0.828996 1.57459 0.0029357 
0.836852 1.57069 -0.0013376 
0.835796 1.56482 0.00743716 
0.835852 1.57626 0.00450301 
0.829572 1.56245 0.00198381 
0.82956 1.57396 -0.000997052 
0.840391 1.56672 0.00308206 
0.840425 1.57811 0.000183041 
0.829742 1.57012 0.00484298 
0.835523 1.56824 -0.000983432 
0.837105 1.56248 0.0077098 
0.837144 1.5739 0.00478551 
0.828849 1.56943 0.000950867 
0.840196 1.56552 0.00250367 
0.840216 1.57691 -0.000396814 
0.830742 1.56591 0.00654208 
0.830799 1.57741 0.0035698 
0.834138 1.56537 -0.000316713 
0.834132 1.57683 -0.00326298 
0.838294 1.57192 0.00478658 
0.828438 1.56474 0.00302815 
0.828455 1.57626 3.86838e-05 
0.839689 1.5642 0.00200778 
0.839693 1.5756 -0.00089654 
0.831979 1.57352 0.00501862 
0.832773 1.56209 0.000668852 
0.832747 1.57357 -0.00228776 
0.839238 1.57026 0.00454836 
0.828344 1.5715 0.00217218 
0.838898 1.56269 0.00166261 
0.838886 1.57409 -0.00124769 
0.833296 1.57002 0.00617291 
0.831456 1.5699 -0.00100412 
0.839923 1.56885 0.00412564 
0.82856 1.56676 0.00428957 
0.828605 1.57828 0.00130099 
0.837839 1.5723 -0.00138955 
0.834679 1.56693 0.00701212 
0.834749 1.57838 0.0040696 
0.830327 1.56587 0.000560284 
0.830331 1.57736 -0.00241481 
0.84031 1.5676 0.00358287 
0.840357 1.57899 0.000683244 
0.829092 1.56213 0.00631617 
0.829115 1.57364 0.00333142 
0.836609 1.57017 -0.00127242 
0.836051 1.56426 0.00753309 
0.836103 1.5757 0.00460085 
0.829404 1.57304 -0.000619921 
0.840379 1.56641 0.00299075 
0.84041 1.5778 9.16381e-05 
0.829913 1.56922 0.00520378 
0.835263 1.56764 -0.000860327 
0.835271 1.57909 -0.00379804 
0.837374 1.57342 0.00482748 
0.828747 1.56847 0.00135777 
0.840124 1.5652 0.0024225 
0.84014 1.57659 -0.000478537 
0.830955 1.56507 0.00685729 
0.831008 1.57656 0.00388659 
0.833876 1.5647 -0.00013317 
0.833866 1.57616 -0.00308142 
0.83849 1.5715 0.00477957 
0.828396 1.56376 0.00345156 
0.828408 1.57528 0.000461752 
0.83956 1.56385 0.0019501 
0.839561 1.57525 -0.000955186 
0.832219 1.57275 0.00528198 
0.832493 1.57282 -0.00204644 
0.839388 1.5699 0.00450186 
0.82836 1.57051 0.00259803 
0.83872 1.56229 0.00164058 
0.838705 1.57369 -0.00127106 
0.833555 1.56932 0.00637765 
0.831228 1.56908 -0.000706993 
0.84002 1.56852 0.00405121 
0.828637 1.56579 0.00470386 
0.828677 1.5773 0.00171582 
0.837618 1.57185 -0.0013673 
0.834941 1.56631 0.00715629 
0.835007 1.57776 0.00421572 
0.830137 1.56498 0.000906145 
0.830137 1.57648 -0.00207041 
0.840348 1.56729 0.00349354 
0.840391 1.57868 0.000594192 
0.829244 1.5727 0.00372145 
0.836361 1.56964 -0.0011966 
0.836303 1.56372 0.00761806 
0.836352 1.57515 0.00468771 
0.829258 1.5721 -0.000236202 
0.840355 1.56611 0.0029003 
0.840383 1.5775 1.00772e-06 
0.830092 1.56832 0.00555669 
0.835002 1.56704 -0.000725869 
0.835006 1.57848 -0.00366557 
0.837598 1.57295 0.00485956 
0.828657 1.56751 0.00176885 
0.828686 1.57902 -0.00121887 
0.84004 1.56487 0.00234478 
0.840053 1.57627 -0.00055689 
0.831175 1.56424 0.00716287 
0.831224 1.57573 0.00419379 
0.833616 1.56402 6.18346e-05 
0.833601 1.57548 -0.00288839 
0.838678 1.57109 0.00476428 
0.828366 1.56278 0.00387651 
0.828374 1.5743 0.000886453 
0.839422 1.56349 0.0018983 
0.839419 1.57489 -0.00100804 
0.832464 1.57198 0.00553454 
0.832244 1.57206 -0.00179415 
0.839529 1.56954 0.00444913 
0.828387 1.56953 0.00302279 
0.838515 1.57329 -0.00128652 
0.833815 1.56864 0.00657096 
0.831006 1.56825 -0.000400007 
0.840106 1.5682 0.00397293 
0.828725 1.56482 0.00511439 
0.828761 1.57634 0.00212697 
0.837391 1.57137 -0.00133543 
0.835203 1.56571 0.00728904 
0.835265 1.57715 0.00435043 
0.829955 1.56409 0.00126021 
0.829951 1.57559 -0.00171773 
0.840374 1.56698 0.00340292 
0.840414 1.57837 0.000503771 
0.829384 1.57177 0.00410533 
0.83611 1.5691 -0.00110997 
0.836552 1.56319 0.00769224 
0.836597 1.57462 0.00476376 
0.829121 1.57116 0.000153675 
0.84032 1.5658 0.00281121 
0.840345 1.57719 -8.83511e-05 
0.830281 1.56744 0.00590134 
0.830345 1.57894 0.00292567 
0.83474 1.56641 -0.000579989 
0.83474 1.57786 -0.00352169 
0.837817 1.57249 0.00488202 
0.828577 1.56653 0.00218364 
0.828602 1.57805 -0.000804717 
0.839946 1.56454 0.00227098 
0.839955 1.57594 -0.000631396 
0.831402 1.56342 0.00745854 
0.831446 1.57491 0.00449115 
0.833357 1.56331 0.000268249 
0.833338 1.57478 -0.00268394 
0.838857 1.5707 0.00474107 
0.828351 1.57331 0.00131227 
0.839273 1.56313 0.00185279 
0.839267 1.57453 -0.00105467 
0.832713 1.57124 0.00577613 
0.831998 1.57128 -0.00153105 
0.83966 1.56919 0.00439059 
0.828426 1.56855 0.00344594 
0.838317 1.57287 -0.00129371 
0.834077 1.56797 0.0067528 
0.834153 1.57942 0.00380578 
0.830791 1.5674 -8.34323e-05 
0.830804 1.57889 -0.00305498 
0.840181 1.56788 0.00389126 
0.840232 1.57927 0.000990642 
0.828825 1.56386 0.00552067 
0.828855 1.57538 0.00253396 
0.837159 1.57089 -0.00129367 
0.835463 1.56512 0.00741044 
0.835521 1.57656 0.00447378 
0.829782 1.56319 0.0016221 
0.829774 1.57469 -0.00135715 
0.840389 1.56668 0.00331152 
0.840425 1.57806 0.00041248 
0.829534 1.57085 0.00448265 
0.835855 1.56854 -0.00101237 
0.836797 1.56268 0.00775581 
0.836838 1.57411 0.00482918 
0.828995 1.57022 0.000549266 
0.840274 1.56549 0.00272397 
0.840295 1.57688 -0.000175942 
0.830477 1.56657 0.00623739 
0.830537 1.57807 0.00326315 
0.834477 1.56578 -0.000422642 
0.834473 1.57723 -0.00336634 
0.838029 1.57204 0.00489513 
0.828509 1.56556 0.00260163 
0.828529 1.57708 -0.000387274 
0.839841 1.56421 0.00220159 
0.839847 1.5756 -0.000701588 
0.831635 1.56262 0.00774406 
0.831675 1.5741 0.0047784 
0.833101 1.5626 0.000486001 
0.833078 1.57406 -0.00246813 
0.839029 1.57031 0.00471031 
0.82834 1.57232 0.00173869 
0.839116 1.56275 0.00181398 
0.839106 1.57415 -0.00109467 
0.832965 1.5705 0.00600661 
0.831758 1.57049 -0.00125733 
0.839781 1.56884 0.00432669 
0.828477 1.56757 0.00386696 
0.828525 1.57909 0.000877792 
0.838112 1.57244 -0.00129228 
0.834339 1.56731 0.00692315 
0.834412 1.57877 0.00397808 
0.830584 1.56654 0.000242437 
0.830592 1.57804 -0.0027307 
0.840245 1.56756 0.0038067 
0.840293 1.57895 0.000906559 
0.828935 1.56291 0.00592222 
0.828961 1.57442 0.00293631 
0.836921 1.57039 -0.00124178 
0.835721 1.56454 0.00752059 
0.835776 1.57598 0.00458587 
0.829619 1.56227 0.00199145 
0.829606 1.57378 -0.000989057 
0.840392 1.56637 0.00321984 
0.840425 1.57776 0.00032082 
0.829693 1.56994 0.00485297 
0.835598 1.56796 -0.000903657 
0.835608 1.5794 -0.00383883 
0.837037 1.56218 0.00780899 
0.837074 1.5736 0.00488417 
0.82888 1.56926 0.000950117 
