0.666542 1.5708 0.139086 
0.666753 1.57305 0.138392 
0.666966 1.57529 0.137698 
0.667181 1.57754 0.137003 
0.786121 1.56582 -0.168483 
0.784726 1.57767 -0.171863 
1.05294 1.56912 0.0808211 
1.0537 1.57851 0.079558 
0.615631 1.5655 0.0733521 
0.896681 1.57111 -0.15774 
0.951115 1.56874 0.139883 
0.952346 1.5789 0.137661 
0.608573 1.56595 -0.0217098 
1.00447 1.5712 -0.108987 
0.838115 1.5622 0.175817 
0.839518 1.57342 0.172742 
0.636783 1.56238 -0.105903 
0.635773 1.57642 -0.110284 
1.08924 1.56687 -0.0435669 
1.08889 1.57601 -0.0444881 
0.730653 1.5651 0.166619 
0.732045 1.57764 0.162879 
0.712097 1.56578 -0.153713 
0.710773 1.57862 -0.157559 
1.09881 1.56335 0.0306173 
1.0991 1.57241 0.0297735 
0.647669 1.57535 0.123801 
0.815031 1.57211 -0.171619 
1.0269 1.56208 0.0993331 
1.02777 1.57167 0.0978052 
0.610633 1.57286 0.0464035 
0.926716 1.56998 -0.146588 
0.921596 1.57202 0.151767 
0.612291 1.57157 -0.0491533 
1.03175 1.56743 -0.0919115 
1.03096 1.57699 -0.0933706 
0.809009 1.57285 0.174152 
0.652302 1.57115 -0.124869 
1.1 1.56469 -0.0238584 
1.09982 1.57375 -0.0246814 
0.705209 1.5681 0.157999 
0.73785 1.56845 -0.161771 
1.08724 1.57045 0.0494427 
0.631917 1.56906 0.1087 
0.845467 1.57032 -0.169278 
1.00014 1.56835 0.114887 
1.00119 1.57813 0.113116 
0.607531 1.56313 0.0237156 
0.60772 1.5777 0.0190635 
0.957109 1.56234 -0.132262 
0.955948 1.57248 -0.13441 
0.891206 1.5713 0.162567 
0.618691 1.56502 -0.0713731 
0.618002 1.57939 -0.075912 
1.05649 1.56946 -0.0749634 
1.05586 1.57884 -0.0761923 
0.778686 1.56798 0.173798 
0.672476 1.56756 -0.136967 
1.10436 1.57002 -0.00421181 
1.10437 1.57905 -0.00499947 
0.682171 1.57515 0.14592 
0.765655 1.56857 -0.166916 
1.06841 1.56387 0.0689238 
1.06903 1.57315 0.0677957 
0.62072 1.56208 0.0903988 
0.621515 1.57639 0.0858807 
0.875766 1.57052 -0.163642 
0.971716 1.56988 0.129886 
0.607237 1.56577 -0.00340118 
0.985318 1.56763 -0.119141 
0.984297 1.57754 -0.12104 
0.860003 1.56649 0.171506 
0.861414 1.57748 0.168574 
0.627346 1.57302 -0.0958468 
1.07786 1.56621 -0.0565619 
1.07739 1.57543 -0.0575855 
0.749873 1.5666 0.170209 
0.751295 1.57888 0.166589 
0.695409 1.56336 -0.146612 
0.694109 1.57645 -0.15057 
1.10319 1.56605 0.0164084 
1.10336 1.57509 0.0156084 
0.660369 1.57103 0.135093 
0.794981 1.56647 -0.169367 
0.793588 1.57821 -0.172692 
1.04499 1.56299 0.0870621 
1.04577 1.57243 0.0857095 
0.61396 1.5699 0.064653 
0.906767 1.56327 -0.15276 
0.90547 1.57384 -0.15533 
0.942013 1.56822 0.144023 
0.943267 1.57846 0.141721 
0.60945 1.56936 -0.0306856 
1.01323 1.56674 -0.103324 
1.01233 1.57644 -0.104959 
0.829839 1.57042 0.174328 
0.640928 1.56685 -0.112597 
1.09322 1.56663 -0.0377006 
1.09292 1.57574 -0.0385857 
0.72286 1.56738 0.163835 
0.719482 1.56875 -0.157045 
1.0959 1.56253 0.036714 
1.09623 1.57162 0.0358416 
0.641817 1.56588 0.121938 
0.824349 1.57066 -0.171039 
1.01916 1.56662 0.103754 
1.0201 1.57626 0.102161 
0.609225 1.56215 0.042069 
0.609579 1.57669 0.0374357 
0.935645 1.57074 -0.143069 
0.911322 1.56306 0.157426 
0.912619 1.57356 0.154867 
0.613726 1.57584 -0.058071 
1.03925 1.57151 -0.0873511 
0.799831 1.57242 0.174012 
0.658758 1.56235 -0.126443 
0.657588 1.57601 -0.130657 
1.10196 1.56375 -0.0177115 
1.10183 1.5728 -0.018517 
0.69814 1.57165 0.154131 
0.745917 1.5704 -0.164115 
1.08231 1.57078 0.0551728 
0.628451 1.57321 0.101513 
0.855215 1.56614 -0.16685 
0.853848 1.57721 -0.169793 
0.991156 1.56444 0.120432 
0.992216 1.57429 0.118569 
0.60718 1.56608 0.0148131 
0.964967 1.57099 -0.129911 
0.881025 1.56403 0.167139 
0.882389 1.57481 0.164353 
0.62086 1.56951 -0.0797602 
1.06386 1.56272 -0.0687459 
1.06326 1.57205 -0.0698916 
0.769967 1.56901 0.172508 
0.678619 1.57241 -0.141983 
1.10461 1.56894 0.00204902 
1.10467 1.57796 0.00126366 
0.674561 1.5664 0.145168 
0.77422 1.56993 -0.168456 
1.06187 1.56598 0.0742033 
1.06256 1.57531 0.073018 
0.618453 1.56643 0.082204 
0.885766 1.56396 -0.159525 
0.88443 1.57472 -0.162254 
0.962598 1.56785 0.13466 
0.963786 1.57793 0.132538 
0.607639 1.56864 -0.0123043 
0.994253 1.56415 -0.113879 
0.993249 1.57399 -0.115689 
0.851443 1.57255 0.171474 
0.631532 1.56319 -0.0988188 
0.630588 1.57733 -0.103243 
1.08318 1.56698 -0.0509984 
1.08277 1.57616 -0.0519748 
0.741641 1.56831 0.168073 
0.702277 1.56727 -0.150701 
1.10167 1.56499 0.0226227 
1.10189 1.57403 0.0218075 
0.65486 1.57575 0.129463 
0.803974 1.56662 -0.169877 
0.802582 1.57826 -0.173146 
1.03758 1.56669 0.0918387 
1.03842 1.57619 0.0904232 
0.612487 1.57421 0.0558143 
0.915575 1.56547 -0.150031 
0.914314 1.57596 -0.152533 
0.932938 1.56835 0.147872 
0.934218 1.57867 0.145492 
0.610496 1.57305 -0.0396782 
1.02099 1.57163 -0.0991354 
0.820312 1.56825 0.175359 
0.645444 1.57141 -0.118989 
1.09657 1.56608 -0.0317297 
1.09633 1.57517 -0.0325842 
0.715283 1.57002 0.160723 
0.727088 1.57133 -0.160046 
1.09272 1.57106 0.0418264 
0.637443 1.57014 0.115475 
0.83381 1.56842 -0.169923 
1.01136 1.57154 0.107964 
0.608397 1.56568 0.033112 
0.944612 1.57083 -0.139244 
0.902361 1.5651 0.16023 
0.903692 1.57568 0.157602 
0.615936 1.56582 -0.0623123 
1.04732 1.56574 -0.0813082 
1.04662 1.57519 -0.0826157 
0.790799 1.57258 0.173457 
0.664332 1.56734 -0.132023 
1.10336 1.56274 -0.0115136 
1.10328 1.57178 -0.0123071 
0.689999 1.56247 0.153934 
0.691293 1.57561 0.149932 
0.754155 1.57215 -0.1662 
1.07628 1.5624 0.0618191 
1.07684 1.57162 0.0607623 
0.624492 1.56318 0.0984768 
0.625368 1.57741 0.0939922 
0.86368 1.57217 -0.166765 
0.983176 1.57092 0.12386 
0.607046 1.56889 0.00592794 
0.97398 1.56884 -0.125153 
0.972922 1.57885 -0.127158 
0.872246 1.56818 0.168461 
0.873651 1.57904 0.165614 
0.62331 1.57394 -0.0878749 
1.07023 1.56479 -0.0635561 
1.06969 1.57407 -0.0646471 
0.761384 1.57029 0.170945 
0.686258 1.56379 -0.142701 
0.684987 1.57702 -0.146721 
1.10433 1.56784 0.00831013 
1.10444 1.57687 0.00752193 
0.668449 1.57111 0.140087 
0.782915 1.57101 -0.169724 
1.05502 1.56864 0.0793122 
1.05576 1.57802 0.0780678 
0.616463 1.57084 0.0737537 
0.894462 1.56754 -0.157699 
0.893167 1.57822 -0.160366 
0.953474 1.56648 0.139176 
0.954683 1.57662 0.136971 
0.608248 1.5717 -0.0212369 
1.00213 1.57 -0.110187 
0.841594 1.56841 0.173824 
0.635175 1.56756 -0.105913 
1.08795 1.56726 -0.0452917 
1.08758 1.57641 -0.0462253 
0.733591 1.57025 0.165658 
0.70937 1.57075 -0.154453 
1.09956 1.564 0.0287944 
1.09983 1.57306 0.0279582 
0.648513 1.56658 0.127878 
0.813107 1.56616 -0.169958 
0.811713 1.57769 -0.173171 
1.03003 1.5708 0.096437 
0.610735 1.56386 0.0515052 
0.611193 1.57836 0.0468877 
0.924436 1.56705 -0.146949 
0.923208 1.57747 -0.149381 
0.923899 1.5691 0.151414 
0.925207 1.57949 0.14896 
0.612163 1.56254 -0.0440554 
0.611702 1.57703 -0.0486606 
1.0295 1.56657 -0.0932675 
1.0287 1.57615 -0.0947462 
0.810939 1.56687 0.175862 
0.812384 1.57838 0.172616 
0.651441 1.56231 -0.12083 
0.650312 1.5761 -0.125098 
1.09931 1.56532 -0.0256713 
1.09911 1.57439 -0.0265009 
0.707927 1.57307 0.157273 
0.734907 1.57358 -0.162735 
1.08858 1.57083 0.0477105 
0.633458 1.57433 0.108699 
0.843407 1.56535 -0.16825 
0.842023 1.57654 -0.171272 
1.00249 1.56713 0.113686 
1.00352 1.57689 0.111934 
0.607756 1.56893 0.024174 
0.953608 1.57025 -0.135126 
0.893453 1.56775 0.162628 
0.894819 1.57841 0.159934 
0.617783 1.57031 -0.0709756 
1.05443 1.569 -0.0764597 
1.05379 1.5784 -0.077707 
0.781907 1.57321 0.172542 
0.670168 1.57231 -0.137354 
1.1042 1.57072 -0.00606641 
0.683367 1.56669 0.14947 
0.762545 1.57372 -0.168039 
1.07027 1.56376 0.0673074 
1.07088 1.57303 0.0661966 
0.621797 1.56741 0.0906565 
0.8736 1.56644 -0.163244 
0.872259 1.57733 -0.166061 
0.974088 1.5681 0.128955 
0.975238 1.57808 0.126938 
0.607137 1.57166 -0.0029542 
0.98297 1.56607 -0.120164 
0.981929 1.57601 -0.122082 
0.862184 1.56217 0.172121 
0.863563 1.57314 0.169203 
0.626952 1.56408 -0.09122 
0.62608 1.5783 -0.0956832 
1.07619 1.56628 -0.0581965 
1.07571 1.57551 -0.0592355 
0.752946 1.57178 0.169122 
0.692842 1.56817 -0.147185 
1.10353 1.56675 0.0145587 
1.10369 1.57578 0.0137624 
0.661394 1.5623 0.138954 
0.662585 1.57589 0.134755 
0.791737 1.57174 -0.170681 
1.04715 1.56239 0.0855811 
1.04791 1.57182 0.0842479 
0.614711 1.57526 0.0650961 
0.903224 1.57047 -0.155428 
0.944361 1.56576 0.143417 
0.945593 1.57598 0.141133 
0.609047 1.57502 -0.0302009 
1.01092 1.56565 -0.104573 
1.01001 1.57537 -0.106227 
0.831882 1.56511 0.175608 
0.833308 1.57639 0.172493 
0.639201 1.57197 -0.112683 
1.09211 1.56712 -0.0394582 
1.0918 1.57624 -0.040354 
0.725739 1.57249 0.162942 
0.71669 1.5738 -0.157863 
1.09683 1.56314 0.0349088 
1.09715 1.57221 0.0340459 
0.643656 1.57102 0.12177 
0.822385 1.565 -0.169559 
0.820986 1.57642 -0.172714 
1.02146 1.56567 0.10242 
1.02238 1.57529 0.100847 
0.609658 1.56776 0.0425488 
0.933344 1.56801 -0.143541 
0.932147 1.57835 -0.1459 
0.914902 1.57045 0.15463 
0.613575 1.56677 -0.0530048 
1.03705 1.57077 -0.0887571 
0.80172 1.5662 0.175882 
0.803161 1.57783 0.17258 
0.656639 1.56719 -0.126715 
1.10144 1.56442 -0.019542 
1.1013 1.57347 -0.0203523 
0.69947 1.56355 0.15742 
0.700796 1.57655 0.15348 
0.744307 1.56317 -0.161495 
0.742921 1.57556 -0.165135 
1.08383 1.57102 0.053476 
0.628918 1.56436 0.106042 
0.629868 1.57851 0.101595 
0.851729 1.57254 -0.168975 
0.993527 1.56309 0.119294 
0.994569 1.57292 0.11745 
0.607317 1.57195 0.015262 
0.962619 1.56898 -0.130727 
0.96152 1.57908 -0.132834 
0.884606 1.57104 0.164571 
0.619862 1.5748 -0.0794245 
1.06191 1.56241 -0.0702737 
1.06129 1.57175 -0.0714368 
0.771742 1.5622 0.174795 
0.77315 1.57419 0.171311 
0.677487 1.5638 -0.138348 
0.676245 1.57717 -0.142428 
1.10459 1.56964 0.000191411 
1.10464 1.57866 -0.00059405 
0.676959 1.5712 0.144714 
0.772481 1.56307 -0.166165 
0.771074 1.57509 -0.169629 
1.06384 1.5657 0.0726328 
1.06451 1.57502 0.0714654 
0.619427 1.57175 0.0825327 
0.882227 1.57089 -0.162028 
0.96497 1.56588 0.13382 
0.966138 1.57593 0.131717 
0.607448 1.57449 -0.0118494 
0.991916 1.56276 -0.114977 
0.990893 1.57262 -0.116806 
0.853574 1.56794 0.172292 
0.855001 1.57899 0.169317 
0.6301 1.56843 -0.0987297 
1.08167 1.5672 -0.0526762 
1.08124 1.5764 -0.0536668 
0.744667 1.57348 0.16704 
0.699647 1.57216 -0.15135 
1.10218 1.56568 0.0207817 
1.10239 1.57472 0.0199719 
0.655802 1.56699 0.133419 
0.80069 1.572 -0.171281 
1.03979 1.56598 0.0904053 
1.04061 1.57546 0.0890094 
0.612608 1.56516 0.0608826 
0.91333 1.56228 -0.150239 
0.912042 1.57279 -0.152757 
0.935272 1.56569 0.147371 
0.936528 1.57598 0.145008 
0.610378 1.56411 -0.0345628 
0.610021 1.57863 -0.0391861 
1.0187 1.57066 -0.100445 
0.822316 1.56264 0.176829 
0.823731 1.57403 0.173655 
0.644684 1.56257 -0.114826 
0.643604 1.57647 -0.119145 
1.09565 1.56666 -0.0335153 
1.09539 1.57575 -0.0343787 
0.716746 1.56233 0.163731 
0.7181 1.57507 0.159904 
0.725593 1.5638 -0.157176 
0.724235 1.57644 -0.160936 
1.09346 1.56248 0.0409502 
1.09383 1.57158 0.0400547 
0.639165 1.57534 0.115377 
0.831808 1.56305 -0.168635 
0.830401 1.57437 -0.171731 
1.01368 1.57048 0.10669 
0.608754 1.57138 0.0335841 
0.942293 1.56833 -0.139824 
0.941124 1.57859 -0.142108 
0.905952 1.57238 0.157492 
0.615154 1.57116 -0.0618596 
1.04518 1.56511 -0.082744 
1.04446 1.57457 -0.0840704 
0.792647 1.56615 0.175471 
0.794087 1.57788 0.172114 
0.662132 1.57214 -0.132349 
1.10301 1.56343 -0.0133574 
1.10291 1.57246 -0.0141542 
0.692557 1.56734 0.153341 
0.752494 1.56504 -0.163682 
0.751112 1.57732 -0.167271 
1.07797 1.5625 0.0601462 
1.07851 1.57171 0.0591053 
0.62574 1.56851 0.0986334 
0.861543 1.56778 -0.166136 
0.860194 1.57878 -0.169037 
0.985544 1.56939 0.122814 
0.986658 1.57928 0.120907 
0.607092 1.57479 0.0063714 
0.97163 1.56704 -0.126064 
0.970551 1.57707 -0.128088 
0.874459 1.5642 0.168838 
0.875835 1.57504 0.166006 
0.623005 1.56495 -0.0831139 
0.622211 1.57924 -0.0876122 
1.06839 1.56465 -0.0651328 
1.06783 1.57394 -0.0662405 
0.763118 1.56335 0.173337 
0.764529 1.57546 0.1698 
0.683786 1.56854 -0.143194 
1.10447 1.56855 0.00645308 
1.10457 1.57758 0.00566638 
0.669553 1.56246 0.14383 
0.67078 1.57591 0.139688 
0.781135 1.5643 -0.167544 
0.779732 1.57621 -0.170955 
1.05708 1.56821 0.0777884 
1.0578 1.57757 0.0765626 
0.617345 1.57617 0.0741417 
0.892257 1.56391 -0.157615 
0.890933 1.57461 -0.160296 
0.955843 1.5643 0.138433 
0.95703 1.57442 0.136247 
0.608165 1.56293 -0.0161238 
0.607972 1.57749 -0.0207704 
0.999793 1.56877 -0.111367 
0.998844 1.57857 -0.113132 
0.843699 1.56351 0.174839 
0.845107 1.57467 0.171799 
0.633622 1.57276 -0.105906 
1.0866 1.56762 -0.0470084 
1.08623 1.57678 -0.0479547 
0.735179 1.56292 0.168394 
0.736563 1.5754 0.164684 
