1.00342 0.780631 0.137875 
0.999845 0.789948 0.137506 
1.00091 0.782974 0.16755 
0.997485 0.792356 0.16696 
0.974589 0.777799 0.166869 
0.970923 0.787333 0.166118 
1.01825 0.782782 0.137812 
1.01481 0.792015 0.137534 
0.976858 0.778788 0.183403 
0.973311 0.788339 0.182566 
0.998476 0.777758 0.141914 
0.994867 0.787105 0.141494 
1.00654 0.783362 0.161408 
1.00312 0.792701 0.160893 
0.970238 0.781626 0.172049 
0.966588 0.791201 0.171221 
1.01811 0.779418 0.135274 
1.01464 0.788643 0.135025 
0.98068 0.78187 0.181815 
0.977169 0.791399 0.181004 
0.990284 0.782719 0.146644 
0.986654 0.792131 0.146116 
1.01113 0.784187 0.155046 
1.00772 0.79349 0.1546 
0.970671 0.776909 0.177114 
0.967031 0.786484 0.176276 
1.01377 0.783297 0.134099 
1.01028 0.792551 0.133815 
0.988122 0.777458 0.179349 
0.984631 0.78693 0.178618 
0.986329 0.7772 0.152642 
0.982674 0.786636 0.152067 
1.01458 0.784893 0.148926 
0.968542 0.783158 0.180128 
0.964935 0.792761 0.179235 
1.00894 0.785091 0.134564 
0.991866 0.784332 0.174715 
0.988412 0.793783 0.174015 
0.979527 0.780478 0.158505 
0.975866 0.789971 0.157832 
1.01684 0.78493 0.143478 
0.970995 0.781544 0.182507 
0.967412 0.791134 0.181623 
1.00387 0.784803 0.136631 
1.00031 0.794121 0.136258 
0.998588 0.783294 0.169594 
0.995153 0.792694 0.168975 
0.973693 0.783669 0.164319 
0.970034 0.793212 0.163555 
1.01799 0.783801 0.139072 
1.01456 0.793038 0.13878 
0.974201 0.781858 0.18324 
0.970649 0.791429 0.182374 
0.99883 0.782576 0.14017 
0.995236 0.791926 0.139747 
1.00454 0.783393 0.163645 
1.00112 0.792748 0.163103 
0.972606 0.777713 0.17048 
0.968946 0.787265 0.169692 
1.01816 0.781086 0.136002 
1.0147 0.790314 0.135742 
0.97792 0.784201 0.182267 
0.974402 0.793752 0.181425 
0.994096 0.778683 0.144967 
0.990471 0.788063 0.144493 
1.00952 0.784124 0.157311 
1.00611 0.79344 0.15684 
0.968984 0.782143 0.175105 
0.965345 0.791733 0.174248 
1.01406 0.785699 0.134235 
0.985371 0.779065 0.180401 
0.981873 0.788558 0.17964 
0.986255 0.782908 0.150208 
0.982613 0.79235 0.149627 
1.01339 0.784936 0.151055 
0.970114 0.77828 0.179427 
0.96649 0.787864 0.178566 
1.01288 0.779005 0.134372 
1.00936 0.788259 0.134096 
0.989224 0.785317 0.176253 
0.982803 0.776917 0.156543 
0.979139 0.786381 0.155918 
1.01607 0.785273 0.145321 
0.968632 0.785602 0.1815 
1.00788 0.779435 0.135902 
1.00433 0.78872 0.135581 
0.996162 0.783762 0.171531 
0.992721 0.793181 0.170881 
0.976605 0.780068 0.162443 
0.972941 0.789585 0.161725 
1.01761 0.784615 0.140504 
1.01419 0.793858 0.140196 
0.971604 0.7852 0.182843 
1.00282 0.777859 0.138965 
0.999233 0.787176 0.138594 
1.00242 0.783507 0.165832 
0.998994 0.792878 0.165261 
0.971456 0.783451 0.16804 
0.9678 0.793015 0.167239 
1.01811 0.78251 0.136928 
1.01466 0.791742 0.136656 
0.978723 0.777268 0.183308 
0.975183 0.786804 0.18249 
0.994349 0.783854 0.14295 
0.990738 0.793237 0.142472 
1.00777 0.784072 0.159585 
1.00436 0.793402 0.159088 
0.971088 0.777978 0.173769 
0.967437 0.787546 0.17295 
1.01775 0.778607 0.134828 
1.01427 0.787832 0.134583 
0.982604 0.780926 0.181244 
0.979099 0.79044 0.180453 
0.989928 0.779096 0.148386 
0.986288 0.788507 0.147858 
1.01204 0.784918 0.153249 
0.968188 0.783185 0.177698 
0.964564 0.792786 0.176817 
1.01325 0.781897 0.134124 
1.00975 0.791152 0.133842 
0.990012 0.777064 0.178327 
0.986529 0.786522 0.177617 
0.982531 0.782769 0.153996 
0.978879 0.792239 0.153365 
1.01515 0.785488 0.147281 
0.969976 0.780317 0.181157 
0.966372 0.789909 0.180278 
1.00833 0.783088 0.13506 
1.00479 0.792375 0.134734 
0.993648 0.784399 0.173339 
0.9902 0.793838 0.17266 
0.975985 0.785998 0.159838 
1.0171 0.785242 0.142096 
0.972658 0.779235 0.18308 
0.96908 0.788812 0.182213 
1.00325 0.782224 0.137571 
0.999675 0.791543 0.137197 
1.00018 0.783727 0.167946 
0.996747 0.793116 0.167347 
0.974115 0.77974 0.166282 
0.970451 0.789278 0.165524 
1.01795 0.783701 0.138044 
1.01451 0.792937 0.137758 
0.976029 0.780123 0.183328 
0.972482 0.78968 0.18248 
0.998277 0.779485 0.141504 
0.994672 0.788836 0.141079 
1.00587 0.784057 0.161846 
1.00246 0.793402 0.161322 
0.969681 0.783516 0.171501 
0.966033 0.793097 0.170665 
1.01787 0.780476 0.135394 
1.0144 0.789704 0.135138 
0.979835 0.783047 0.18187 
0.976324 0.792584 0.181048 
0.990045 0.784558 0.146143 
0.986419 0.793973 0.14561 
1.01055 0.784866 0.15549 
0.970033 0.778709 0.176643 
0.966394 0.78829 0.175796 
1.01358 0.784514 0.134091 
1.01009 0.793771 0.133801 
0.987283 0.77848 0.179534 
0.983792 0.787959 0.178794 
0.986032 0.779112 0.152082 
0.98238 0.788553 0.151502 
1.01408 0.785597 0.149341 
0.96783 0.784845 0.17975 
1.0123 0.777217 0.1347 
1.00877 0.786471 0.134425 
0.991057 0.785225 0.175002 
0.979162 0.78243 0.157909 
0.975503 0.791927 0.15723 
1.01644 0.785702 0.143832 
0.970221 0.783091 0.182249 
0.966639 0.792688 0.181356 
1.00726 0.777056 0.136689 
1.0037 0.786343 0.136367 
0.997828 0.784078 0.169968 
0.994393 0.793485 0.169338 
0.97325 0.785622 0.16372 
1.01767 0.784675 0.13934 
1.01424 0.793917 0.13904 
0.973383 0.783251 0.183113 
0.969831 0.79283 0.182237 
0.998644 0.78426 0.139794 
0.995054 0.793613 0.139365 
1.00385 0.784105 0.164072 
1.00043 0.793466 0.16352 
0.972079 0.779624 0.169916 
0.96842 0.789181 0.169121 
1.0179 0.782092 0.136163 
1.01444 0.791323 0.135896 
0.977078 0.785437 0.182272 
0.993873 0.780485 0.144497 
0.990251 0.789868 0.144018 
1.00891 0.784804 0.157757 
0.968375 0.783982 0.1746 
0.964737 0.793577 0.173735 
1.01733 0.777633 0.134513 
1.01385 0.786859 0.134271 
0.984528 0.780142 0.180541 
0.981029 0.789642 0.17977 
0.985982 0.7848 0.149663 
1.01286 0.785627 0.151484 
0.969427 0.780009 0.179015 
0.965804 0.7896 0.178146 
1.0127 0.780325 0.134283 
1.00918 0.789582 0.134002 
0.991879 0.776813 0.177192 
0.988402 0.786257 0.176503 
0.982462 0.778858 0.155958 
0.978802 0.788326 0.155328 
1.01906 0.776785 0.146008 
1.01564 0.786017 0.1457 
0.97148 0.777624 0.182058 
0.967879 0.787204 0.181194 
1.00771 0.780917 0.135686 
1.00416 0.790205 0.13536 
0.995382 0.784582 0.171876 
0.991941 0.794008 0.171217 
0.97619 0.782024 0.161843 
0.972528 0.791546 0.161119 
1.01726 0.785449 0.140806 
0.974374 0.777089 0.183514 
0.9708 0.786652 0.182664 
1.00264 0.779491 0.13863 
0.999057 0.788812 0.138255 
1.0017 0.78424 0.166243 
0.998275 0.793618 0.165663 
0.970959 0.785384 0.167458 
1.01783 0.783466 0.137129 
1.01438 0.792701 0.13685 
0.977888 0.778556 0.183272 
0.974347 0.788099 0.182443 
0.994143 0.785618 0.14251 
1.00712 0.784758 0.160028 
1.00371 0.794094 0.159521 
0.970507 0.779845 0.173242 
0.966858 0.789418 0.172415 
1.01752 0.779708 0.134914 
1.01405 0.788937 0.134662 
0.981759 0.782058 0.181337 
0.978253 0.79158 0.180535 
0.989674 0.780958 0.147867 
0.986038 0.790373 0.147333 
1.01149 0.7856 0.153688 
0.967528 0.784959 0.177247 
1.01306 0.783159 0.13408 
1.00956 0.792417 0.133792 
0.98918 0.778046 0.178546 
0.985696 0.78751 0.177826 
0.982217 0.784698 0.15342 
1.01811 0.776967 0.14801 
1.01469 0.786208 0.147681 
0.969245 0.781965 0.180813 
0.965642 0.791564 0.179925 
1.00816 0.784514 0.134886 
1.00463 0.793804 0.134555 
0.99285 0.785259 0.173653 
0.979266 0.778463 0.159912 
0.9756 0.787957 0.159235 
1.02014 0.776819 0.142706 
1.01671 0.78604 0.142428 
0.97187 0.780738 0.182861 
0.968292 0.790322 0.181984 
1.00307 0.783805 0.137276 
0.999506 0.793128 0.136896 
0.999434 0.784488 0.168337 
0.996005 0.793883 0.167728 
0.973647 0.781684 0.165691 
0.969986 0.791228 0.164926 
1.01764 0.78461 0.138283 
1.01421 0.79385 0.137991 
0.975202 0.78147 0.18324 
0.971655 0.791035 0.182383 
0.998082 0.781204 0.1411 
0.99448 0.790558 0.14067 
1.0052 0.784756 0.162281 
1.00179 0.794106 0.161747 
0.969131 0.785412 0.170947 
1.01762 0.781523 0.135522 
1.01416 0.790754 0.13526 
0.97899 0.784238 0.181914 
0.975479 0.793781 0.181082 
0.993444 0.777008 0.146127 
0.989812 0.786391 0.145647 
1.00996 0.785544 0.155934 
0.9694 0.780518 0.176163 
0.965763 0.790105 0.175309 
1.01338 0.785719 0.134091 
0.986444 0.779514 0.17971 
0.982952 0.789 0.178959 
0.98574 0.781021 0.151524 
0.982092 0.790466 0.150939 
1.017 0.777049 0.150109 
1.01359 0.786299 0.149759 
0.970745 0.776964 0.180218 
0.967124 0.786544 0.179362 
1.01212 0.778583 0.134576 
1.00859 0.78784 0.134296 
0.993714 0.776697 0.175949 
0.990244 0.786128 0.175281 
0.978803 0.784382 0.157314 
0.975147 0.793883 0.156629 
1.01945 0.77724 0.144489 
1.01603 0.786468 0.144192 
0.969452 0.78465 0.18198 
1.00709 0.778582 0.136439 
1.00353 0.787871 0.136112 
0.997064 0.784871 0.170334 
0.97648 0.778061 0.163838 
0.972813 0.787578 0.163118 
1.01734 0.785541 0.139615 
0.972568 0.784658 0.182974 
0.99846 0.785933 0.139425 
1.00315 0.784821 0.164496 
0.971558 0.781541 0.169347 
0.967901 0.791103 0.168545 
1.01763 0.783087 0.136333 
1.01418 0.792322 0.136059 
0.979772 0.777157 0.183075 
0.976237 0.786686 0.182265 
0.993654 0.782279 0.144033 
0.990036 0.791666 0.143548 
1.00829 0.785485 0.158202 
0.967772 0.785828 0.174088 
1.01712 0.778778 0.134564 
1.01364 0.788007 0.134315 
0.983683 0.78123 0.180671 
0.980185 0.790738 0.179889 
0.989361 0.777273 0.149656 
0.985714 0.786687 0.149122 
1.01575 0.777054 0.152287 
1.01233 0.786315 0.151914 
0.968746 0.781748 0.178594 
0.965124 0.791345 0.177716 
1.01252 0.781634 0.134203 
1.00901 0.790893 0.133917 
0.991054 0.777756 0.177443 
0.987577 0.787207 0.176743 
0.982128 0.780798 0.155374 
0.978471 0.79027 0.154738 
1.01862 0.777519 0.146399 
1.0152 0.786755 0.146083 
0.970731 0.779231 0.181751 
0.967131 0.788817 0.180877 
1.00754 0.782388 0.135478 
1.004 0.791679 0.135146 
0.994598 0.78541 0.172214 
0.975781 0.783982 0.161242 
0.972122 0.793508 0.160512 
1.02033 0.777057 0.141382 
1.0169 0.786275 0.141113 
0.973573 0.778547 0.183334 
0.97 0.788118 0.182474 
1.00246 0.781113 0.138303 
0.998883 0.790437 0.137922 
1.00098 0.784979 0.16665 
0.974135 0.777784 0.16763 
0.97047 0.787321 0.166871 
1.01754 0.784412 0.137338 
1.0141 0.793651 0.137052 
0.977053 0.779857 0.183225 
0.973513 0.789407 0.182386 
0.997553 0.778019 0.142506 
0.99394 0.787373 0.142075 
1.00648 0.785447 0.160468 
0.969933 0.781719 0.172708 
0.966285 0.791298 0.171874 
1.01729 0.780798 0.135008 
1.01382 0.790029 0.13475 
0.980913 0.783203 0.181419 
0.977407 0.792732 0.180607 
0.989424 0.782815 0.147352 
0.985792 0.792233 0.146813 
1.01434 0.777009 0.154524 
1.01092 0.786282 0.154127 
0.970512 0.777165 0.177631 
0.966875 0.786742 0.176788 
1.01287 0.784409 0.134045 
1.00938 0.79367 0.133752 
0.988346 0.779039 0.178755 
0.984861 0.788511 0.178025 
0.985567 0.777183 0.153432 
0.981909 0.786625 0.152846 
1.01763 0.777679 0.148422 
1.01421 0.786924 0.148085 
0.96852 0.783625 0.180459 
0.964917 0.79323 0.179563 
1.00799 0.785928 0.134721 
0.995513 0.77671 0.174607 
0.992049 0.786127 0.173959 
0.978884 0.780418 0.159315 
0.975221 0.789916 0.158632 
1.01975 0.777606 0.143051 
1.01633 0.78683 0.142765 
0.971086 0.782254 0.18263 
0.967508 0.791844 0.181744 
1.0029 0.785376 0.136988 
0.998687 0.785255 0.168723 
0.973187 0.783632 0.165097 
0.969528 0.79318 0.164326 
1.01733 0.785511 0.138529 
0.974377 0.78283 0.183141 
0.970831 0.792402 0.182274 
0.997889 0.782914 0.140703 
0.994292 0.792272 0.140268 
1.00453 0.785458 0.162713 
0.972247 0.77776 0.171183 
0.968588 0.787315 0.170388 
1.01738 0.782559 0.135659 
1.01392 0.791794 0.13539 
0.978146 0.785441 0.181946 
0.993211 0.77883 0.145641 
0.989582 0.788217 0.145155 
1.01279 0.776938 0.156799 
1.00937 0.786224 0.156378 
0.968774 0.782336 0.175676 
0.965138 0.791928 0.174814 
1.01667 0.777682 0.134346 
1.01318 0.786912 0.134101 
0.985603 0.78056 0.179875 
0.982111 0.790053 0.179114 
0.985454 0.782926 0.150969 
0.981809 0.792374 0.150378 
1.0165 0.777743 0.150537 
1.01308 0.786998 0.150179 
0.970043 0.778666 0.17983 
0.966423 0.788253 0.178964 
1.01194 0.779937 0.134461 
1.00842 0.789197 0.134175 
0.992899 0.777604 0.17623 
0.989429 0.787041 0.175551 
0.982114 0.776863 0.157354 
0.978449 0.786333 0.15672 
1.01903 0.777996 0.144861 
1.01561 0.787228 0.144556 
0.968687 0.786222 0.1817 
1.00692 0.780096 0.136197 
1.00336 0.789389 0.135865 
0.996295 0.78567 0.170695 
0.976048 0.780014 0.163241 
0.972383 0.789536 0.162515 
1.02043 0.777183 0.140156 
1.017 0.786399 0.139896 
0.971756 0.786077 0.182823 
1.00187 0.778273 0.139445 
0.998279 0.787597 0.139063 
1.00245 0.785542 0.164915 
0.971044 0.783462 0.168774 
0.967389 0.79303 0.167965 
1.01737 0.784072 0.13651 
1.01392 0.79331 0.13623 
0.978932 0.778412 0.183067 
0.975397 0.787948 0.182247 
0.993439 0.784066 0.143574 
0.989825 0.793456 0.143084 
1.01109 0.776868 0.159092 
1.00767 0.786167 0.158645 
0.970824 0.778112 0.174394 
0.967175 0.787682 0.173569 
1.0169 0.779912 0.134623 
1.01342 0.789143 0.134369 
0.982839 0.782331 0.180789 
0.97934 0.791846 0.179997 
0.989094 0.779152 0.149124 
0.985452 0.788569 0.148585 
1.01521 0.777736 0.152728 
1.01179 0.787002 0.152346 
0.96807 0.783497 0.178164 
0.96445 0.793101 0.177278 
1.01233 0.78293 0.134132 
1.00883 0.792192 0.133841 
0.990227 0.77871 0.177684 
0.98675 0.788168 0.176974 
0.981799 0.782736 0.154792 
0.978145 0.792212 0.15415 
1.01817 0.778248 0.146795 
1.01475 0.787489 0.146471 
0.969987 0.78085 0.181432 
0.966388 0.790443 0.18055 
1.00737 0.783847 0.135278 
1.00383 0.793141 0.134942 
0.997267 0.776843 0.173174 
0.993811 0.786247 0.172546 
0.975379 0.785941 0.16064 
1.01996 0.777872 0.141703 
1.01654 0.787094 0.141427 
0.972775 0.780018 0.183142 
0.969202 0.789595 0.182272 
1.00229 0.782725 0.137984 
0.998711 0.792052 0.137598 
1.00025 0.785725 0.167052 
0.973649 0.77972 0.167047 
0.969987 0.789262 0.166281 
1.01725 0.785348 0.137554 
0.976221 0.781171 0.183165 
0.97268 0.790729 0.182317 
0.99735 0.779763 0.142083 
0.993741 0.789121 0.141646 
1.00925 0.776826 0.161381 
1.00582 0.786139 0.160907 
0.969365 0.7836 0.172168 
0.965719 0.793184 0.171326 
1.01706 0.781877 0.135111 
1.01359 0.791111 0.134847 
0.980067 0.784361 0.181489 
0.976562 0.793897 0.180667 
0.98918 0.784666 0.146841 
0.985551 0.794088 0.146297 
1.01377 0.777684 0.154973 
1.01035 0.786962 0.154567 
0.969863 0.778952 0.177171 
0.966227 0.788534 0.17632 
1.01268 0.785648 0.134019 
0.98751 0.780044 0.178955 
0.984025 0.789522 0.178214 
0.985261 0.779103 0.152865 
0.981607 0.788549 0.152274 
1.01715 0.778387 0.148837 
1.01373 0.787636 0.148492 
0.967799 0.785295 0.180095 
1.01135 0.778069 0.134851 
1.00782 0.78733 0.134565 
0.994709 0.777582 0.174916 
0.991245 0.787006 0.174257 
0.978508 0.782372 0.158718 
0.974849 0.791875 0.158029 
1.01936 0.778386 0.143402 
1.01593 0.787615 0.143108 
0.970305 0.783782 0.182388 
0.966729 0.793379 0.181492 
