1.04975 0.784944 -0.0675896 
1.04619 0.793688 -0.0657487 
1.14571 0.78093 0.163386 
1.14333 0.789415 0.163555 
0.718288 0.788235 0.317374 
1.13027 0.777134 -0.152498 
1.12809 0.785417 -0.149719 
1.12585 0.793716 -0.146978 
1.02752 0.783385 0.297164 
1.02496 0.792736 0.296006 
0.763009 0.781536 0.224418 
0.758381 0.792583 0.221597 
1.18406 0.779463 -0.158571 
1.18242 0.787486 -0.155891 
0.901733 0.786795 0.380415 
0.849484 0.779979 0.123206 
0.844565 0.790069 0.121543 
1.22038 0.779943 -0.0993257 
1.2187 0.787828 -0.0971494 
0.800594 0.778763 0.401809 
0.797473 0.790046 0.398811 
0.962889 0.781264 0.0221575 
0.958336 0.790529 0.0224171 
1.20727 0.776741 0.0356629 
1.20517 0.784784 0.0368699 
1.20307 0.792846 0.0380417 
0.73258 0.777628 0.3761 
0.728952 0.789487 0.372674 
1.06852 0.781539 -0.088707 
1.06527 0.79017 -0.086559 
1.12546 0.782862 0.191218 
1.12304 0.791491 0.19113 
0.726148 0.777608 0.303945 
0.721917 0.789262 0.300643 
1.1403 0.781468 -0.157178 
1.13825 0.789703 -0.154393 
1.00541 0.778026 0.317797 
1.0028 0.787544 0.31643 
0.778394 0.776794 0.206714 
0.773679 0.787642 0.204086 
1.19317 0.777008 -0.153516 
1.19158 0.784989 -0.150893 
1.18995 0.792983 -0.148298 
0.882466 0.779175 0.390083 
0.879657 0.789717 0.387667 
0.868628 0.781225 0.104722 
0.86371 0.791152 0.10335 
1.22272 0.778452 -0.0793423 
1.22098 0.786338 -0.0773077 
0.783021 0.785296 0.398399 
0.983787 0.782235 0.00210591 
0.979411 0.791371 0.00275624 
1.19609 0.783366 0.0654023 
1.19392 0.791495 0.0663625 
0.723925 0.782629 0.364996 
1.08364 0.784132 -0.106958 
1.08065 0.792676 -0.1046 
1.10604 0.777258 0.218108 
1.10356 0.786022 0.217792 
0.731338 0.779372 0.28629 
0.727007 0.790916 0.283065 
1.15056 0.783135 -0.160448 
1.14863 0.791319 -0.157666 
0.979819 0.785036 0.33498 
0.789485 0.784761 0.18582 
1.20052 0.780707 -0.144392 
1.19892 0.78866 -0.141858 
0.86019 0.786448 0.393985 
0.888254 0.78357 0.0862593 
0.883364 0.793344 0.0851971 
1.22169 0.782265 -0.0550299 
1.21986 0.790175 -0.053178 
0.769304 0.78286 0.395843 
1.00469 0.782058 -0.0184114 
1.00053 0.791068 -0.0173696 
1.18449 0.78163 0.0943546 
1.18225 0.789843 0.0950955 
0.721324 0.777177 0.355016 
0.717474 0.789069 0.351555 
1.09863 0.783145 -0.123809 
1.0959 0.791603 -0.12127 
1.08282 0.781643 0.243332 
1.08032 0.790579 0.242751 
0.738078 0.781318 0.268108 
0.733654 0.792738 0.264976 
1.16105 0.781951 -0.162604 
1.15923 0.790083 -0.159832 
0.956246 0.785194 0.351288 
0.805806 0.783327 0.167157 
0.80098 0.793853 0.164877 
1.20754 0.782323 -0.133841 
1.20594 0.790249 -0.131401 
0.840769 0.786553 0.397559 
0.912999 0.777146 0.0683284 
0.90817 0.786737 0.0676918 
1.21889 0.784335 -0.0290081 
1.21698 0.792278 -0.0273495 
0.756212 0.782892 0.391182 
1.02517 0.781143 -0.0393929 
1.02126 0.790031 -0.0379747 
1.1701 0.780407 0.123505 
1.1678 0.788721 0.124015 
0.717065 0.785597 0.339165 
1.11337 0.778351 -0.138817 
1.1109 0.786724 -0.136132 
1.0609 0.779004 0.267379 
1.05836 0.788099 0.266564 
0.746363 0.783694 0.249431 
1.17171 0.777686 -0.163628 
1.17 0.785766 -0.160873 
1.16825 0.793857 -0.158146 
0.934947 0.778309 0.36678 
0.93225 0.788399 0.364782 
0.822874 0.782729 0.148429 
0.817998 0.793074 0.146381 
1.21404 0.781136 -0.121608 
1.21242 0.789038 -0.119266 
0.82466 0.777905 0.401729 
0.821643 0.788966 0.3989 
0.933111 0.780562 0.0492094 
0.928371 0.790018 0.0489228 
1.21636 0.777215 -0.00333958 
1.21437 0.785185 -0.00184757 
1.21238 0.793171 -0.00038981 
0.743851 0.785001 0.384598 
1.04488 0.779614 -0.0607061 
1.04125 0.788384 -0.0589389 
1.15298 0.780404 0.15243 
1.15062 0.788838 0.152696 
0.718595 0.78438 0.32456 
1.12549 0.778429 -0.148979 
1.12323 0.786738 -0.146223 
1.03777 0.778895 0.289608 
1.0352 0.788165 0.288557 
0.75594 0.787211 0.230123 
1.18081 0.778491 -0.160579 
1.17916 0.786528 -0.157873 
0.9106 0.785163 0.377024 
0.840878 0.782734 0.12983 
0.83597 0.792903 0.128038 
1.21812 0.784376 -0.105004 
1.21645 0.79227 -0.102792 
0.806137 0.781825 0.401218 
0.803061 0.79306 0.39825 
0.953584 0.783259 0.0297967 
0.948967 0.792584 0.0298799 
1.21018 0.776965 0.0247207 
1.20811 0.784986 0.0260081 
1.20604 0.793025 0.0272604 
0.736214 0.776728 0.379597 
0.732624 0.788561 0.376193 
1.06375 0.776969 -0.0820976 
1.06042 0.785625 -0.0800156 
1.13351 0.781823 0.180651 
1.1311 0.790395 0.180664 
0.721701 0.784969 0.308281 
1.13549 0.783798 -0.154326 
1.13336 0.792058 -0.151558 
1.01346 0.781788 0.309802 
1.01088 0.791246 0.308509 
0.771037 0.781546 0.212839 
0.766362 0.792487 0.210117 
1.18995 0.776817 -0.156088 
1.18835 0.784813 -0.153438 
1.18671 0.79282 -0.150815 
0.888646 0.786256 0.385715 
0.859755 0.78354 0.11139 
0.854836 0.793542 0.109877 
1.22097 0.784099 -0.0860655 
1.21925 0.791991 -0.0839932 
0.788285 0.787576 0.398615 
0.974433 0.784705 0.01002 
0.969976 0.7939 0.0104904 
1.19989 0.783849 0.054365 
1.19775 0.791951 0.0554078 
0.726771 0.781296 0.369314 
0.723091 0.793199 0.365848 
1.07883 0.78076 -0.100833 
1.07575 0.78933 -0.0985325 
1.11219 0.784517 0.207755 
1.10975 0.793242 0.207507 
0.726254 0.786504 0.290949 
1.14767 0.778277 -0.16089 
1.14572 0.786473 -0.158087 
0.990796 0.778126 0.32927 
0.988174 0.787759 0.327766 
0.786721 0.778067 0.194685 
0.781967 0.788813 0.192161 
1.19739 0.781212 -0.147507 
1.19579 0.789178 -0.144945 
0.869255 0.781345 0.393302 
0.866419 0.792006 0.390783 
0.879233 0.785422 0.0930232 
1.22233 0.780914 -0.0646374 
1.22054 0.788813 -0.0627134 
0.774297 0.784209 0.396887 
0.995445 0.784886 -0.0101978 
0.991187 0.793953 -0.00933313 
1.1893 0.782148 0.0831731 
1.18709 0.790326 0.0840001 
0.719456 0.787122 0.356795 
1.09379 0.781243 -0.118339 
1.09098 0.789728 -0.115849 
1.09194 0.779611 0.233861 
1.08944 0.788479 0.233383 
0.736723 0.776862 0.27616 
0.732323 0.78831 0.273009 
1.15801 0.778251 -0.163453 
1.15617 0.786396 -0.16066 
0.96745 0.777095 0.346663 
0.964795 0.786915 0.344948 
0.79805 0.786851 0.173667 
1.20455 0.783691 -0.137542 
1.20294 0.79163 -0.135072 
0.849829 0.780187 0.39794 
0.846922 0.791022 0.395283 
0.90392 0.778639 0.0753982 
0.899062 0.788295 0.0746039 
1.22021 0.783571 -0.0392035 
1.21833 0.791499 -0.037469 
0.760962 0.783319 0.393011 
1.01621 0.784177 -0.0308972 
1.01219 0.79312 -0.0296466 
1.176 0.780624 0.112292 
1.17372 0.788896 0.112893 
0.718232 0.78283 0.345325 
1.10856 0.777921 -0.134148 
1.10601 0.786321 -0.1315 
1.06795 0.785165 0.257907 
0.744458 0.779045 0.257653 
0.73997 0.790362 0.254603 
1.16682 0.783304 -0.162145 
1.16505 0.79141 -0.159395 
0.943625 0.778896 0.36148 
0.940944 0.788914 0.359555 
0.814784 0.785933 0.154998 
1.21127 0.783672 -0.126021 
1.20966 0.791585 -0.123646 
0.830593 0.781727 0.400169 
0.827622 0.792738 0.397371 
0.923946 0.782074 0.056474 
0.919165 0.791592 0.0560216 
1.2183 0.776901 -0.0139828 
1.21634 0.784853 -0.0124127 
1.21438 0.792821 -0.0108765 
0.748283 0.784709 0.387139 
1.03632 0.782873 -0.0520018 
1.03256 0.791695 -0.0503883 
1.1599 0.780096 0.141365 
1.15756 0.788481 0.141728 
0.719107 0.780784 0.331506 
0.715083 0.792619 0.328074 
1.12069 0.779295 -0.145162 
1.11835 0.787629 -0.142433 
1.04527 0.784105 0.280725 
1.04273 0.793322 0.279745 
0.753609 0.782078 0.238567 
0.749044 0.793256 0.23563 
1.17758 0.777148 -0.16238 
1.17591 0.7852 -0.15965 
1.1742 0.793264 -0.156948 
0.919416 0.784203 0.37308 
0.832408 0.78565 0.136411 
1.21733 0.780399 -0.112556 
1.21569 0.78829 -0.110282 
0.811811 0.785102 0.400357 
0.944301 0.785096 0.0372887 
1.21281 0.777049 0.0138487 
1.21077 0.785049 0.0152157 
1.20873 0.793066 0.016548 
0.736551 0.787786 0.379431 
1.05559 0.780722 -0.073305 
1.05212 0.789429 -0.0713603 
1.14128 0.780974 0.169914 
1.13888 0.789491 0.170026 
0.721673 0.780798 0.315777 
0.717537 0.792548 0.312402 
1.1328 0.777485 -0.154034 
1.13065 0.785755 -0.151249 
1.12845 0.794041 -0.1485 
1.02138 0.785927 0.301579 
0.763784 0.786678 0.218784 
1.18511 0.78436 -0.15577 
1.18345 0.792382 -0.15312 
0.897588 0.783521 0.383199 
0.894841 0.793936 0.38089 
0.85097 0.786059 0.117995 
1.22072 0.781432 -0.0944996 
1.21902 0.789318 -0.092361 
0.796811 0.77885 0.401547 
0.793672 0.790167 0.398523 
0.969566 0.777796 0.0173825 
0.965061 0.787016 0.0177725 
1.20334 0.784248 0.0433925 
1.20123 0.792323 0.044517 
0.729939 0.780144 0.373303 
0.726297 0.792027 0.369855 
1.07407 0.776876 -0.0944816 
1.0709 0.785472 -0.0922426 
1.06769 0.794091 -0.0900658 
1.12061 0.783196 0.197496 
1.11818 0.79186 0.197349 
0.725703 0.782105 0.29876 
0.721461 0.793757 0.295454 
1.14287 0.781206 -0.158347 
1.14085 0.789428 -0.155559 
0.999037 0.78127 0.321711 
0.996436 0.790841 0.320281 
0.779252 0.782333 0.200991 
0.774535 0.79317 0.198371 
1.19421 0.781448 -0.150406 
1.1926 0.789428 -0.147815 
0.878295 0.776886 0.39211 
0.875462 0.787463 0.389668 
0.875171 0.777592 0.100966 
0.870255 0.787464 0.0997007 
1.2227 0.779266 -0.073963 
1.22094 0.787156 -0.0719686 
0.77939 0.785926 0.397615 
0.990421 0.778522 -0.00293297 
0.986105 0.787616 -0.00215209 
1.19371 0.782693 0.0720373 
1.19153 0.790839 0.0729488 
0.72177 0.78544 0.361674 
1.08898 0.778754 -0.112579 
1.08609 0.787264 -0.110141 
1.10086 0.777838 0.224113 
1.09838 0.78664 0.223738 
0.731208 0.783888 0.280993 
1.15317 0.782244 -0.161343 
1.15127 0.790415 -0.15856 
0.975917 0.779268 0.339903 
0.973282 0.789021 0.338262 
0.795193 0.779928 0.182515 
0.790405 0.790574 0.180099 
1.20307 0.776758 -0.143529 
1.2015 0.784698 -0.141001 
1.19989 0.79265 -0.138501 
0.855995 0.785051 0.395316 
0.894859 0.780232 0.0823576 
0.889979 0.789955 0.0814089 
1.22126 0.782609 -0.0492014 
1.21941 0.790525 -0.0473923 
0.76581 0.784084 0.394549 
1.01117 0.778192 -0.0237215 
1.00708 0.787161 -0.0225536 
1.18148 0.780995 0.101071 
1.17923 0.789229 0.101761 
0.719683 0.780396 0.351138 
0.715817 0.792299 0.347664 
1.10376 0.776935 -0.129146 
1.10113 0.785361 -0.126539 
1.09845 0.793805 -0.12398 
1.07736 0.782622 0.248919 
1.07485 0.791598 0.248277 
0.738281 0.785842 0.262738 
1.16369 0.780367 -0.163248 
1.16191 0.788486 -0.160477 
0.952252 0.779968 0.355737 
0.949589 0.789915 0.353885 
0.811687 0.77881 0.16372 
0.806839 0.789271 0.161522 
1.21 0.777814 -0.132566 
1.20841 0.785727 -0.130133 
1.20679 0.793653 -0.127727 
0.836625 0.785761 0.398349 
0.914806 0.783558 0.0636123 
0.90999 0.79314 0.0629974 
1.21806 0.784365 -0.0228595 
1.21613 0.792317 -0.0212458 
0.752856 0.784662 0.389415 
1.03139 0.777195 -0.0449473 
1.02756 0.786043 -0.0434117 
1.16645 0.780004 0.130219 
1.16413 0.788343 0.130676 
0.719841 0.777487 0.338175 
0.71585 0.789331 0.334742 
1.11588 0.779696 -0.141029 
1.11346 0.788056 -0.138331 
1.05515 0.780537 0.272524 
1.05261 0.789676 0.271648 
0.751415 0.777153 0.246929 
0.746868 0.788365 0.243967 
1.17269 0.783461 -0.161227 
1.17096 0.791538 -0.158501 
0.928182 0.783868 0.368605 
0.925498 0.79402 0.366543 
0.82898 0.778427 0.144912 
0.824087 0.78871 0.142953 
1.21475 0.783773 -0.117493 
1.21312 0.791675 -0.115186 
0.820648 0.777475 0.402092 
0.817612 0.788572 0.399236 
0.939757 0.777389 0.0448013 
0.93505 0.786799 0.0446397 
1.21516 0.776985 0.00305296 
1.21315 0.784965 0.00449912 
1.21114 0.792961 0.00591083 
0.740701 0.787175 0.382398 
1.04724 0.784256 -0.0645704 
1.04364 0.793015 -0.0627707 
1.14874 0.780328 0.159031 
1.14637 0.788791 0.159241 
0.721835 0.776803 0.323093 
0.717729 0.788568 0.319713 
1.12802 0.779031 -0.150684 
1.12579 0.787327 -0.14792 
1.03173 0.781133 0.294251 
1.02916 0.79045 0.293137 
0.761275 0.781128 0.22738 
0.756658 0.792199 0.224538 
1.18185 0.783602 -0.157889 
1.18019 0.791638 -0.155214 
0.906481 0.781506 0.380114 
0.903744 0.791842 0.377879 
0.847212 0.778661 0.126242 
0.842294 0.788771 0.124547 
1.22023 0.778291 -0.10261 
1.21857 0.786174 -0.100407 
1.21688 0.794069 -0.0982331 
0.802282 0.781761 0.401131 
0.799187 0.793033 0.398136 
0.960267 0.77988 0.0251562 
0.955693 0.78916 0.0253689 
1.20647 0.784533 0.0324863 
1.20438 0.792584 0.0336917 
0.733409 0.779153 0.376981 
0.729804 0.791011 0.373554 
1.0661 0.781155 -0.0857526 
1.0628 0.7898 -0.0836411 
1.1288 0.782055 0.187036 
1.12638 0.79066 0.186989 
0.725347 0.777752 0.306476 
0.721133 0.789423 0.30316 
1.13806 0.783764 -0.155619 
1.13596 0.792011 -0.152846 
1.00717 0.78478 0.3139 
0.771868 0.786939 0.207145 
1.19101 0.781425 -0.15309 
1.18939 0.789419 -0.150472 
0.884472 0.783612 0.388015 
0.866255 0.779767 0.10771 
0.861334 0.789713 0.106302 
1.22281 0.777272 -0.082983 
1.22108 0.785154 -0.0809199 
1.21934 0.79305 -0.0788872 
0.784591 0.788 0.398024 
0.981109 0.781069 0.0051237 
0.976707 0.79022 0.00572556 
1.19774 0.783216 0.0609584 
1.19558 0.791333 0.0619531 
0.72442 0.783988 0.3662 
1.08124 0.784229 -0.104169 
1.0782 0.792787 -0.101843 
1.10713 0.785022 0.213838 
1.10467 0.793784 0.21353 
0.730305 0.779461 0.288925 
0.725991 0.791025 0.285685 
1.15024 0.777645 -0.161883 
1.14832 0.785828 -0.159079 
1.14635 0.794024 -0.156307 
0.984312 0.781807 0.332831 
0.981697 0.791495 0.331263 
0.787612 0.7838 0.188949 
1.19997 0.777435 -0.14679 
1.19839 0.785388 -0.144232 
1.19677 0.793353 -0.141702 
0.865067 0.779629 0.39489 
0.862208 0.790326 0.392344 
0.885821 0.781968 0.0892146 
0.880924 0.79176 0.0881149 
1.22205 0.78142 -0.0589674 
1.22024 0.789324 -0.0570852 
0.770752 0.785209 0.395784 
1.00202 0.781057 -0.0153664 
0.997825 0.790082 -0.0143727 
1.18655 0.781477 0.0898656 
1.18432 0.789675 0.0906426 
0.721439 0.778279 0.35659 
0.71761 0.790179 0.353122 
1.09626 0.783821 -0.121259 
1.09349 0.792292 -0.118747 
1.08658 0.780418 0.239619 
1.08408 0.789325 0.239081 
0.7368 0.781378 0.270818 
0.732391 0.792819 0.267668 
1.16062 0.77695 -0.164196 
1.15882 0.785082 -0.161402 
1.15696 0.793227 -0.158639 
0.960827 0.781478 0.349589 
0.958182 0.791356 0.347809 
0.803849 0.782213 0.170296 
0.799029 0.792761 0.167991 
1.20705 0.77942 -0.136435 
1.20546 0.787346 -0.13397 
0.845669 0.779176 0.398938 
0.842742 0.790047 0.396254 
0.90569 0.785065 0.0706308 
1.21953 0.783712 -0.0331608 
1.21763 0.791649 -0.0314705 
0.757548 0.784899 0.391418 
1.02256 0.780249 -0.0363271 
1.01861 0.789152 -0.0349546 
1.1726 0.780116 0.119021 
1.1703 0.788412 0.119569 
0.716863 0.786367 0.341101 
1.11106 0.779593 -0.136566 
1.10855 0.78798 -0.133902 
1.06485 0.777427 0.263965 
1.06231 0.786492 0.263193 
0.744856 0.783644 0.252227 
1.16949 0.781276 -0.162616 
1.16775 0.789368 -0.159867 
0.936898 0.784102 0.36363 
0.820792 0.781537 0.151534 
0.81592 0.791903 0.149458 
1.21366 0.778723 -0.12445 
1.21205 0.786624 -0.122082 
0.826522 0.781178 0.400688 
0.823532 0.792226 0.397863 
0.930585 0.778929 0.0521857 
0.925831 0.788401 0.0518561 
1.21725 0.776768 -0.0076548 
1.21527 0.78473 -0.00613017 
1.21329 0.792708 -0.00463965 
0.745039 0.786752 0.385101 
1.04236 0.778846 -0.0576449 
1.03869 0.78763 -0.0559197 
1.15588 0.779895 0.148023 
1.15353 0.788308 0.14833 
0.718119 0.784816 0.326807 
1.12322 0.780166 -0.147051 
1.12091 0.788488 -0.144312 
1.04191 0.776856 0.286537 
1.03934 0.786093 0.285528 
0.754258 0.786934 0.233027 
1.1786 0.782499 -0.159798 
1.17692 0.790549 -0.157099 
0.915322 0.780185 0.376467 
0.912597 0.790444 0.374305 
0.838653 0.781467 0.132879 
0.833747 0.791656 0.131056 
1.21789 0.78252 -0.108141 
1.21624 0.790412 -0.105904 
0.807884 0.78491 0.400434 
0.950982 0.781799 0.0327783 
0.946347 0.791139 0.0328157 
1.21135 0.776674 0.0203272 
1.20929 0.784686 0.0216478 
1.20723 0.792714 0.0229335 
0.737155 0.778314 0.380366 
0.733587 0.790144 0.376963 
1.05794 0.785112 -0.0770386 
1.05452 0.793808 -0.0750629 
1.13674 0.781097 0.176393 
1.13433 0.789646 0.176447 
0.720995 0.785179 0.310744 
1.13534 0.777696 -0.155473 
1.13322 0.785954 -0.152682 
1.01777 0.77924 0.307102 
1.01519 0.788663 0.305853 
