1.0468 0.776813 -0.0143788 
1.04316 0.785646 -0.0131236 
1.09719 0.779415 0.180004 
1.09453 0.78821 0.17988 
0.792251 0.778832 0.269952 
0.788124 0.789852 0.26728 
1.12604 0.777218 -0.0716122 
1.12341 0.785603 -0.0695808 
1.12075 0.794009 -0.0675981 
0.976184 0.779756 0.297459 
0.973309 0.78947 0.296018 
0.851517 0.783828 0.169034 
0.846998 0.794107 0.167197 
1.16994 0.783449 -0.0430627 
1.16767 0.791642 -0.0412922 
0.864556 0.781071 0.342931 
0.861362 0.791705 0.340568 
0.962022 0.77791 0.0650749 
0.957664 0.787286 0.0649484 
1.15932 0.779611 0.0694467 
1.15688 0.78795 0.0703162 
0.794421 0.780388 0.323479 
0.790721 0.791561 0.320669 
1.06635 0.785121 -0.0341754 
1.06296 0.793844 -0.032666 
1.07064 0.777621 0.2128 
1.06792 0.78661 0.212353 
0.800683 0.780967 0.246931 
0.796441 0.79185 0.244388 
1.13807 0.783524 -0.0704761 
1.13557 0.791855 -0.0684725 
0.946651 0.77957 0.31598 
0.943717 0.789521 0.314272 
0.874044 0.785031 0.1436 
1.17406 0.783491 -0.0233174 
1.17178 0.791679 -0.0217081 
0.844067 0.777147 0.344104 
0.840748 0.787945 0.341606 
0.989787 0.779197 0.0392666 
0.98561 0.78839 0.0395992 
1.14374 0.780408 0.1052 
1.14122 0.788865 0.105761 
0.787233 0.782668 0.30904 
0.783403 0.793865 0.306208 
1.08964 0.778171 -0.0526619 
1.08655 0.786753 -0.0508644 
1.04121 0.777821 0.243606 
1.03843 0.787029 0.242826 
0.812143 0.785185 0.221864 
1.15042 0.784104 -0.0664097 
1.14802 0.792377 -0.0644432 
0.916214 0.786499 0.328397 
0.903059 0.77769 0.119122 
0.898504 0.787501 0.11805 
1.17583 0.777363 0.000959288 
1.17352 0.785556 0.00239402 
1.17121 0.793769 0.00378905 
0.824711 0.777053 0.341367 
0.821273 0.788008 0.338739 
1.01748 0.778464 0.0134277 
1.01354 0.787479 0.0142192 
1.12341 0.78206 0.140975 
1.12083 0.790666 0.14121 
0.787768 0.777741 0.293069 
0.783786 0.78887 0.2903 
1.1066 0.781827 -0.0638032 
1.10373 0.790318 -0.0618789 
1.00948 0.782886 0.270669 
1.00667 0.792341 0.26955 
0.830096 0.781452 0.197907 
0.825649 0.79196 0.195772 
1.162 0.780453 -0.0591325 
1.15969 0.788671 -0.0572182 
0.891549 0.781272 0.338206 
0.888466 0.791681 0.336043 
0.928599 0.781084 0.0936545 
0.924104 0.790699 0.0929806 
1.16944 0.783745 0.0318861 
1.16707 0.792002 0.0330491 
0.807132 0.781796 0.334289 
0.803587 0.792893 0.331539 
1.0406 0.783718 -0.0102254 
1.03691 0.792594 -0.00907726 
1.10114 0.778009 0.17535 
1.09848 0.786774 0.175279 
0.792082 0.776793 0.273399 
0.787967 0.78782 0.270721 
1.12343 0.779 -0.0707343 
1.12077 0.7874 -0.0687184 
0.978691 0.785293 0.293739 
0.849996 0.780565 0.173098 
0.845478 0.790858 0.171241 
1.17002 0.780082 -0.0460776 
1.16775 0.78827 -0.0442719 
0.867137 0.782992 0.342208 
0.863964 0.793608 0.339859 
0.95523 0.784038 0.0685035 
0.950846 0.793466 0.0682576 
1.16128 0.778847 0.0645225 
1.15885 0.78717 0.065436 
0.795849 0.779954 0.325215 
0.792167 0.791119 0.322412 
1.06371 0.784043 -0.0316544 
1.06028 0.79278 -0.0301768 
1.07235 0.784935 0.20802 
1.06965 0.793916 0.207587 
0.80005 0.778651 0.250715 
0.795817 0.789546 0.248162 
1.13791 0.777881 -0.0720788 
1.1354 0.786207 -0.0700425 
0.949294 0.784365 0.312883 
0.872209 0.781627 0.147631 
0.867653 0.791706 0.146092 
1.17437 0.781114 -0.0268967 
1.1721 0.789295 -0.0252508 
0.846513 0.778595 0.34392 
0.843216 0.789375 0.341435 
0.983017 0.785457 0.0430659 
1.14634 0.779793 0.100151 
1.14383 0.78823 0.100759 
0.78814 0.781732 0.311417 
0.784327 0.792926 0.308588 
1.08697 0.778027 -0.0505887 
1.08385 0.786624 -0.0488178 
1.04323 0.784897 0.238922 
1.04048 0.794096 0.238158 
0.811169 0.782588 0.225843 
0.806834 0.793327 0.223447 
1.15021 0.779179 -0.068395 
1.14781 0.787448 -0.0663958 
0.921916 0.780166 0.327995 
0.918923 0.790321 0.326076 
0.896454 0.784008 0.121939 
0.891901 0.793877 0.120761 
1.17426 0.783887 -0.00171055 
1.17195 0.792091 -0.000276732 
0.826955 0.77792 0.341725 
0.823537 0.788858 0.33911 
1.01096 0.784908 0.0174891 
1.00696 0.793969 0.0181635 
1.12668 0.78112 0.136051 
1.12411 0.789702 0.136335 
0.78419 0.787364 0.293234 
1.10395 0.782582 -0.0623168 
1.10105 0.791088 -0.0604135 
1.01458 0.779879 0.267418 
1.01177 0.789292 0.266354 
0.828885 0.778493 0.201959 
0.824445 0.789014 0.199809 
1.15959 0.784342 -0.0596236 
1.15726 0.792575 -0.0577168 
0.894218 0.784044 0.336697 
0.926407 0.777594 0.0973721 
0.921901 0.787223 0.0966668 
1.17072 0.782513 0.027341 
1.16836 0.790758 0.0285453 
0.809071 0.781982 0.335273 
0.805544 0.793065 0.332533 
1.03806 0.781689 -0.00726949 
1.03433 0.790579 -0.00615636 
1.10237 0.785387 0.170632 
0.787877 0.785837 0.274109 
1.12082 0.780656 -0.0697918 
1.11812 0.789071 -0.0677919 
0.984045 0.781269 0.291318 
0.981188 0.790922 0.289949 
0.848518 0.777325 0.177168 
0.844002 0.787632 0.175292 
1.1678 0.784764 -0.0471902 
1.16552 0.792966 -0.0453897 
0.869735 0.784989 0.341403 
0.952831 0.780747 0.0720821 
0.948431 0.790189 0.071801 
1.16315 0.778034 0.0596289 
1.16073 0.786342 0.060586 
0.797346 0.779589 0.326859 
0.793681 0.790744 0.324064 
1.06108 0.782833 -0.0290735 
1.05762 0.791585 -0.0276279 
1.07672 0.783301 0.203633 
1.07403 0.792249 0.203254 
0.795252 0.787273 0.251899 
1.13526 0.780441 -0.0715799 
1.13273 0.788782 -0.0695568 
0.954852 0.77938 0.311334 
0.951934 0.789265 0.309699 
0.870414 0.778233 0.151679 
0.865857 0.788327 0.150116 
1.17464 0.77861 -0.0304077 
1.17238 0.786785 -0.0287254 
0.848984 0.780107 0.343664 
0.845708 0.790869 0.341193 
0.980444 0.782474 0.0465605 
0.976205 0.79173 0.0467332 
1.14885 0.779188 0.0951018 
1.14635 0.787606 0.095756 
0.789119 0.78087 0.313708 
0.785322 0.79206 0.310883 
1.08431 0.777754 -0.0484414 
1.08114 0.786366 -0.0466978 
1.04799 0.782866 0.234931 
1.04524 0.792027 0.234221 
0.810231 0.780034 0.229806 
0.805904 0.790786 0.227397 
1.1476 0.782437 -0.0683128 
1.14518 0.790722 -0.0663243 
0.924608 0.784147 0.32555 
0.894429 0.780518 0.125864 
0.88987 0.790402 0.124657 
1.17492 0.782144 -0.00575404 
1.17262 0.79034 -0.00428178 
0.829235 0.778877 0.342005 
0.825837 0.789799 0.339402 
1.00837 0.782276 0.0208074 
1.00435 0.791351 0.0214435 
1.12986 0.780246 0.131093 
1.12729 0.788804 0.131426 
0.784661 0.785936 0.296097 
1.1013 0.783217 -0.0607503 
1.09836 0.791738 -0.0588689 
1.01964 0.777027 0.264044 
1.01683 0.786398 0.263035 
0.82327 0.786114 0.203845 
1.15946 0.779925 -0.0619812 
1.15714 0.788154 -0.0600408 
0.896901 0.786947 0.335082 
0.919725 0.78373 0.10039 
0.915209 0.793414 0.0995721 
1.17192 0.781227 0.022843 
1.16957 0.789461 0.0240884 
0.811061 0.782257 0.336167 
0.807553 0.793327 0.333439 
1.03552 0.779565 -0.00425596 
1.03176 0.788468 -0.00317813 
1.10617 0.784055 0.165941 
1.10354 0.792788 0.165933 
0.787853 0.783907 0.27744 
1.1182 0.782186 -0.0687822 
1.11547 0.790616 -0.066799 
0.989368 0.7774 0.288757 
0.986506 0.787007 0.287444 
0.842568 0.784432 0.179348 
1.16783 0.781129 -0.0500488 
1.16555 0.789325 -0.0482133 
0.87235 0.787067 0.340514 
0.95047 0.777415 0.0756853 
0.946053 0.78687 0.0753695 
1.16494 0.777168 0.0547685 
1.16253 0.785462 0.0557691 
1.16011 0.793777 0.0567297 
0.79891 0.779292 0.32841 
0.795263 0.790438 0.325623 
1.05847 0.781496 -0.0264335 
1.05498 0.790262 -0.0250204 
1.08103 0.781706 0.199196 
1.07834 0.790621 0.19887 
0.794746 0.785033 0.255597 
1.13261 0.782888 -0.0710279 
1.13004 0.791245 -0.0690185 
0.957464 0.784396 0.30805 
0.864103 0.784961 0.154155 
1.17261 0.784144 -0.032132 
1.17034 0.792332 -0.0304533 
0.851478 0.781682 0.343339 
0.848223 0.792425 0.340881 
0.977892 0.779442 0.050081 
0.973632 0.788713 0.0502154 
1.15127 0.778582 0.0900578 
1.14878 0.786982 0.0907576 
0.790171 0.780082 0.315912 
0.786391 0.791268 0.313091 
1.08164 0.777349 -0.0462222 
1.07844 0.785977 -0.0445066 
1.05269 0.780925 0.230859 
1.04994 0.790049 0.230203 
0.809332 0.77752 0.23375 
0.805014 0.788285 0.231329 
1.14738 0.77734 -0.0701954 
1.14496 0.785621 -0.0681744 
1.14252 0.793921 -0.0661972 
0.930286 0.778182 0.324846 
0.927307 0.788266 0.323 
0.892431 0.777034 0.129822 
0.887866 0.786933 0.128587 
1.17551 0.780319 -0.00973461 
1.17322 0.788508 -0.00822424 
0.831548 0.779921 0.342207 
0.828171 0.790826 0.339617 
1.00579 0.779585 0.0241714 
1.00174 0.788675 0.0247692 
1.13295 0.779435 0.126105 
1.13039 0.78797 0.126487 
0.7852 0.784588 0.298887 
1.09863 0.783731 -0.0591034 
1.09566 0.792268 -0.0572449 
1.02185 0.783655 0.259596 
1.01906 0.793015 0.258604 
0.822124 0.78326 0.207881 
0.817719 0.793861 0.205636 
1.15699 0.783649 -0.0623187 
1.15465 0.791892 -0.0603865 
0.902648 0.779674 0.335432 
0.899596 0.789988 0.333359 
0.917574 0.780223 0.10415 
0.913048 0.789921 0.103302 
1.17304 0.779887 0.0183942 
1.1707 0.788111 0.0196802 
0.8131 0.782625 0.336972 
0.809611 0.793679 0.334256 
1.03299 0.77735 -0.00118498 
1.0292 0.786267 -0.000142777 
1.10989 0.782781 0.161205 
1.10727 0.791486 0.161248 
0.787895 0.782035 0.280712 
0.783849 0.793135 0.277966 
1.11557 0.78359 -0.0677032 
1.11281 0.792035 -0.0657374 
0.991792 0.783248 0.284801 
0.988956 0.792841 0.283505 
0.841174 0.781261 0.183408 
0.836683 0.791646 0.181427 
1.16783 0.777369 -0.052849 
1.16556 0.785561 -0.0509787 
1.16326 0.793771 -0.049149 
0.878128 0.778714 0.341796 
0.874981 0.789232 0.339537 
0.943711 0.783513 0.0789643 
0.939275 0.793021 0.0785312 
1.16424 0.784527 0.0509876 
1.16183 0.792828 0.0519913 
0.80054 0.779067 0.329869 
0.796909 0.790202 0.32709 
1.05589 0.780032 -0.0237351 
1.05236 0.788813 -0.0223547 
1.08528 0.780147 0.194711 
1.08259 0.789029 0.194437 
0.794303 0.782826 0.259251 
0.790132 0.793806 0.256615 
1.13251 0.776866 -0.0724641 
1.12995 0.785218 -0.0704218 
1.12736 0.793591 -0.0684265 
0.962972 0.779688 0.306249 
0.960072 0.789508 0.304686 
0.862393 0.781608 0.158208 
0.857849 0.791778 0.156527 
1.17281 0.781368 -0.0354712 
1.17054 0.789551 -0.0337565 
0.853993 0.783318 0.342942 
0.85076 0.794043 0.340498 
0.971084 0.785646 0.053722 
1.1536 0.777966 0.0850238 
1.15112 0.786348 0.0857688 
0.791295 0.779364 0.318028 
0.787532 0.790545 0.315212 
1.07898 0.776813 -0.0439332 
1.07575 0.785455 -0.0422462 
1.07248 0.794123 -0.040622 
1.05735 0.779063 0.226711 
1.0546 0.788151 0.226109 
0.804166 0.785823 0.23524 
1.14474 0.780429 -0.0699911 
1.1423 0.788725 -0.0679814 
0.932965 0.782452 0.322177 
0.93001 0.792518 0.320346 
0.88589 0.783471 0.132548 
0.881331 0.793429 0.13121 
1.17604 0.778407 -0.0136506 
1.17376 0.786588 -0.0121024 
0.833894 0.781049 0.342334 
0.830538 0.791937 0.339757 
1.00322 0.776839 0.0275785 
0.99914 0.785943 0.0281376 
1.13594 0.778681 0.121092 
1.13339 0.787193 0.121521 
0.785808 0.783322 0.301602 
1.09595 0.784124 -0.0573763 
1.09295 0.792676 -0.0555414 
1.02683 0.781056 0.256041 
1.02404 0.790376 0.255104 
0.821007 0.780453 0.211913 
0.816609 0.791068 0.209653 
1.15683 0.779063 -0.0645522 
1.15449 0.787302 -0.0625868 
0.905332 0.782874 0.333585 
0.902303 0.79317 0.331526 
0.915447 0.776706 0.107949 
0.910911 0.786419 0.10707 
1.17408 0.778492 0.0139964 
1.17175 0.786706 0.0153228 
0.815186 0.783085 0.33769 
1.02665 0.783982 0.00294926 
1.0228 0.792944 0.00387925 
1.11353 0.78157 0.156425 
1.11092 0.790247 0.156519 
0.788003 0.780225 0.283924 
0.78397 0.791329 0.281175 
1.11294 0.784869 -0.0665526 
1.11015 0.793329 -0.064605 
0.997046 0.779645 0.282021 
0.994205 0.789194 0.28078 
0.839818 0.778121 0.187473 
0.835331 0.78852 0.185474 
1.16554 0.781677 -0.0536876 
1.16325 0.789882 -0.0518232 
0.880753 0.780993 0.340714 
0.877628 0.791492 0.338469 
0.941405 0.78012 0.082587 
0.936954 0.789641 0.0821204 
1.16587 0.783536 0.046244 
1.16347 0.791823 0.0472904 
0.802232 0.778915 0.331234 
0.798619 0.790039 0.328465 
1.05332 0.778447 -0.0209787 
1.04976 0.787242 -0.0196314 
1.08946 0.778625 0.190178 
1.08678 0.787475 0.189957 
0.793922 0.780655 0.262861 
0.789763 0.791643 0.260217 
1.12988 0.779061 -0.0717885 
1.12729 0.787428 -0.0697602 
0.965549 0.784909 0.30279 
0.860727 0.778269 0.162273 
0.856184 0.788454 0.160569 
1.17297 0.778454 -0.0387437 
1.17071 0.786631 -0.0369932 
0.85653 0.785015 0.342473 
0.968565 0.782531 0.0572517 
0.964252 0.791866 0.0572274 
1.15583 0.777329 0.0800045 
1.15336 0.785694 0.0807945 
1.1509 0.794081 0.0815446 
0.792492 0.778717 0.320054 
0.788745 0.789892 0.317243 
1.07307 0.7848 -0.0399188 
1.06976 0.793483 -0.0383246 
1.06195 0.777271 0.222493 
1.05921 0.786323 0.221945 
0.803364 0.783398 0.239127 
1.14209 0.783433 -0.0697332 
1.13962 0.791745 -0.0677354 
0.938612 0.776835 0.32118 
0.935648 0.786849 0.319407 
0.883944 0.780017 0.136537 
0.879381 0.78999 0.135172 
1.17424 0.784573 -0.0159149 
1.17195 0.792766 -0.014369 
0.83627 0.782257 0.342388 
0.832935 0.793127 0.339824 
0.996541 0.783157 0.0315459 
0.992421 0.792309 0.0319851 
1.13884 0.777976 0.116057 
1.1363 0.786467 0.116534 
0.786485 0.782135 0.304239 
0.782611 0.793322 0.301416 
1.09327 0.784394 -0.0555694 
1.09023 0.792961 -0.0537591 
1.03177 0.778596 0.252376 
1.02898 0.787876 0.251493 
0.81992 0.777693 0.21594 
0.815528 0.788321 0.213666 
1.15431 0.782634 -0.0647445 
1.15194 0.790888 -0.0627882 
0.908028 0.786219 0.331627 
0.908798 0.782909 0.110877 
0.904258 0.792678 0.109889 
1.17504 0.77704 0.00965168 
1.17272 0.785244 0.011018 
1.17039 0.793468 0.0123445 
0.817317 0.783641 0.338322 
1.0241 0.781616 0.00609723 
1.02022 0.790593 0.00699055 
1.11709 0.780424 0.151603 
1.11448 0.789075 0.151747 
0.788178 0.778481 0.287074 
0.784157 0.789589 0.284322 
1.11309 0.777573 -0.0673091 
1.1103 0.786026 -0.0653283 
0.999421 0.785704 0.277921 
0.834015 0.78543 0.189525 
1.1655 0.77768 -0.0563414 
1.16321 0.785881 -0.0544426 
1.16091 0.7941 -0.0525847 
0.883393 0.783374 0.339537 
0.88029 0.793854 0.337308 
0.939133 0.776694 0.0862393 
0.934667 0.786229 0.0857396 
1.16741 0.782488 0.04154 
1.16503 0.790763 0.0426289 
0.803986 0.77884 0.332508 
0.800391 0.789952 0.329748 
1.05077 0.776744 -0.0181645 
1.04718 0.785553 -0.0168506 
1.09357 0.77714 0.185599 
1.09089 0.78596 0.185431 
0.793607 0.778521 0.266422 
0.789458 0.789517 0.263772 
1.12725 0.781132 -0.0710553 
1.12463 0.789514 -0.0690417 
0.971001 0.780465 0.300747 
0.968119 0.790221 0.299257 
0.854563 0.785146 0.164622 
1.17085 0.783572 -0.0401642 
1.16858 0.791762 -0.0384181 
0.859086 0.786776 0.34193 
0.966078 0.779368 0.0608038 
0.961745 0.788718 0.0607424 
1.15552 0.785012 0.0758389 
1.15307 0.793382 0.0766336 
0.79376 0.778138 0.32199 
0.79003 0.789306 0.319185 
1.0704 0.784012 -0.0375263 
1.06706 0.79271 -0.0359627 
1.06377 0.784557 0.217716 
1.06105 0.793601 0.217183 
0.802611 0.781008 0.242985 
0.798349 0.791864 0.24047 
1.14189 0.778041 -0.0714529 
1.13943 0.786348 -0.0694227 
0.941273 0.781372 0.318297 
0.938333 0.791369 0.316539 
0.877465 0.786561 0.139161 
1.17466 0.782454 -0.0196605 
1.17238 0.790641 -0.0180774 
0.838674 0.78354 0.342368 
0.99395 0.780319 0.034991 
0.989805 0.789485 0.0353913 
1.14165 0.777313 0.111005 
1.13912 0.785784 0.111529 
0.787231 0.781029 0.306797 
0.783374 0.792215 0.303976 
1.09058 0.784541 -0.0536838 
1.0875 0.793123 -0.0518988 
1.03388 0.785508 0.247776 
0.814478 0.785622 0.217672 
1.15411 0.777889 -0.0668614 
1.15175 0.786138 -0.0648721 
0.913753 0.779487 0.331543 
0.910734 0.789709 0.329558 
0.906706 0.779397 0.114722 
0.902159 0.789179 0.113705 
1.17361 0.783724 0.00676792 
1.17129 0.791939 0.00813405 
0.81949 0.784291 0.33887 
1.02155 0.779177 0.00930004 
1.01764 0.788167 0.0101564 
1.12055 0.779346 0.14674 
1.11795 0.787971 0.146934 
0.788418 0.776807 0.290158 
0.784411 0.787919 0.287404 
1.11048 0.778592 -0.0659902 
1.10765 0.78706 -0.0640283 
1.0046 0.782373 0.274928 
1.00178 0.791866 0.27376 
0.832733 0.782376 0.193578 
0.828276 0.792854 0.19148 
1.16315 0.781773 -0.0570087 
1.16085 0.789987 -0.0551165 
0.886048 0.785866 0.338263 
0.932414 0.782788 0.0893905 
0.927934 0.792376 0.0887759 
1.16887 0.781385 0.0368778 
1.1665 0.789647 0.0380088 
0.805798 0.778845 0.333689 
0.802221 0.789945 0.330939 
1.04461 0.783751 -0.0140122 
1.04096 0.792603 -0.0128038 
