1.02987 0.782009 0.0597067 
1.02621 0.791052 0.0601165 
1.03782 0.785232 0.18765 
0.884237 0.786488 0.206257 
1.09408 0.782216 0.0393875 
1.09103 0.790893 0.0402926 
0.940994 0.777274 0.261228 
0.937671 0.787188 0.259738 
0.961395 0.783071 0.116683 
0.957348 0.792586 0.116135 
1.09368 0.777544 0.109312 
1.09076 0.786294 0.109668 
0.877959 0.781401 0.25399 
0.874223 0.791756 0.252056 
1.05517 0.778161 0.0440252 
1.05172 0.787045 0.0447341 
1.00929 0.783929 0.216133 
1.00619 0.793327 0.215305 
0.903088 0.779142 0.182239 
0.898993 0.789145 0.180828 
1.10322 0.778939 0.0506008 
1.10026 0.787575 0.0514556 
0.915961 0.779282 0.26697 
0.912532 0.789387 0.265272 
0.992358 0.777379 0.0913716 
0.988435 0.786666 0.0912791 
1.07584 0.778512 0.141475 
1.07288 0.787401 0.141512 
0.87569 0.781079 0.238267 
0.871826 0.791411 0.236377 
1.07362 0.781597 0.0364332 
1.07036 0.790378 0.037284 
0.980457 0.780879 0.239512 
0.977276 0.790495 0.238383 
0.922439 0.784598 0.155019 
1.10299 0.784157 0.0702703 
1.10008 0.792821 0.0709431 
0.895843 0.780124 0.266295 
0.892293 0.790374 0.264451 
1.0168 0.78541 0.0686215 
1.05156 0.780118 0.173989 
1.04854 0.789192 0.173676 
0.882994 0.777051 0.218239 
0.879007 0.787272 0.216503 
1.08838 0.783283 0.0368459 
1.08527 0.791989 0.0377474 
0.952714 0.778051 0.256169 
0.949437 0.787878 0.254781 
0.94978 0.78118 0.128568 
0.945696 0.790782 0.127852 
1.0976 0.781891 0.0961671 
1.09469 0.79061 0.0966232 
0.882562 0.778924 0.25958 
0.878878 0.789253 0.257667 
1.04561 0.776728 0.0499795 
1.04207 0.785668 0.0505901 
1.02193 0.785455 0.203908 
0.895625 0.77812 0.193878 
0.891554 0.788198 0.192351 
1.0986 0.784054 0.0450256 
1.09561 0.792715 0.0458918 
0.924165 0.785714 0.264081 
0.979884 0.776757 0.10258 
0.975898 0.786132 0.102308 
1.08278 0.783767 0.127042 
1.07984 0.792606 0.127197 
0.874049 0.78562 0.245153 
1.06406 0.784959 0.0392546 
1.06071 0.793798 0.0400223 
0.994469 0.778656 0.230219 
0.991316 0.788162 0.229236 
0.913017 0.782607 0.167151 
0.908907 0.792518 0.165889 
1.10308 0.78447 0.060843 
1.10016 0.793124 0.0615917 
0.903103 0.782811 0.266858 
0.899617 0.793015 0.265057 
1.00763 0.778156 0.0781889 
1.0038 0.78734 0.0783105 
1.06123 0.784789 0.159551 
1.05824 0.793794 0.159369 
0.878784 0.778793 0.227703 
0.874849 0.789071 0.225888 
1.0824 0.782452 0.0356595 
1.07922 0.791188 0.0365509 
0.964298 0.780881 0.249421 
0.96107 0.790621 0.248134 
0.938739 0.779021 0.140684 
0.93463 0.788709 0.139805 
1.10021 0.785289 0.0840239 
1.0973 0.793984 0.0845725 
0.888118 0.778027 0.263622 
0.88449 0.788324 0.261737 
1.03253 0.782264 0.057736 
1.02889 0.79129 0.0581783 
1.03684 0.779038 0.191264 
1.03379 0.788222 0.190763 
0.88911 0.777787 0.205036 
0.885073 0.787936 0.203405 
1.09644 0.778738 0.0398912 
1.0934 0.787399 0.040814 
0.935925 0.783947 0.261207 
0.932609 0.793909 0.259662 
0.963705 0.784869 0.11376 
1.09131 0.780022 0.112789 
1.08838 0.788792 0.113099 
0.877353 0.781248 0.252582 
0.873602 0.791604 0.250649 
1.05783 0.777342 0.042704 
1.0544 0.786209 0.0434417 
1.00792 0.778296 0.219427 
1.0048 0.787699 0.218589 
0.904439 0.780951 0.179147 
0.900342 0.790942 0.177757 
1.10229 0.783123 0.0527378 
1.09934 0.791771 0.0535558 
0.914344 0.777002 0.267605 
0.910896 0.787116 0.2659 
0.994861 0.778762 0.0887113 
0.990955 0.788033 0.0886526 
1.07272 0.780934 0.145047 
1.06975 0.789849 0.145035 
0.875695 0.781701 0.236119 
0.871819 0.792029 0.234236 
1.07624 0.779625 0.0358647 
1.073 0.788389 0.0367399 
0.975638 0.785742 0.241046 
0.92837 0.776788 0.152931 
0.924248 0.786561 0.1519 
1.10452 0.778799 0.0723622 
1.10161 0.787451 0.0730435 
0.894514 0.778729 0.266101 
0.890946 0.788986 0.264252 
1.02316 0.776988 0.0660841 
1.01943 0.786069 0.0664176 
1.04778 0.782849 0.177329 
1.04476 0.791954 0.176965 
0.883592 0.778292 0.215543 
0.879597 0.788505 0.21382 
1.09085 0.780246 0.0370224 
1.08776 0.788935 0.0379436 
0.947692 0.784171 0.256631 
0.944421 0.794043 0.255188 
0.951959 0.783087 0.125551 
0.947884 0.792673 0.124865 
1.09555 0.784538 0.0994718 
1.09264 0.793275 0.0998846 
0.881705 0.778393 0.258541 
0.878005 0.788725 0.256626 
1.04475 0.785337 0.0489829 
1.02072 0.779531 0.207383 
1.01763 0.788838 0.206688 
0.896755 0.779795 0.190861 
0.89268 0.789861 0.189353 
1.1008 0.780035 0.0459524 
1.09782 0.78868 0.0468338 
0.922465 0.783023 0.265082 
0.919085 0.793085 0.263428 
0.982311 0.778364 0.099776 
0.978339 0.787722 0.0995376 
1.08293 0.777345 0.130429 
1.07998 0.786179 0.130583 
0.873774 0.785912 0.243317 
1.06672 0.783487 0.0383624 
1.06339 0.792309 0.0391569 
0.989782 0.782983 0.232212 
0.986631 0.79253 0.231175 
0.91463 0.784526 0.164023 
1.10485 0.779504 0.0625706 
1.10193 0.788145 0.0633299 
0.901617 0.78103 0.267033 
0.898112 0.791242 0.265226 
1.01021 0.779181 0.0757474 
1.0064 0.788349 0.0759029 
1.06072 0.778355 0.163191 
1.05772 0.787359 0.163003 
0.879124 0.77978 0.225225 
0.87518 0.790052 0.223419 
1.08494 0.779876 0.0355057 
1.08179 0.788595 0.0364189 
0.962599 0.776694 0.251654 
0.959351 0.786443 0.250358 
0.940765 0.780987 0.137595 
0.936663 0.79066 0.136745 
1.10138 0.779501 0.0865526 
1.09848 0.788185 0.0871069 
0.887033 0.777112 0.26296 
0.883388 0.787413 0.261072 
1.03519 0.78241 0.0558313 
1.03157 0.79142 0.0563058 
1.03276 0.782074 0.194355 
1.02971 0.791292 0.193801 
0.890009 0.779291 0.202136 
0.885966 0.789429 0.200521 
1.09575 0.783806 0.041409 
1.09272 0.792478 0.0422967 
0.93419 0.780815 0.262587 
0.930854 0.790785 0.261033 
0.970072 0.777185 0.111284 
0.966045 0.78663 0.110869 
1.08885 0.782479 0.116279 
1.08592 0.79127 0.116544 
0.876812 0.781185 0.251086 
0.873047 0.791541 0.249154 
1.05709 0.78525 0.042225 
1.00339 0.782149 0.221824 
1.00027 0.79159 0.220933 
0.905843 0.782785 0.176046 
0.901743 0.792763 0.174677 
1.10427 0.778575 0.0541005 
1.10133 0.787209 0.0549312 
0.909286 0.784942 0.26644 
0.997383 0.78008 0.0860946 
0.993494 0.789335 0.0860699 
1.06952 0.78338 0.148597 
1.06655 0.792321 0.148536 
0.875765 0.782399 0.233901 
0.871878 0.792722 0.232026 
1.07885 0.777535 0.0353721 
1.07562 0.786283 0.0362711 
0.973992 0.781094 0.243632 
0.970793 0.79076 0.242438 
0.930221 0.778767 0.149797 
0.926103 0.788525 0.148792 
1.10307 0.781999 0.0752261 
1.10016 0.790665 0.0758673 
0.89323 0.777427 0.265816 
0.889644 0.78769 0.263962 
1.02578 0.777567 0.0639062 
1.02207 0.786632 0.0642727 
1.04394 0.785643 0.180611 
0.884249 0.779588 0.212804 
0.880246 0.789792 0.211093 
1.09329 0.777105 0.0372722 
1.09021 0.785778 0.0382126 
0.94595 0.780577 0.258392 
0.942659 0.790458 0.25694 
0.954174 0.784969 0.122559 
1.09634 0.778416 0.102389 
1.09343 0.787145 0.102805 
0.880909 0.777955 0.25741 
0.877193 0.78829 0.255495 
1.04744 0.784886 0.0474483 
1.04393 0.793823 0.0480571 
1.01637 0.782981 0.210121 
1.01329 0.792324 0.209373 
0.897939 0.781504 0.187826 
0.89386 0.791559 0.186336 
1.09998 0.784549 0.0478526 
1.09701 0.793206 0.048698 
0.920783 0.780433 0.265995 
0.917384 0.790505 0.264332 
0.98476 0.779919 0.0970102 
0.980803 0.789261 0.0968054 
1.08005 0.779739 0.134011 
1.0771 0.788597 0.134117 
0.873565 0.786287 0.241401 
1.06937 0.781893 0.037547 
1.06607 0.790698 0.0383676 
0.988233 0.7779 0.235122 
0.985061 0.787453 0.234075 
0.916291 0.786459 0.160898 
1.10365 0.783075 0.0651509 
1.10073 0.791729 0.0658715 
0.900168 0.779342 0.267119 
0.896644 0.789561 0.265306 
1.0128 0.780124 0.0733581 
1.009 0.789276 0.0735473 
1.05715 0.780943 0.166651 
1.05415 0.789975 0.166413 
0.879527 0.780832 0.22269 
0.875573 0.791097 0.220895 
1.08747 0.777191 0.0354259 
1.08433 0.785893 0.0363603 
0.95763 0.782377 0.252496 
0.954386 0.79217 0.251145 
0.942831 0.782941 0.134525 
0.938736 0.792599 0.133705 
1.09958 0.78232 0.0897181 
1.09667 0.791021 0.0902304 
0.882341 0.786596 0.260316 
1.03785 0.782444 0.0539941 
1.03426 0.791438 0.0545005 
1.02862 0.785194 0.197367 
0.890964 0.780838 0.199206 
0.886916 0.790966 0.197607 
1.09805 0.780113 0.0420785 
1.09504 0.788769 0.042983 
0.932468 0.777788 0.263877 
0.929111 0.787768 0.262314 
0.972427 0.778923 0.108392 
0.968413 0.788353 0.10801 
1.08631 0.784922 0.11978 
1.08338 0.793734 0.119999 
0.876336 0.781211 0.249504 
0.872557 0.791566 0.247575 
1.05977 0.784167 0.0410844 
1.05637 0.79303 0.041818 
1.00197 0.77668 0.225007 
0.998825 0.786127 0.224106 
0.907297 0.784642 0.172939 
1.10327 0.782552 0.0563874 
1.10033 0.791198 0.0571807 
0.907705 0.782864 0.266892 
0.904247 0.793035 0.265124 
0.999921 0.78133 0.0835231 
0.996051 0.790569 0.0835324 
1.06923 0.776916 0.152185 
1.06624 0.785855 0.152121 
0.875901 0.783169 0.231617 
0.872003 0.793487 0.229749 
1.07823 0.784062 0.0358774 
1.07502 0.792821 0.0367431 
0.969118 0.786228 0.244934 
0.932117 0.780745 0.146675 
0.928004 0.790489 0.145698 
1.10156 0.785121 0.0781394 
1.09865 0.793802 0.0787402 
0.88839 0.786488 0.263582 
1.02841 0.778047 0.0617892 
1.02472 0.787095 0.0621887 
1.04308 0.779365 0.184254 
1.04004 0.788503 0.183831 
0.884965 0.780937 0.210023 
0.880955 0.791132 0.208326 
1.09264 0.782519 0.0385545 
1.08957 0.791203 0.0394603 
0.944215 0.777093 0.260063 
0.940904 0.786983 0.258602 
0.960484 0.777307 0.120151 
0.956423 0.786824 0.119595 
1.09414 0.780968 0.105792 
1.09122 0.789715 0.106163 
0.880175 0.77761 0.256189 
0.876444 0.787946 0.254274 
1.05012 0.784315 0.0459872 
1.04664 0.793235 0.0466261 
1.01509 0.777189 0.213517 
1.01198 0.786537 0.21276 
0.899177 0.783246 0.184773 
0.895095 0.793289 0.183303 
1.1021 0.78032 0.0489493 
1.09914 0.788962 0.0498089 
0.919123 0.777944 0.266819 
0.915704 0.788024 0.265148 
0.987231 0.781418 0.0942835 
0.98329 0.790745 0.0941124 
1.07709 0.782143 0.137583 
1.07414 0.791025 0.137641 
0.873423 0.786743 0.23941 
1.07201 0.780177 0.0368082 
1.06873 0.788966 0.0376543 
0.983478 0.782475 0.236907 
0.980309 0.792069 0.235806 
0.922123 0.778574 0.158903 
0.918002 0.788401 0.157779 
1.1053 0.777916 0.0670551 
1.10239 0.786557 0.0677854 
0.898757 0.777748 0.267116 
0.895215 0.787975 0.265297 
1.0154 0.780982 0.0710224 
1.01162 0.790117 0.0712454 
1.05351 0.783579 0.170065 
1.05051 0.792641 0.169776 
0.879991 0.781945 0.220103 
0.876028 0.792203 0.21832 
1.08685 0.783083 0.0363749 
1.08373 0.791796 0.0372754 
0.955908 0.778423 0.254546 
0.952644 0.788225 0.253186 
0.944937 0.78488 0.131477 
1.0977 0.785083 0.0929217 
1.09479 0.793801 0.0933917 
0.88135 0.785871 0.259468 
1.04052 0.782365 0.0522258 
1.03695 0.791342 0.0527637 
1.02751 0.779146 0.200911 
1.02443 0.788402 0.200296 
0.891975 0.782427 0.196249 
0.887922 0.792544 0.194667 
1.09731 0.784963 0.0437438 
1.09431 0.79363 0.0446128 
0.927383 0.784857 0.263506 
0.97481 0.780618 0.105534 
0.970809 0.790033 0.105185 
1.08662 0.778548 0.123067 
1.08368 0.787354 0.123287 
0.875926 0.781324 0.247838 
0.872133 0.791679 0.245911 
1.06244 0.78296 0.0400204 
1.05907 0.791806 0.0407816 
0.997357 0.780749 0.227224 
0.994218 0.790236 0.226269 
0.908804 0.786519 0.169827 
1.10515 0.7778 0.0579255 
1.10222 0.786433 0.0587304 
0.906155 0.780881 0.267255 
0.902678 0.791061 0.265481 
1.00248 0.782508 0.0809985 
0.998624 0.791731 0.0810418 
1.06588 0.779397 0.155728 
1.06289 0.788362 0.155614 
0.876101 0.784011 0.229269 
1.08081 0.781726 0.0355584 
1.07762 0.790469 0.0364472 
0.967436 0.781805 0.247349 
0.964221 0.791522 0.246091 
0.934058 0.78272 0.143567 
0.929949 0.792448 0.142618 
1.10288 0.7795 0.0804923 
1.09997 0.78817 0.0811001 
0.887185 0.785379 0.263111 
1.03104 0.778424 0.0597349 
1.02738 0.787456 0.060167 
1.03911 0.782264 0.18746 
1.03607 0.791434 0.186985 
0.885739 0.782336 0.207204 
0.881722 0.792522 0.205521 
1.09503 0.779158 0.0389698 
1.09198 0.787826 0.0398938 
0.939156 0.783619 0.260174 
0.935851 0.793555 0.258657 
0.962754 0.779148 0.117183 
0.958705 0.788649 0.116659 
1.09185 0.783488 0.109216 
1.08893 0.792255 0.109543 
0.879503 0.777357 0.254878 
0.875758 0.787694 0.252964 
1.0528 0.783621 0.0446005 
1.04934 0.792525 0.0452691 
1.01065 0.780821 0.216106 
1.00754 0.790205 0.215296 
0.900468 0.785017 0.181707 
1.10122 0.784622 0.0509983 
1.09826 0.793276 0.0518213 
0.914048 0.785642 0.265876 
0.989723 0.78286 0.0915973 
0.985798 0.79217 0.09146 
1.07406 0.784562 0.141141 
1.0711 0.793469 0.141151 
0.877221 0.776963 0.239213 
0.873348 0.787277 0.237344 
1.07464 0.778342 0.036146 
1.07138 0.787114 0.0370171 
0.981881 0.777597 0.239666 
0.978692 0.787199 0.238555 
0.923879 0.780537 0.155765 
0.91976 0.79035 0.154666 
1.10398 0.781298 0.0697822 
1.10107 0.789953 0.0704731 
0.893828 0.786481 0.265198 
1.01801 0.78175 0.0687423 
1.01426 0.790869 0.0689988 
1.05283 0.777206 0.173724 
1.0498 0.786269 0.173429 
0.880517 0.783118 0.217467 
0.876545 0.793368 0.215695 
1.08935 0.780168 0.0364628 
1.08624 0.788865 0.0373836 
0.950903 0.784392 0.255138 
0.951168 0.777212 0.129145 
0.947081 0.7868 0.128451 
1.09865 0.779085 0.0956864 
1.09574 0.787794 0.0961606 
0.880418 0.78524 0.258528 
1.04319 0.782171 0.0505277 
1.03964 0.791131 0.0510968 
1.02326 0.782412 0.203807 
1.02019 0.791703 0.203139 
0.893042 0.784055 0.193267 
1.09955 0.781058 0.0445802 
1.09656 0.78971 0.045465 
0.925671 0.782049 0.264608 
0.922302 0.792086 0.262981 
0.977218 0.782269 0.102711 
0.973231 0.791667 0.102394 
1.08391 0.780953 0.126623 
1.08097 0.789782 0.126796 
0.875583 0.781524 0.246088 
0.871777 0.791877 0.244166 
1.0651 0.78163 0.0390331 
1.06175 0.790459 0.0398215 
0.99271 0.784953 0.229318 
0.914477 0.778519 0.167953 
0.910361 0.788414 0.166713 
1.10405 0.781574 0.0603623 
1.10112 0.790219 0.0611292 
0.904638 0.778993 0.267531 
0.901142 0.78918 0.265749 
1.00505 0.783611 0.0785223 
1.00121 0.792817 0.0785996 
1.06245 0.781914 0.159237 
1.05946 0.790907 0.159073 
0.876365 0.784921 0.226861 
1.08338 0.779278 0.0353141 
1.08021 0.788004 0.0362252 
0.96575 0.777493 0.24968 
0.962514 0.787218 0.248412 
0.936041 0.784687 0.140476 
1.10123 0.782463 0.0835396 
1.09832 0.791149 0.0841063 
0.886031 0.784364 0.262548 
1.03369 0.778696 0.0577449 
1.03005 0.787712 0.0582094 
1.03509 0.785237 0.190595 
0.886571 0.783783 0.204349 
0.882548 0.79396 0.202681 
1.09436 0.784349 0.0404006 
1.09132 0.793028 0.0412898 
0.937417 0.780364 0.261656 
0.934092 0.79031 0.26013 
0.965057 0.780955 0.114245 
0.961018 0.790441 0.113753 
1.09241 0.777222 0.11233 
1.08948 0.785982 0.112659 
0.878896 0.777194 0.253478 
0.875136 0.787532 0.251565 
1.05548 0.782805 0.043289 
1.05204 0.791692 0.0439867 
1.00617 0.784568 0.218588 
1.00306 0.79399 0.217724 
0.905916 0.776842 0.179997 
0.901812 0.786816 0.178628 
1.10325 0.780186 0.0522671 
1.1003 0.788825 0.0531034 
0.912416 0.783358 0.266516 
0.908987 0.793496 0.264783 
0.992234 0.78424 0.0889532 
0.988326 0.793535 0.0888498 
1.07391 0.778096 0.144674 
1.07094 0.787 0.144681 
0.877224 0.777579 0.237069 
0.873339 0.78789 0.235207 
1.07401 0.785144 0.0364555 
1.07076 0.793927 0.0372935 
0.977064 0.782432 0.241229 
0.973879 0.792076 0.240064 
0.925681 0.782505 0.152635 
0.921566 0.792304 0.151562 
1.1026 0.784597 0.0725616 
1.09969 0.793266 0.0732129 
0.892483 0.785081 0.26501 
1.02063 0.782425 0.0665193 
1.0169 0.791528 0.0668093 
1.04905 0.779923 0.177085 
1.04603 0.789016 0.176738 
0.881103 0.784349 0.214784 
1.09181 0.777148 0.0366241 
1.08872 0.785828 0.0375646 
0.949165 0.780671 0.257001 
0.945886 0.790527 0.255576 
