1.01514 0.777321 0.111497 
1.01153 0.786522 0.111409 
1.01314 0.77741 0.177408 
1.00983 0.786724 0.176855 
0.946836 0.779537 0.177333 
0.94303 0.789263 0.176305 
1.04795 0.781233 0.108576 
1.04464 0.79025 0.108696 
0.95656 0.780474 0.211887 
0.953047 0.790206 0.210741 
0.995531 0.781597 0.124123 
0.991821 0.790936 0.123791 
1.02731 0.784483 0.158043 
1.02405 0.793693 0.157679 
0.939831 0.778744 0.192787 
0.936068 0.788543 0.191622 
1.04114 0.783085 0.102766 
1.03775 0.792135 0.102884 
0.973589 0.7779 0.206611 
0.97015 0.787508 0.205621 
0.977447 0.780774 0.140211 
0.973665 0.790245 0.139639 
1.04022 0.783377 0.138877 
1.03697 0.792482 0.138724 
0.937309 0.782748 0.204014 
0.933623 0.792594 0.202758 
1.02893 0.785719 0.103434 
0.990224 0.783137 0.194913 
0.986865 0.792628 0.194086 
0.962043 0.777313 0.158142 
0.958223 0.786903 0.157351 
1.04818 0.78016 0.121996 
1.04491 0.789192 0.122021 
0.942612 0.78338 0.210709 
0.93901 0.793206 0.209457 
1.016 0.77985 0.110365 
1.0124 0.789048 0.110281 
1.00825 0.785506 0.178888 
0.946461 0.783426 0.175091 
0.942658 0.793156 0.174059 
1.04839 0.780933 0.109594 
1.04508 0.789949 0.10971 
0.954587 0.781653 0.211995 
0.951067 0.7914 0.21083 
0.996261 0.784874 0.122432 
1.02618 0.782969 0.160245 
1.02291 0.792187 0.159864 
0.938981 0.782262 0.190839 
0.935218 0.79207 0.189667 
1.04187 0.783646 0.103103 
1.03849 0.792693 0.103221 
0.971564 0.778184 0.207483 
0.968118 0.787807 0.206473 
0.977923 0.784544 0.138124 
0.974151 0.794015 0.137556 
1.03962 0.781918 0.140943 
1.03637 0.791027 0.140777 
0.935996 0.785663 0.202583 
1.03328 0.778136 0.10297 
1.0298 0.787223 0.103059 
0.988322 0.782599 0.196443 
0.984955 0.792104 0.195596 
0.962156 0.781294 0.155857 
0.958343 0.790887 0.155067 
1.04812 0.779099 0.123665 
1.04486 0.788132 0.123681 
0.940908 0.785522 0.209964 
1.01687 0.782284 0.109304 
1.01329 0.791479 0.109224 
1.00664 0.78434 0.180887 
1.00333 0.793709 0.180247 
0.949954 0.777646 0.173808 
0.946139 0.787341 0.172831 
1.04878 0.780546 0.110683 
1.04548 0.789561 0.110794 
0.952631 0.782932 0.212016 
0.949104 0.792694 0.210833 
1.00071 0.77878 0.121059 
0.997015 0.78808 0.120797 
1.025 0.781469 0.162446 
1.02173 0.790695 0.162049 
0.938183 0.785837 0.188845 
1.04258 0.784106 0.103518 
1.03921 0.79315 0.103635 
0.969536 0.778564 0.208273 
0.966082 0.788203 0.207244 
0.982207 0.778841 0.136578 
0.978436 0.788274 0.136074 
1.03897 0.780434 0.14304 
1.03571 0.789548 0.142861 
0.938443 0.778829 0.202308 
0.934732 0.788657 0.201082 
1.03414 0.779538 0.102671 
1.03067 0.788622 0.102762 
0.986399 0.782145 0.197907 
0.983024 0.791664 0.197041 
0.962316 0.785267 0.153583 
1.048 0.777978 0.125389 
1.04475 0.787013 0.125396 
0.942872 0.777945 0.210365 
0.93924 0.787759 0.209134 
1.01775 0.78462 0.108315 
1.01418 0.793812 0.108239 
1.00499 0.783228 0.182848 
1.00168 0.792609 0.18219 
0.94968 0.781579 0.171535 
0.945869 0.791279 0.170555 
1.04913 0.780075 0.111842 
1.04583 0.789089 0.111948 
0.950693 0.78431 0.21195 
0.94716 0.794087 0.210748 
1.00147 0.781913 0.119477 
0.997794 0.791212 0.119219 
1.02377 0.779988 0.164644 
1.02049 0.789222 0.16423 
0.941218 0.779681 0.187938 
0.937439 0.789464 0.186807 
1.04326 0.784467 0.10401 
1.0399 0.793509 0.104126 
0.967507 0.779044 0.208981 
0.964045 0.788697 0.207933 
0.982746 0.782527 0.134562 
0.978985 0.79196 0.134061 
1.03825 0.77893 0.145166 
1.035 0.78805 0.144973 
0.937229 0.78189 0.20075 
0.933516 0.791729 0.199513 
1.03499 0.780834 0.102451 
1.03154 0.789915 0.102544 
0.984456 0.781777 0.199305 
0.981073 0.79131 0.198418 
0.966332 0.77967 0.152052 
0.962522 0.789227 0.151324 
1.04783 0.776802 0.127167 
1.04458 0.785839 0.127164 
0.941247 0.78026 0.209467 
0.93761 0.790087 0.208222 
1.02221 0.777701 0.107412 
1.01864 0.786856 0.107399 
1.0033 0.782175 0.184769 
0.999982 0.791567 0.184092 
0.949458 0.785532 0.169249 
1.04943 0.779522 0.113069 
1.04614 0.788535 0.11317 
0.948776 0.785787 0.211795 
1.00226 0.784969 0.117954 
1.02248 0.778529 0.166833 
1.0192 0.787772 0.166402 
0.940526 0.783351 0.185866 
0.936748 0.793141 0.184728 
1.04391 0.78473 0.104578 
1.04056 0.793769 0.104692 
0.965479 0.779622 0.209606 
0.962009 0.78929 0.208538 
0.987078 0.77677 0.133023 
0.983319 0.786165 0.132586 
1.03748 0.77741 0.147316 
1.03422 0.786535 0.147109 
0.936065 0.785027 0.199126 
1.03583 0.782025 0.10231 
1.03239 0.791103 0.102404 
0.982495 0.781496 0.200633 
0.979104 0.791043 0.199726 
0.966575 0.783614 0.149809 
0.962773 0.793172 0.149083 
1.04435 0.784612 0.128984 
1.0411 0.793682 0.12892 
0.939661 0.782667 0.208487 
0.93602 0.792507 0.207227 
1.02309 0.77984 0.106567 
1.01954 0.788992 0.106558 
1.00158 0.781184 0.186646 
0.998252 0.790588 0.18595 
0.953105 0.779833 0.167881 
0.949287 0.789501 0.166954 
1.04969 0.778889 0.114364 
1.04641 0.787901 0.114459 
0.950449 0.777594 0.212739 
0.946882 0.787363 0.211554 
1.00673 0.778685 0.116682 
1.00307 0.787944 0.116494 
1.02115 0.777097 0.169011 
1.01786 0.786349 0.168563 
0.94368 0.777311 0.184843 
0.939886 0.787068 0.183756 
1.04453 0.784896 0.105221 
1.04119 0.793933 0.105333 
0.963453 0.780299 0.210146 
0.959977 0.789983 0.209059 
0.987674 0.780358 0.131086 
0.983926 0.789753 0.130653 
1.03338 0.78501 0.149267 
0.938686 0.778419 0.198642 
0.934951 0.788237 0.197439 
1.03666 0.78311 0.102249 
1.03323 0.792185 0.102344 
0.980517 0.781305 0.201889 
0.977118 0.790866 0.200963 
0.970669 0.778016 0.148252 
0.966864 0.787538 0.147587 
1.04406 0.783337 0.130852 
1.04081 0.792409 0.130777 
0.938116 0.785164 0.207427 
1.02398 0.781877 0.105798 
1.02044 0.791026 0.105793 
0.999827 0.780257 0.188476 
0.996489 0.789674 0.18776 
0.95298 0.78381 0.165581 
0.949168 0.793482 0.164653 
1.0499 0.778179 0.115725 
1.04662 0.78719 0.115813 
0.948586 0.779253 0.212428 
0.945013 0.789036 0.211224 
1.00755 0.781579 0.11528 
1.0039 0.790836 0.115096 
1.01647 0.784957 0.170708 
0.943092 0.781065 0.182704 
0.9393 0.790827 0.181612 
1.04512 0.784968 0.10594 
1.04178 0.794002 0.106049 
0.961433 0.781076 0.210601 
0.95795 0.790775 0.209494 
0.988302 0.783892 0.129194 
0.984566 0.793286 0.128766 
1.03249 0.783477 0.151443 
1.02923 0.792645 0.151157 
0.937623 0.781689 0.196904 
0.933887 0.791517 0.195691 
1.03747 0.784091 0.102266 
1.03405 0.793162 0.102362 
0.978526 0.781205 0.203072 
0.975119 0.790781 0.202126 
0.970992 0.781917 0.146049 
0.967195 0.791439 0.145386 
1.04371 0.782018 0.132765 
1.04046 0.791092 0.13268 
0.940282 0.777924 0.207522 
0.936614 0.787749 0.206286 
1.02487 0.78381 0.105105 
1.02134 0.792956 0.105103 
0.99804 0.7794 0.190255 
0.994695 0.788829 0.18952 
0.956728 0.778161 0.164149 
0.952907 0.787797 0.163278 
1.05006 0.777394 0.117151 
1.04678 0.786405 0.117232 
0.946749 0.78101 0.212029 
0.943171 0.790807 0.210808 
1.00838 0.784387 0.113942 
1.00475 0.793641 0.113763 
1.01504 0.7836 0.172834 
1.01175 0.792905 0.172301 
0.942557 0.784858 0.180534 
1.04567 0.784945 0.106732 
1.04235 0.793978 0.106839 
0.959421 0.781953 0.210971 
0.95593 0.791667 0.209845 
0.992693 0.778012 0.127713 
0.988961 0.787368 0.127349 
1.03153 0.781941 0.153632 
1.02827 0.791116 0.153332 
0.936612 0.785027 0.195108 
1.03827 0.784967 0.102362 
1.03486 0.794035 0.102459 
0.976522 0.781198 0.20418 
0.973107 0.790789 0.203213 
0.971357 0.785791 0.143872 
1.0433 0.780657 0.134723 
1.04005 0.789735 0.134626 
0.938827 0.780584 0.206317 
0.935155 0.790421 0.205068 
1.02576 0.78564 0.104489 
0.996224 0.778614 0.191981 
0.99287 0.788056 0.191226 
0.956699 0.78215 0.161847 
0.952884 0.791789 0.160975 
1.04689 0.785548 0.118714 
0.944942 0.782863 0.211543 
0.941359 0.792674 0.210306 
1.01286 0.777889 0.112787 
1.00923 0.787106 0.112672 
1.01356 0.782282 0.174938 
1.01027 0.791597 0.174387 
0.945879 0.778954 0.179381 
0.942076 0.788688 0.178336 
1.04619 0.784831 0.107598 
1.04287 0.793862 0.107702 
0.957418 0.782929 0.211254 
0.95392 0.792658 0.210109 
0.99337 0.781428 0.125914 
0.98965 0.790783 0.125554 
1.03052 0.780406 0.155833 
1.02726 0.789588 0.155517 
0.939409 0.778625 0.194432 
0.935653 0.78843 0.193256 
1.04245 0.776706 0.102383 
1.03905 0.78574 0.102536 
0.974509 0.781286 0.20521 
0.971086 0.790891 0.204224 
0.975552 0.78015 0.142321 
0.971763 0.789635 0.141723 
1.04283 0.779259 0.136721 
1.03958 0.788341 0.136613 
0.937416 0.78333 0.205036 
0.933741 0.793179 0.203774 
1.03016 0.778257 0.103888 
1.02665 0.787364 0.103951 
0.99438 0.777902 0.19365 
0.991018 0.787358 0.192875 
0.956719 0.786142 0.159547 
1.04695 0.784622 0.120257 
1.04369 0.793665 0.120272 
0.943165 0.784812 0.21097 
1.01371 0.78052 0.11158 
1.01009 0.789734 0.111469 
1.01204 0.781007 0.177015 
1.00874 0.790332 0.176446 
0.945448 0.782812 0.177162 
0.941647 0.792552 0.176112 
1.04667 0.784627 0.108536 
1.04336 0.793656 0.108637 
0.955427 0.784005 0.21145 
0.951922 0.79375 0.210287 
0.994075 0.784779 0.124165 
1.02946 0.778877 0.158041 
1.02619 0.788066 0.157709 
0.938502 0.782082 0.192536 
0.934746 0.791895 0.191351 
1.0432 0.777379 0.102636 
1.03981 0.78641 0.102789 
0.972488 0.781469 0.206162 
0.969057 0.791089 0.205156 
0.975989 0.783961 0.140199 
0.97221 0.793446 0.139605 
1.04231 0.777828 0.138757 
1.03905 0.786914 0.138636 
0.936052 0.78616 0.20368 
1.03103 0.77988 0.103426 
1.02754 0.788983 0.10349 
0.99251 0.777269 0.195259 
0.98914 0.786737 0.194465 
0.960604 0.780527 0.158065 
0.956789 0.790131 0.157253 
1.04696 0.783631 0.12186 
1.0437 0.792674 0.121866 
0.945036 0.777057 0.21153 
0.941422 0.786857 0.210312 
1.01457 0.783057 0.110442 
1.01097 0.792268 0.110336 
1.01047 0.779778 0.179063 
1.00717 0.789114 0.178475 
0.948882 0.776995 0.175917 
0.945069 0.7867 0.174921 
1.04711 0.784334 0.109546 
1.04381 0.793361 0.109643 
0.953451 0.785181 0.21156 
0.99851 0.778747 0.122761 
0.994807 0.788063 0.122471 
1.02834 0.777357 0.160253 
1.02506 0.786554 0.159905 
0.937647 0.785598 0.19059 
1.04392 0.777951 0.102967 
1.04054 0.786979 0.103119 
0.970461 0.781749 0.207034 
0.967022 0.791384 0.206008 
0.980243 0.778287 0.138642 
0.976464 0.787735 0.138111 
1.03846 0.785459 0.140694 
0.938435 0.77924 0.203484 
0.934734 0.789072 0.202251 
1.0319 0.781397 0.103041 
1.02842 0.790497 0.103109 
0.990616 0.776715 0.196807 
0.987238 0.786197 0.195993 
0.960715 0.78451 0.15578 
0.956906 0.794116 0.154967 
1.04691 0.782576 0.12352 
1.04365 0.791621 0.123518 
0.943332 0.779182 0.210802 
0.939712 0.788996 0.209569 
1.01545 0.785498 0.109376 
1.00887 0.7786 0.181077 
1.00555 0.787947 0.18047 
0.948553 0.780905 0.17366 
0.944743 0.790615 0.17266 
1.04751 0.783955 0.110627 
1.04421 0.792981 0.110719 
0.955029 0.77672 0.212732 
0.95149 0.786457 0.211582 
0.999255 0.781961 0.121117 
0.995564 0.791275 0.120832 
1.02389 0.785055 0.1621 
0.940619 0.779381 0.189741 
0.936845 0.78917 0.188597 
1.04462 0.778422 0.103375 
1.04125 0.787448 0.103527 
0.96843 0.782126 0.207825 
0.964984 0.791777 0.206779 
0.980747 0.782022 0.136585 
0.976978 0.791469 0.136058 
1.03781 0.783979 0.142784 
1.03456 0.793104 0.142587 
0.937167 0.782221 0.201997 
0.933464 0.792063 0.200752 
1.03276 0.782807 0.102736 
1.0293 0.791904 0.102805 
0.985314 0.785741 0.197456 
0.964687 0.778914 0.154257 
0.960873 0.788484 0.153505 
1.0468 0.781461 0.125236 
1.04354 0.790508 0.125224 
0.941664 0.781401 0.20999 
0.938039 0.791229 0.208741 
1.01991 0.778671 0.108421 
1.01633 0.787843 0.108382 
1.00723 0.777476 0.183054 
1.0039 0.786834 0.182428 
0.948275 0.784838 0.171387 
1.04787 0.783491 0.111778 
1.04457 0.792516 0.111864 
0.953094 0.77808 0.212684 
0.949548 0.787831 0.211516 
1.00002 0.785101 0.119532 
1.02266 0.783576 0.164292 
1.01938 0.792821 0.163861 
0.939869 0.782999 0.187711 
0.936096 0.792795 0.18656 
1.0453 0.778794 0.103861 
1.04194 0.787817 0.104011 
0.966398 0.782602 0.208533 
0.962944 0.792268 0.207468 
0.981286 0.785712 0.134567 
1.0371 0.782479 0.144902 
1.03385 0.791609 0.144692 
0.935948 0.785279 0.200441 
1.03362 0.784112 0.102509 
1.03016 0.793206 0.102581 
0.983369 0.785369 0.198853 
0.964884 0.782875 0.151996 
0.961078 0.792446 0.151245 
1.04663 0.780291 0.127005 
1.04338 0.789339 0.126984 
0.940033 0.783713 0.209095 
0.936405 0.793553 0.207831 
1.02079 0.780919 0.107496 
1.01723 0.790087 0.107461 
1.00222 0.78578 0.184346 
0.951867 0.779112 0.170047 
0.94805 0.788791 0.169101 
1.04818 0.782945 0.112997 
1.04489 0.791969 0.113078 
0.951179 0.779538 0.212549 
0.947627 0.789305 0.211364 
1.00449 0.778889 0.118221 
1.00081 0.788163 0.118005 
1.02137 0.782118 0.166475 
1.0181 0.791372 0.166028 
0.942961 0.776903 0.186742 
0.939172 0.786667 0.185641 
1.04595 0.779068 0.104423 
1.04259 0.788088 0.104571 
0.964367 0.783177 0.209158 
0.960906 0.792857 0.208073 
0.985617 0.779945 0.133049 
0.98186 0.789355 0.132589 
1.03633 0.780962 0.147045 
1.03308 0.790098 0.146821 
0.938505 0.77859 0.200032 
0.934779 0.788413 0.19882 
1.03447 0.785312 0.102362 
0.981407 0.785085 0.20018 
0.968937 0.777286 0.150441 
0.965127 0.78682 0.149752 
1.04641 0.779068 0.128826 
1.04315 0.788118 0.128795 
0.938442 0.786116 0.208117 
1.02168 0.783066 0.106646 
1.01813 0.792232 0.106615 
1.0005 0.784787 0.18622 
0.951689 0.783077 0.167754 
0.947877 0.792759 0.166806 
1.04844 0.782319 0.114283 
1.04516 0.791343 0.114359 
0.949286 0.781095 0.212327 
0.945728 0.790877 0.211123 
1.00529 0.781873 0.116752 
1.00163 0.791145 0.11654 
1.02004 0.780686 0.168648 
1.01676 0.78995 0.168183 
0.942316 0.780611 0.18464 
0.938528 0.790381 0.183532 
1.04657 0.779245 0.10506 
1.04322 0.788262 0.105207 
0.962338 0.78385 0.209699 
0.95887 0.793546 0.208595 
0.986214 0.783538 0.131109 
0.982468 0.792947 0.130653 
1.0355 0.779434 0.149209 
1.03224 0.788575 0.148971 
0.937387 0.781787 0.198357 
0.933659 0.79162 0.197134 
1.03873 0.77735 0.102162 
1.0353 0.786406 0.102293 
0.979428 0.784891 0.201436 
0.969216 0.781211 0.148215 
0.965414 0.790746 0.147528 
1.04613 0.777796 0.130696 
1.04287 0.786848 0.130655 
0.940549 0.778783 0.208298 
0.936892 0.788609 0.207058 
1.02257 0.785112 0.105871 
0.99874 0.783859 0.188047 
0.99541 0.793287 0.187314 
0.955383 0.777408 0.166346 
0.951562 0.787055 0.165454 
1.04865 0.781616 0.115636 
1.04538 0.790639 0.115705 
0.947418 0.782751 0.212017 
0.943855 0.792546 0.210796 
1.00611 0.784774 0.115345 
1.00246 0.794043 0.115139 
1.01866 0.779285 0.170806 
1.01537 0.788558 0.170323 
0.941724 0.784363 0.182502 
1.04715 0.779326 0.105773 
1.04382 0.788342 0.105917 
0.960315 0.784624 0.210155 
0.990585 0.777706 0.129605 
0.986843 0.787077 0.129214 
1.03461 0.777897 0.151393 
1.03135 0.787045 0.15114 
0.93632 0.785055 0.196621 
1.03954 0.778343 0.102172 
1.03612 0.787395 0.102304 
0.977434 0.784788 0.202618 
0.969538 0.785114 0.146011 
1.04253 0.785533 0.132561 
0.939045 0.781353 0.207174 
0.935384 0.791191 0.20592 
1.027 0.777928 0.105138 
1.02347 0.787054 0.105172 
0.996954 0.783 0.189823 
0.993615 0.792441 0.189072 
0.955302 0.781392 0.164044 
0.951486 0.791042 0.163151 
