0.711283 1.5708 0.102573 
0.711439 1.57294 0.101929 
0.711598 1.57509 0.101284 
0.711759 1.57724 0.100639 
0.711922 1.57938 0.099995 
0.805889 1.57331 -0.125727 
0.985857 1.56799 0.0705792 
0.986512 1.57794 0.0687747 
0.662541 1.56874 0.0340593 
0.91561 1.57072 -0.104807 
0.883051 1.56837 0.120527 
0.884097 1.57921 0.117854 
0.671242 1.57117 -0.0545701 
1.00896 1.56596 -0.0471914 
1.00855 1.57574 -0.0487797 
0.773757 1.56636 0.126169 
0.774829 1.57841 0.122729 
0.738121 1.57088 -0.110624 
1.02838 1.56609 0.025085 
1.02862 1.57571 0.0236671 
0.688332 1.56671 0.086116 
0.841318 1.57283 -0.124865 
0.955248 1.57005 0.0893271 
0.659709 1.56956 0.00458457 
0.950219 1.5631 -0.0871028 
0.949443 1.57336 -0.0892098 
0.846185 1.56288 0.129566 
0.847249 1.57409 0.126619 
0.686493 1.57302 -0.0784501 
1.02655 1.56226 -0.0240411 
1.02633 1.5719 -0.0254691 
0.741864 1.57072 0.116333 
0.770305 1.56434 -0.118015 
0.769282 1.57646 -0.121468 
1.01258 1.57077 0.0474145 
0.672267 1.56808 0.0630118 
0.87764 1.57012 -0.117609 
0.921386 1.57057 0.106069 
0.662161 1.57033 -0.0250694 
0.981199 1.56695 -0.0694037 
0.980602 1.57695 -0.0712422 
0.811107 1.57129 0.129046 
0.70826 1.57398 -0.0971282 
1.03357 1.56324 -0.000347623 
1.03357 1.57283 -0.00171604 
0.713043 1.56761 0.104662 
0.804128 1.56386 -0.12295 
0.80307 1.57557 -0.126174 
0.987758 1.56427 0.069726 
0.98838 1.5742 0.0679345 
0.663009 1.56974 0.035886 
0.91346 1.56511 -0.10461 
0.912558 1.57569 -0.107029 
0.886184 1.57265 0.118674 
0.670324 1.57211 -0.0529235 
1.00742 1.56284 -0.0483139 
1.00698 1.57263 -0.049913 
0.776448 1.56816 0.126137 
0.735758 1.5722 -0.110154 
1.02912 1.56369 0.0236364 
1.02934 1.57331 0.0222242 
0.689888 1.56771 0.0873329 
0.839359 1.56465 -0.12297 
0.838312 1.57596 -0.12595 
0.957387 1.56567 0.0888333 
0.958176 1.57585 0.0867725 
0.65974 1.57063 0.00650385 
0.947274 1.56875 -0.0895819 
0.946521 1.57904 -0.0917198 
0.849256 1.56627 0.1283 
0.850339 1.57745 0.125376 
0.685047 1.57397 -0.0771383 
1.02539 1.56941 -0.0268729 
1.02519 1.57906 -0.0283154 
0.744322 1.57214 0.116705 
0.767674 1.56599 -0.117918 
0.766665 1.57815 -0.121389 
1.01399 1.56784 0.0461988 
1.01443 1.57757 0.0446502 
0.673286 1.56905 0.0645874 
0.875563 1.56323 -0.116593 
0.874555 1.57416 -0.119308 
0.923561 1.56527 0.106093 
0.924478 1.57575 0.103742 
0.661769 1.57134 -0.0232056 
0.979234 1.56303 -0.0701473 
0.978603 1.57305 -0.0719991 
0.812937 1.56216 0.131626 
0.81401 1.57374 0.128449 
0.706334 1.57503 -0.0962282 
1.03342 1.57054 -0.00321474 
0.715114 1.56875 0.105429 
0.801312 1.56604 -0.123338 
0.80027 1.57778 -0.126581 
0.990234 1.57053 0.0670635 
0.663514 1.57074 0.0377002 
0.910392 1.57001 -0.106786 
0.888303 1.56619 0.119426 
0.889324 1.57698 0.116792 
0.669447 1.57306 -0.0512571 
1.00538 1.56945 -0.0510167 
1.00496 1.57926 -0.0526406 
0.779156 1.56999 0.126073 
0.733423 1.5735 -0.109658 
1.03001 1.57093 0.0207701 
0.691483 1.56872 0.08852 
0.836353 1.56768 -0.12399 
0.835323 1.57903 -0.126992 
0.960283 1.57152 0.0862564 
0.659805 1.5717 0.00842125 
0.945118 1.56408 -0.089913 
0.944326 1.57438 -0.0920651 
0.852342 1.56972 0.126992 
0.683642 1.57493 -0.0757983 
1.02441 1.56689 -0.0282603 
1.02418 1.57654 -0.0297103 
0.746806 1.57359 0.117049 
0.765059 1.56762 -0.117793 
1.01536 1.56496 0.0449567 
1.01578 1.57468 0.0434178 
0.674348 1.57001 0.0661403 
0.872466 1.56718 -0.118234 
0.871477 1.57816 -0.120974 
0.926635 1.57052 0.103725 
0.661413 1.57236 -0.0213327 
0.976596 1.56909 -0.0727245 
0.975986 1.57913 -0.0746061 
0.815842 1.5647 0.130966 
0.816931 1.57624 0.127808 
0.705282 1.56305 -0.0913923 
0.704442 1.57606 -0.0952973 
1.03321 1.56825 -0.00471125 
1.0332 1.57784 -0.00608291 
0.717219 1.5699 0.106165 
0.798514 1.56816 -0.123686 
0.992073 1.56691 0.0661618 
0.992683 1.57681 0.0644124 
0.664058 1.57173 0.0395013 
0.908254 1.56423 -0.106484 
0.907331 1.57486 -0.108944 
0.891428 1.57061 0.117489 
0.668611 1.574 -0.0495715 
1.00376 1.56621 -0.0520902 
1.00331 1.57603 -0.0537256 
0.781879 1.57185 0.125978 
0.73207 1.56216 -0.105418 
0.731116 1.57479 -0.109134 
1.03062 1.56857 0.0193063 
1.03083 1.57817 0.0179104 
0.693119 1.56972 0.0896769 
0.833363 1.57065 -0.124965 
0.962394 1.56724 0.0857048 
0.963169 1.57738 0.0836899 
0.659904 1.57278 0.0103359 
0.942144 1.56965 -0.0923678 
0.854392 1.5621 0.128531 
0.855443 1.57323 0.125642 
0.68295 1.56254 -0.07036 
0.682278 1.57589 -0.0744305 
1.02337 1.56432 -0.0296301 
1.02311 1.57399 -0.0310876 
0.748308 1.56267 0.120979 
0.749313 1.57505 0.117367 
0.762462 1.56922 -0.11764 
1.0167 1.56214 0.0436889 
1.01708 1.57185 0.0421599 
0.675453 1.57098 0.0676699 
0.869377 1.57109 -0.11984 
0.928814 1.56539 0.103656 
0.929714 1.57582 0.101349 
0.661092 1.57339 -0.0194514 
0.974583 1.56508 -0.0734183 
0.973938 1.57513 -0.0753136 
0.818766 1.56729 0.130262 
0.819872 1.5788 0.127125 
0.70341 1.56405 -0.0904172 
0.702587 1.57708 -0.0943356 
1.03295 1.56596 -0.00620468 
1.03291 1.57554 -0.00757835 
0.719358 1.57106 0.106871 
0.795732 1.57025 -0.123996 
0.993894 1.56335 0.0652292 
0.994472 1.57324 0.0634924 
0.66464 1.57271 0.0412886 
0.905177 1.569 -0.108594 
0.893565 1.56434 0.118119 
0.894561 1.57508 0.115524 
0.667816 1.57496 -0.0478676 
1.00211 1.56291 -0.0531332 
1.00163 1.57274 -0.0547802 
0.784619 1.57374 0.125849 
0.729777 1.56339 -0.10485 
0.728838 1.57605 -0.108582 
1.03118 1.56622 0.0178337 
1.03136 1.57582 0.016442 
0.694794 1.57073 0.0908035 
0.831459 1.56217 -0.12286 
0.830392 1.57356 -0.125896 
0.964507 1.56302 0.0851186 
0.965246 1.57314 0.0831178 
0.660037 1.57384 0.0122471 
0.939978 1.56484 -0.0926269 
0.93917 1.57519 -0.0948237 
0.857487 1.56571 0.127117 
0.858557 1.5768 0.124252 
0.681607 1.56348 -0.0689549 
0.680955 1.57684 -0.0730356 
1.02201 1.57139 -0.0324462 
0.750824 1.5642 0.121253 
0.751843 1.57654 0.117658 
0.759883 1.57079 -0.11746 
1.01835 1.56907 0.0408773 
1.01876 1.57877 0.0393697 
0.676601 1.57195 0.0691754 
0.867316 1.56391 -0.118633 
0.866297 1.57493 -0.121411 
0.931874 1.57075 0.101242 
0.660806 1.57443 -0.0175626 
0.971884 1.57108 -0.0759891 
0.82171 1.56995 0.129514 
0.701574 1.56504 -0.0894114 
0.700767 1.5781 -0.0933429 
1.03263 1.56365 -0.00769412 
1.03257 1.57324 -0.00907002 
0.721531 1.57225 0.107547 
0.792967 1.57229 -0.124268 
0.996243 1.56972 0.0625416 
0.665262 1.57369 0.0430613 
0.903052 1.56304 -0.108182 
0.902106 1.57371 -0.110683 
0.896683 1.56889 0.116101 
0.667486 1.56232 -0.0419537 
0.667061 1.57591 -0.0461459 
0.999925 1.56939 -0.0558039 
0.999464 1.57924 -0.057477 
0.786305 1.56377 0.129043 
0.787375 1.57566 0.125687 
0.727515 1.5646 -0.104255 
0.72659 1.57729 -0.108001 
1.03168 1.5639 0.0163537 
1.03184 1.57349 0.0149658 
0.696508 1.57174 0.0918996 
0.828489 1.56498 -0.123725 
0.827438 1.57641 -0.126782 
0.967324 1.56897 0.0825119 
0.968085 1.57907 0.0805426 
0.660204 1.5749 0.014154 
0.936982 1.57032 -0.0950516 
0.860594 1.56938 0.125663 
0.680305 1.56441 -0.0675233 
0.679674 1.5778 -0.0716138 
1.02086 1.56875 -0.0337847 
1.02059 1.57844 -0.0352679 
0.753361 1.56574 0.1215 
0.754395 1.57805 0.117922 
0.757323 1.57235 -0.117252 
1.01959 1.56635 0.0395711 
1.01996 1.57604 0.0380724 
0.677792 1.57292 0.0706564 
0.864227 1.56767 -0.120143 
0.863227 1.57872 -0.122945 
0.934053 1.56577 0.101084 
0.934937 1.57615 0.0988218 
0.660555 1.57548 -0.0156671 
0.969827 1.56697 -0.0766324 
0.969168 1.57706 -0.0785717 
0.824673 1.57266 0.128722 
0.699774 1.56602 -0.0883749 
0.698985 1.57911 -0.0923194 
1.03216 1.57093 -0.010557 
0.723737 1.57345 0.108194 
0.791277 1.56243 -0.121193 
0.790218 1.57429 -0.124504 
0.997994 1.56627 0.0615602 
0.998561 1.57613 0.0598638 
0.665923 1.57466 0.0448187 
0.899967 1.56767 -0.110221 
0.899042 1.57838 -0.11275 
0.898834 1.5628 0.116612 
0.899808 1.5735 0.114058 
0.666748 1.56327 -0.0402092 
0.666347 1.57687 -0.0444073 
0.998199 1.56598 -0.0567966 
0.997706 1.57584 -0.0584818 
0.789063 1.56576 0.128828 
0.790147 1.57762 0.12549 
0.725283 1.56579 -0.10363 
0.724373 1.57851 -0.107393 
1.03226 1.57117 0.0134829 
0.69826 1.57276 0.0929649 
0.825537 1.56773 -0.124546 
0.824502 1.57919 -0.127623 
0.9694 1.56484 0.081873 
0.970126 1.57493 0.0799175 
0.660261 1.56226 0.0203081 
0.660405 1.57596 0.0160557 
0.934811 1.56537 -0.0952329 
0.933986 1.57576 -0.0974742 
0.863713 1.5731 0.12417 
0.679045 1.56535 -0.0660659 
0.678435 1.57875 -0.070166 
1.01967 1.56607 -0.0351017 
1.01937 1.57576 -0.0365938 
0.75592 1.56731 0.12172 
0.754782 1.57389 -0.117018 
1.02078 1.56367 0.0382425 
1.02112 1.57335 0.0367526 
0.679026 1.57389 0.072112 
0.861148 1.57137 -0.121615 
0.937095 1.57124 0.0986296 
0.660463 1.56282 -0.00951507 
0.660338 1.57653 -0.0137657 
0.967768 1.5628 -0.0772431 
0.967074 1.57291 -0.0791963 
0.826572 1.56401 0.130969 
0.827655 1.57543 0.127885 
0.698012 1.567 -0.0873078 
1.03171 1.56861 -0.0120383 
1.03164 1.57821 -0.0134234 
0.725975 1.57467 0.108811 
0.78853 1.56436 -0.121374 
0.787486 1.57626 -0.124704 
0.999724 1.56288 0.060548 
1.00026 1.57272 0.0588637 
0.666625 1.57563 0.0465601 
0.896888 1.57225 -0.112237 
0.901943 1.56749 0.114517 
0.902939 1.57816 0.111991 
0.666049 1.56422 -0.0384487 
0.665672 1.57784 -0.0426524 
0.996453 1.5625 -0.0577582 
0.995929 1.57238 -0.0594554 
0.791836 1.56779 0.128576 
0.723082 1.56696 -0.102977 
1.03263 1.56887 0.0119945 
1.03277 1.57846 0.0106172 
0.700051 1.57378 0.0939993 
0.822603 1.57042 -0.125323 
0.972164 1.57085 0.07926 
0.66047 1.56331 0.0222022 
0.660641 1.57701 0.0179515 
0.931795 1.57075 -0.0976213 
0.865784 1.56587 0.125443 
0.866844 1.57688 0.122638 
0.677826 1.56628 -0.0645832 
1.01843 1.56333 -0.0363962 
1.01811 1.57304 -0.0378971 
0.758499 1.56889 0.121914 
0.753263 1.56306 -0.113189 
0.752262 1.5754 -0.116758 
1.02224 1.57071 0.0354114 
0.680303 1.57486 0.0735419 
0.859111 1.5639 -0.12021 
0.85808 1.57501 -0.123048 
0.939271 1.5664 0.0983902 
0.940139 1.57674 0.0961729 
0.660254 1.56388 -0.00760675 
0.660156 1.57759 -0.0118591 
0.964978 1.56871 -0.0797877 
0.964305 1.57884 -0.0817715 
0.829556 1.56688 0.130066 
0.830657 1.57827 0.127004 
0.696286 1.56797 -0.0862102 
1.0312 1.56628 -0.0135128 
1.0311 1.57588 -0.0149018 
0.727292 1.56324 0.113155 
0.728244 1.57591 0.109399 
0.785799 1.56626 -0.121521 
0.784769 1.57818 -0.124869 
1.00194 1.56937 0.0578332 
1.00249 1.5792 0.0561761 
0.666924 1.56301 0.0524824 
0.667367 1.5766 0.0482848 
0.894763 1.56603 -0.111659 
0.893815 1.57678 -0.114229 
0.90506 1.57223 0.1124 
0.665389 1.56518 -0.0366731 
0.665037 1.57881 -0.040882 
0.994132 1.56885 -0.0603978 
0.993627 1.57875 -0.0621224 
0.794626 1.56986 0.128288 
0.720913 1.56811 -0.102295 
1.03294 1.56657 0.0105015 
1.03306 1.57616 0.00912647 
0.70188 1.57481 0.0950028 
0.819688 1.57305 -0.126055 
0.974198 1.56682 0.0785704 
0.974911 1.57687 0.0766599 
0.660714 1.56436 0.0240894 
0.660912 1.57806 0.0198406 
0.929624 1.56566 -0.097719 
0.928781 1.57609 -0.100004 
0.868906 1.56975 0.12385 
0.67665 1.56722 -0.0630757 
1.01681 1.57026 -0.0391768 
0.761098 1.5705 0.12208 
0.75075 1.56452 -0.112885 
0.749763 1.57689 -0.116471 
1.02332 1.56812 0.0340501 
1.02365 1.57778 0.0325871 
0.680951 1.56247 0.0790336 
0.681622 1.57583 0.0749453 
0.856036 1.56745 -0.121581 
0.855023 1.57859 -0.124442 
0.942293 1.57196 0.0959017 
0.660079 1.56494 -0.00569438 
0.660008 1.57865 -0.0099482 
0.962883 1.56444 -0.0803453 
0.962174 1.57459 -0.0823432 
0.832559 1.56981 0.129119 
0.694599 1.56894 -0.0850822 
1.03063 1.56393 -0.0149795 
1.03051 1.57354 -0.0163727 
0.729578 1.56453 0.113699 
0.730545 1.57717 0.109959 
0.783083 1.56812 -0.121634 
1.00359 1.56609 0.0567723 
1.00411 1.5759 0.0551267 
0.667682 1.56398 0.0541837 
0.66815 1.57756 0.0499921 
0.891676 1.57047 -0.113598 
0.907208 1.56641 0.112746 
0.908183 1.57702 0.110262 
0.664767 1.56614 -0.0348829 
0.992317 1.56526 -0.0613088 
0.99178 1.57518 -0.0630461 
0.797433 1.57197 0.127963 
0.718776 1.56924 -0.101584 
1.03319 1.56428 0.00900494 
1.03329 1.57386 0.00763187 
0.702899 1.56282 0.0999026 
0.703745 1.57584 0.0959754 
0.81785 1.56408 -0.123613 
0.816791 1.57562 -0.126743 
0.976225 1.56285 0.0778492 
0.976905 1.57288 0.0759524 
0.660993 1.5654 0.0259687 
0.661218 1.57909 0.0217223 
0.926592 1.57093 -0.100065 
0.871006 1.56271 0.124988 
0.872037 1.57368 0.122221 
0.675515 1.56816 -0.0615442 
1.01547 1.56743 -0.0404318 
1.01513 1.57716 -0.0419627 
0.763716 1.57214 0.122218 
0.748259 1.56596 -0.112555 
0.747286 1.57836 -0.116158 
1.02435 1.56556 0.0326701 
1.02466 1.57521 0.0312146 
0.682292 1.56346 0.0804001 
0.682983 1.5768 0.0763218 
0.852973 1.57094 -0.122911 
0.944461 1.56726 0.0955862 
0.945314 1.57755 0.0934144 
0.659937 1.56601 -0.00377877 
0.960046 1.57029 -0.0828804 
0.83558 1.57281 0.128127 
0.692949 1.56991 -0.083924 
1.02986 1.57118 -0.0178348 
