0.800765 1.5708 0.0295475 
0.800815 1.57277 0.029014 
0.800867 1.57474 0.0284805 
0.800921 1.57671 0.0279472 
0.800977 1.57868 0.027414 
0.832872 1.56314 -0.0304496 
0.832585 1.5746 -0.0334091 
0.868913 1.56912 0.028176 
0.782478 1.5669 -0.00239265 
0.782463 1.57895 -0.00572749 
0.88074 1.56294 -0.0133092 
0.880603 1.5739 -0.0159008 
0.815977 1.56793 0.0357744 
0.815346 1.57023 -0.030315 
0.881042 1.56634 0.019815 
0.881222 1.5773 0.0172236 
0.782579 1.57025 0.00868178 
0.86826 1.57073 -0.0239847 
0.833303 1.56412 0.03844 
0.833622 1.57557 0.0354797 
0.800217 1.57083 -0.0247758 
0.887843 1.56804 0.00867198 
0.887941 1.57893 0.00613525 
0.788274 1.5627 0.0219514 
0.788435 1.57467 0.0186581 
0.852275 1.57187 -0.0302731 
0.851149 1.56824 0.0351248 
0.851474 1.5795 0.0323005 
0.789028 1.56647 -0.0147003 
0.788902 1.57844 -0.0179864 
0.888073 1.57135 -0.00342612 
0.799295 1.57017 0.0289067 
0.834788 1.56489 -0.0308833 
0.834512 1.57634 -0.0338285 
0.867315 1.56905 0.0290355 
0.782802 1.57098 -0.00482542 
0.881808 1.56221 -0.0120411 
0.881677 1.57317 -0.0146243 
0.814227 1.57056 0.0346531 
0.817118 1.57283 -0.0314085 
0.879927 1.56563 0.0210823 
0.880113 1.5766 0.0184819 
0.782261 1.56229 0.00957947 
0.78231 1.57434 0.00624247 
0.869832 1.57062 -0.0231077 
0.831382 1.56589 0.0379907 
0.831712 1.57737 0.0350162 
0.801894 1.5623 -0.0232698 
0.801659 1.57412 -0.0264603 
0.887398 1.56696 0.0101526 
0.8875 1.57786 0.00761221 
0.787418 1.56654 0.0197504 
0.787593 1.57852 0.016451 
0.854133 1.57258 -0.029956 
0.849264 1.56909 0.0353444 
0.789985 1.57026 -0.0168479 
0.888383 1.57025 -0.00193187 
0.797944 1.57355 0.0271373 
0.836711 1.56655 -0.0312395 
0.836446 1.57797 -0.0341704 
0.865676 1.56905 0.0298396 
0.783259 1.563 -0.00391244 
0.783197 1.57504 -0.00724145 
0.882683 1.57238 -0.013316 
0.81251 1.57328 0.0334593 
0.819194 1.56373 -0.0293662 
0.81892 1.57534 -0.0324282 
0.878749 1.56497 0.0223148 
0.878939 1.57595 0.019705 
0.782048 1.56638 0.00712972 
0.782112 1.57844 0.0037913 
0.87136 1.57043 -0.0221784 
0.829472 1.56777 0.0374639 
0.829813 1.57926 0.0344753 
0.80337 1.56554 -0.0249025 
0.803149 1.57734 -0.0280822 
0.886872 1.56592 0.0116199 
0.886978 1.57682 0.00907507 
0.786627 1.57042 0.0175106 
0.855971 1.5732 -0.0295697 
0.847365 1.57005 0.0354914 
0.791005 1.57401 -0.0189509 
0.88861 1.56914 -0.000429387 
0.796407 1.56512 0.028543 
0.796646 1.577 0.0253093 
0.838637 1.56809 -0.0315185 
0.838383 1.5795 -0.0344349 
0.863999 1.56914 0.0305863 
0.783709 1.56705 -0.00631186 
0.783661 1.57909 -0.00963748 
0.883619 1.57154 -0.0119782 
0.810535 1.56437 0.035324 
0.810827 1.57608 0.0321942 
0.821009 1.56616 -0.0303246 
0.820748 1.57776 -0.0333732 
0.877509 1.56437 0.0235102 
0.877705 1.57537 0.0208904 
0.781905 1.57049 0.0046709 
0.87284 1.57016 -0.0211991 
0.827574 1.56975 0.0368596 
0.804893 1.56871 -0.0264712 
0.886267 1.5649 0.0130713 
0.886378 1.57581 0.0105215 
0.785775 1.56233 0.0185465 
0.785903 1.57434 0.0152349 
0.85804 1.56252 -0.0263478 
0.857786 1.57372 -0.0291157 
0.845457 1.57112 0.0355647 
0.792245 1.56577 -0.0177445 
0.792087 1.5777 -0.0210067 
0.888754 1.56802 0.00107899 
0.888785 1.5789 -0.00145014 
0.79515 1.56862 0.0266675 
0.840566 1.56954 -0.0317204 
0.862288 1.56932 0.0312735 
0.784228 1.57108 -0.00868865 
0.884483 1.57066 -0.0106132 
0.808877 1.56725 0.0340007 
0.809183 1.57898 0.030859 
0.822848 1.5685 -0.0312077 
0.876211 1.56383 0.0246662 
0.876412 1.57484 0.0220361 
0.781817 1.56255 0.00554646 
0.781834 1.5746 0.00220639 
0.87427 1.56982 -0.020172 
0.825693 1.57183 0.0361783 
0.806461 1.57179 -0.0279745 
0.885584 1.56391 0.0145046 
0.885699 1.57482 0.0119492 
0.785103 1.56628 0.0162425 
0.785246 1.57829 0.0129262 
0.859822 1.56296 -0.0258415 
0.859575 1.57414 -0.0285958 
0.843541 1.57228 0.0355633 
0.793373 1.56942 -0.0197591 
0.888814 1.56689 0.00259093 
0.888849 1.57778 6.21757e-05 
0.793951 1.57217 0.024737 
0.842492 1.57088 -0.0318458 
0.860544 1.56959 0.0318993 
0.784911 1.56305 -0.00772299 
0.784816 1.57507 -0.0110397 
0.885273 1.56974 -0.00922309 
0.807259 1.5702 0.0326081 
0.824708 1.57075 -0.032015 
0.874856 1.56336 0.0257806 
0.875063 1.57438 0.0231396 
0.781802 1.56666 0.0030796 
0.781833 1.57872 -0.000260448 
0.875647 1.56941 -0.0190991 
0.823525 1.56245 0.0384539 
0.823829 1.57401 0.0354202 
0.808324 1.56306 -0.0262679 
0.808071 1.5748 -0.0294108 
0.884825 1.56295 0.0159175 
0.884944 1.57388 0.0133559 
0.7845 1.57025 0.013908 
0.861575 1.56331 -0.0252707 
0.861336 1.57447 -0.0280115 
0.841317 1.56219 0.0383866 
0.841619 1.57356 0.0354864 
0.794559 1.57302 -0.0217224 
0.888789 1.56576 0.00410409 
0.888828 1.57665 0.00157502 
0.792603 1.56386 0.0260154 
0.79281 1.57579 0.0227537 
0.844415 1.57211 -0.0318954 
0.858771 1.56995 0.0324618 
0.785552 1.56703 -0.0100499 
0.785472 1.57904 -0.0133618 
0.885988 1.56878 -0.00781032 
0.805682 1.57324 0.0311477 
0.826588 1.57289 -0.0327457 
0.873447 1.56296 0.026851 
0.87366 1.574 0.0241989 
0.781857 1.57077 0.000613244 
0.876969 1.56893 -0.0179827 
0.821671 1.5647 0.0376331 
0.821986 1.57629 0.0345859 
0.809961 1.56601 -0.0276478 
0.80972 1.57773 -0.0307787 
0.884115 1.57297 0.0147392 
0.783871 1.56223 0.0148713 
0.783966 1.57426 0.0115459 
0.863297 1.56356 -0.0246374 
0.863066 1.57471 -0.0273649 
0.839383 1.56354 0.038248 
0.839696 1.57493 0.0353334 
0.795994 1.56467 -0.0203978 
0.795803 1.57655 -0.0236322 
0.88868 1.56464 0.00561613 
0.888724 1.57552 0.00308606 
0.791508 1.56752 0.0239894 
0.791729 1.57946 0.0207199 
0.846331 1.57324 -0.0318697 
0.856971 1.57041 0.0329592 
0.786262 1.57097 -0.0123455 
0.886626 1.56778 -0.00637713 
0.88659 1.57869 -0.00892285 
0.803877 1.56456 0.0327995 
0.804149 1.57635 0.0296207 
0.828769 1.56343 -0.0304092 
0.828484 1.57494 -0.0333995 
0.871986 1.56263 0.0278752 
0.872205 1.57368 0.0252115 
0.782 1.56283 0.0014893 
0.781984 1.57488 -0.00184923 
0.878233 1.56838 -0.016825 
0.87811 1.57937 -0.0194367 
0.819839 1.56706 0.0367366 
0.820167 1.57866 0.0336761 
0.811635 1.56888 -0.0289584 
0.883214 1.5721 0.0160969 
0.783391 1.56626 0.0124881 
0.7835 1.57829 0.00915936 
0.864986 1.56373 -0.0239432 
0.864762 1.57485 -0.0266577 
0.837449 1.56501 0.0380326 
0.837772 1.57641 0.0351037 
0.797279 1.56816 -0.0222614 
0.888488 1.56352 0.0071247 
0.888535 1.57441 0.00459295 
0.790475 1.57123 0.0219147 
0.848513 1.56297 -0.0289289 
0.848238 1.57426 -0.0317698 
0.855146 1.57097 0.0333897 
0.787165 1.56288 -0.011307 
0.787038 1.57488 -0.0146069 
0.887185 1.56676 -0.00492582 
0.887153 1.57766 -0.00746714 
0.802377 1.56773 0.0312183 
0.830668 1.56539 -0.0309997 
0.830395 1.57688 -0.0339759 
0.870477 1.56238 0.028851 
0.870702 1.57344 0.0261754 
0.782183 1.56693 -0.000967378 
0.782181 1.57899 -0.00430445 
0.879437 1.56777 -0.0156283 
0.879319 1.57875 -0.0182305 
0.818033 1.5695 0.0357649 
0.813345 1.57166 -0.0301983 
0.882242 1.57128 0.0174267 
0.78298 1.57031 0.0100832 
0.866638 1.56381 -0.0231903 
0.866422 1.57491 -0.025892 
0.835518 1.56657 0.0377401 
0.835852 1.578 0.0347969 
0.798619 1.57159 -0.0240678 
0.888212 1.56241 0.00862745 
0.888263 1.5733 0.00609335 
0.78933 1.56303 0.0230794 
0.789503 1.57499 0.0197938 
0.850398 1.56391 -0.0287701 
0.850133 1.57519 -0.0315967 
0.853301 1.57162 0.0337519 
0.787993 1.56676 -0.0135374 
0.78788 1.57874 -0.0168312 
0.887664 1.5657 -0.00345868 
0.887637 1.5766 -0.00599625 
0.800924 1.57097 0.0295732 
0.832578 1.56726 -0.0315128 
0.832317 1.57873 -0.0344748 
0.868922 1.5622 0.0297762 
0.869154 1.57328 0.0270884 
0.782436 1.57103 -0.00341401 
0.880578 1.56711 -0.0143947 
0.880466 1.57807 -0.016988 
0.816254 1.57204 0.034719 
0.815363 1.56269 -0.0282761 
0.815089 1.57435 -0.0313665 
0.881201 1.57051 0.0187262 
0.782578 1.56233 0.0109944 
0.78264 1.57438 0.00765971 
0.868251 1.5638 -0.0223806 
0.868042 1.57489 -0.0250698 
0.833592 1.56824 0.0373702 
0.800234 1.56311 -0.0226121 
0.800011 1.57495 -0.025815 
0.887909 1.57221 0.00758492 
0.788408 1.56682 0.0209214 
0.788596 1.57879 0.0176292 
0.85227 1.56475 -0.0285391 
0.852014 1.57601 -0.0313516 
0.851436 1.57237 0.0340441 
0.788886 1.5706 -0.0157285 
0.888062 1.56463 -0.00197803 
0.888039 1.57552 -0.0045125 
0.799283 1.56244 0.0310788 
0.799521 1.57429 0.0278661 
0.834498 1.56902 -0.0319483 
0.867324 1.5621 0.0306485 
0.867562 1.5732 0.0279482 
0.782809 1.56306 -0.00251489 
0.78276 1.57511 -0.00584728 
0.881655 1.56638 -0.0131266 
0.881548 1.57734 -0.0157114 
0.814213 1.56301 0.0367024 
0.814506 1.57467 0.0335997 
0.817125 1.56531 -0.0293844 
0.816864 1.57695 -0.0324619 
0.880095 1.5698 0.0199933 
0.782293 1.56642 0.00855763 
0.78237 1.57847 0.00522097 
0.869823 1.5637 -0.0215162 
0.869621 1.57478 -0.0241931 
0.831675 1.57001 0.0369228 
0.801662 1.56642 -0.0243089 
0.801454 1.57824 -0.0275014 
0.887473 1.57114 0.00906534 
0.787551 1.57066 0.0187218 
0.854124 1.56549 -0.0282374 
0.853877 1.57672 -0.0310357 
0.849556 1.57323 0.034265 
0.790002 1.56243 -0.0145987 
0.789843 1.57439 -0.0178775 
0.888377 1.56354 -0.000486188 
0.888358 1.57443 -0.00301822 
0.797918 1.56581 0.029321 
0.79817 1.57767 0.0260985 
0.836424 1.57067 -0.0323064 
0.865684 1.56209 0.0314658 
0.865929 1.5732 0.0287527 
0.783188 1.56713 -0.00493439 
0.783153 1.57917 -0.00826389 
0.882664 1.5656 -0.0118262 
0.882562 1.57655 -0.0144029 
0.812485 1.56571 0.0355231 
0.81279 1.57739 0.0324079 
0.818915 1.56784 -0.0304192 
0.818667 1.57946 -0.0334836 
0.878924 1.56914 0.0212256 
0.782079 1.57051 0.00610832 
0.87135 1.56353 -0.0205992 
0.871155 1.57459 -0.0232642 
0.829767 1.57189 0.0363979 
0.80314 1.56966 -0.0259435 
0.886956 1.57009 0.0105323 
0.786618 1.56255 0.0197888 
0.786759 1.57454 0.0164834 
0.855958 1.56612 -0.0278662 
0.85572 1.57734 -0.0306505 
0.847363 1.56288 0.0372676 
0.847662 1.57419 0.0344135 
0.791008 1.56618 -0.0167105 
0.790862 1.57813 -0.0199819 
0.88861 1.56243 0.00101453 
0.888595 1.57332 -0.00151575 
0.796606 1.56924 0.0275043 
0.838355 1.57222 -0.0325871 
0.864007 1.56216 0.0322261 
0.864259 1.57329 0.0294999 
0.783637 1.57118 -0.00733453 
0.883603 1.56478 -0.0104957 
0.883506 1.57572 -0.013065 
0.810791 1.56849 0.0342723 
0.820733 1.57028 -0.0313795 
0.877692 1.56854 0.0224208 
0.781906 1.56256 0.00698932 
0.781935 1.57462 0.00364983 
0.872831 1.56328 -0.0196317 
0.872642 1.57433 -0.0222852 
0.827566 1.56235 0.0387991 
0.827873 1.57387 0.0357956 
0.804663 1.57282 -0.0275141 
0.88636 1.56907 0.0119834 
0.785879 1.56646 0.0175196 
0.786034 1.57846 0.014209 
0.85777 1.56667 -0.0274271 
0.85754 1.57787 -0.0301976 
0.845449 1.56393 0.0373568 
0.845758 1.57525 0.0344882 
0.792075 1.56989 -0.0187757 
0.888748 1.5722 -7.41562e-06 
0.79535 1.57274 0.0256306 
0.840576 1.56229 -0.0298896 
0.840287 1.57367 -0.0327908 
0.862294 1.56232 0.0329272 
0.862553 1.57347 0.0301878 
0.784237 1.56318 -0.00639043 
0.784155 1.5752 -0.00971212 
0.884471 1.56391 -0.0091373 
0.884379 1.57483 -0.0116998 
0.809134 1.57136 0.0329509 
0.822574 1.57262 -0.0322647 
0.876401 1.568 0.0235767 
0.876627 1.579 0.0209487 
0.781819 1.56667 0.00452553 
0.781863 1.57873 0.00118554 
0.874261 1.56295 -0.0186159 
0.874078 1.57399 -0.0212581 
0.825676 1.56441 0.0381336 
0.825994 1.57595 0.0351162 
0.806473 1.56415 -0.0258625 
0.806232 1.57591 -0.0290192 
0.885686 1.56808 0.0134164 
0.885825 1.579 0.0108623 
0.785207 1.5704 0.0152168 
0.859557 1.56711 -0.0269217 
0.859335 1.57829 -0.0296785 
0.843528 1.56507 0.0373714 
0.843846 1.57641 0.0344884 
0.793202 1.57354 -0.0207919 
0.888817 1.57107 0.00150444 
0.793931 1.56439 0.0269538 
0.794151 1.57629 0.0237019 
0.842496 1.56365 -0.0300311 
0.842218 1.57501 -0.0329179 
0.860549 1.56257 0.0335673 
0.860815 1.57374 0.0308143 
0.78481 1.56718 -0.00874661 
0.784742 1.5792 -0.012064 
0.885265 1.56299 -0.00775339 
0.885178 1.57391 -0.0103096 
0.807246 1.56257 0.0347146 
0.807517 1.57432 0.0315604 
0.824721 1.56331 -0.0300532 
0.824438 1.57487 -0.0330739 
0.875053 1.56753 0.024691 
0.875285 1.57855 0.0220523 
0.781802 1.57079 0.00205875 
0.87564 1.56256 -0.0175539 
0.875463 1.57357 -0.0201853 
0.823803 1.56657 0.0373912 
0.824133 1.57813 0.0343601 
0.808071 1.56718 -0.0273124 
0.807843 1.57892 -0.0304574 
0.884936 1.56713 0.0148289 
0.885079 1.57805 0.0122687 
0.784495 1.56236 0.0162042 
0.784603 1.57438 0.0128833 
0.861316 1.56746 -0.0263518 
0.861102 1.57862 -0.0290951 
0.841601 1.56632 0.0373106 
0.841929 1.57768 0.0344132 
0.794567 1.56523 -0.0195119 
0.794389 1.57714 -0.0227569 
0.888802 1.56994 0.00301748 
0.792776 1.56799 0.0249805 
0.844413 1.5649 -0.0300967 
0.844145 1.57624 -0.032969 
0.858773 1.56292 0.0341443 
0.859047 1.5741 0.0313777 
0.785451 1.57116 -0.0110746 
0.885902 1.57295 -0.0088967 
0.805657 1.56559 0.0332675 
0.805942 1.57735 0.0301019 
0.826591 1.56548 -0.0307997 
0.82632 1.57702 -0.0338065 
0.873651 1.56713 0.0257614 
0.873889 1.57816 0.0231115 
0.781861 1.56285 0.00293201 
0.781857 1.5749 -0.000407622 
0.876963 1.56209 -0.0164479 
0.876792 1.57309 -0.019069 
0.821951 1.56882 0.0365724 
0.809708 1.57013 -0.0286942 
0.88411 1.56621 0.0162187 
0.884259 1.57714 0.0136518 
0.783945 1.56636 0.013847 
0.784067 1.57839 0.0105222 
0.863044 1.56771 -0.0257192 
0.862838 1.57886 -0.0284492 
0.839671 1.56767 0.0371737 
0.840009 1.57906 0.0342619 
0.795797 1.56879 -0.0214323 
0.888702 1.56882 0.00452936 
0.791681 1.57165 0.0229561 
0.846324 1.56605 -0.030087 
0.846065 1.57737 -0.0329449 
0.85697 1.56335 0.0346564 
0.857252 1.57456 0.031876 
0.786274 1.56309 -0.0100648 
0.786159 1.5751 -0.0133713 
