1.02115 0.780752 0.0905385 
1.01752 0.789891 0.090639 
1.02089 0.782848 0.182946 
1.0177 0.792128 0.182389 
0.924376 0.778037 0.187991 
0.920466 0.787921 0.186731 
1.06773 0.784489 0.0825176 
1.06452 0.793365 0.0829346 
0.945053 0.782176 0.232873 
0.941603 0.792024 0.231532 
0.986807 0.783175 0.115945 
0.982983 0.79255 0.115602 
1.05119 0.781098 0.146237 
1.04806 0.790144 0.146103 
0.914388 0.776787 0.214896 
0.910584 0.786794 0.213429 
1.05237 0.785345 0.0762979 
0.976113 0.785408 0.218401 
0.952664 0.785268 0.147208 
1.06935 0.7793 0.111188 
1.06623 0.788195 0.11141 
0.919039 0.779006 0.231193 
0.915389 0.789021 0.229679 
1.02772 0.783329 0.0858979 
1.02413 0.792428 0.0860673 
1.01378 0.778758 0.191621 
1.01056 0.788088 0.19098 
0.926079 0.785867 0.179385 
1.06948 0.784634 0.0865184 
1.0663 0.793505 0.0869115 
0.939586 0.778286 0.234719 
0.93609 0.788167 0.233342 
0.996542 0.780309 0.108892 
0.992758 0.789612 0.108683 
1.0435 0.78457 0.155507 
1.04035 0.793678 0.155255 
0.913461 0.782254 0.208227 
0.909636 0.792262 0.206767 
1.05864 0.781464 0.0761639 
1.05532 0.790378 0.0765983 
0.970577 0.77675 0.224202 
0.967216 0.786404 0.2231 
0.961102 0.783955 0.139225 
0.957193 0.793523 0.138522 
1.06484 0.78375 0.119335 
1.06172 0.792686 0.119457 
0.91554 0.780683 0.227964 
0.911855 0.790718 0.226432 
1.03434 0.784671 0.0821022 
1.03081 0.79373 0.0823379 
1.00294 0.784792 0.199049 
0.932331 0.784189 0.171721 
0.928403 0.793999 0.170592 
1.07075 0.783685 0.0913914 
1.06759 0.792554 0.0917557 
0.930822 0.78545 0.234147 
1.00644 0.776747 0.102227 
1.0027 0.785979 0.102153 
1.03823 0.779114 0.16498 
1.03506 0.788259 0.164653 
0.917055 0.778501 0.202314 
0.913193 0.788465 0.200923 
1.06138 0.785215 0.0774182 
1.0581 0.79412 0.0778417 
0.961565 0.778935 0.22795 
0.958177 0.788658 0.22676 
0.969953 0.782451 0.13135 
0.966064 0.79195 0.130774 
1.06266 0.778759 0.127852 
1.05954 0.787712 0.127918 
0.912631 0.783396 0.223777 
0.908914 0.793447 0.222234 
1.04096 0.784726 0.0791892 
1.03749 0.793745 0.079488 
0.994911 0.782384 0.20646 
0.991647 0.791861 0.2056 
0.939191 0.782779 0.163833 
0.935256 0.792527 0.162808 
1.07145 0.781709 0.0971131 
1.06831 0.790578 0.0974435 
0.925879 0.783856 0.23394 
0.922319 0.793839 0.232449 
1.01276 0.781524 0.096083 
1.00907 0.790718 0.096081 
1.02911 0.783117 0.173973 
1.02593 0.792335 0.173521 
0.917456 0.785358 0.194468 
1.06712 0.778852 0.0791353 
1.06387 0.787721 0.0795984 
0.952485 0.782399 0.230616 
0.949071 0.792193 0.229338 
0.979154 0.780634 0.123654 
0.975293 0.790063 0.123209 
1.05655 0.782358 0.136855 
1.05343 0.791362 0.136811 
0.914117 0.777076 0.220183 
0.910349 0.787096 0.218688 
1.04752 0.783472 0.0771825 
1.0441 0.79245 0.0775404 
0.98653 0.780994 0.213086 
0.983237 0.790533 0.212139 
0.94662 0.781527 0.155808 
0.942685 0.79121 0.154895 
1.07152 0.778792 0.103649 
1.06839 0.787665 0.10394 
0.921339 0.783369 0.232718 
0.917739 0.793379 0.231201 
1.01924 0.785252 0.0906716 
1.02256 0.778407 0.183066 
1.01935 0.787671 0.182533 
0.922406 0.78284 0.187498 
0.918505 0.792745 0.186209 
1.06926 0.780167 0.0822418 
1.06605 0.789028 0.0826851 
0.946876 0.777314 0.233492 
0.943415 0.787143 0.232176 
0.988642 0.77838 0.116208 
0.984815 0.787737 0.115895 
1.05279 0.776788 0.146143 
1.04965 0.785819 0.146034 
0.91251 0.78169 0.214267 
0.908717 0.791717 0.212772 
1.05396 0.78091 0.0760927 
1.05059 0.789849 0.0765051 
0.977865 0.780731 0.218821 
0.974544 0.790334 0.217785 
0.954573 0.78032 0.147732 
0.950645 0.789938 0.146936 
1.06777 0.783922 0.111194 
1.06465 0.792832 0.11139 
0.917275 0.783971 0.230487 
0.913637 0.794006 0.228947 
1.02941 0.778743 0.085854 
1.02583 0.787827 0.0860529 
1.01224 0.783597 0.191172 
1.00902 0.792943 0.190508 
0.928019 0.780808 0.18011 
0.924098 0.790657 0.178912 
1.071 0.78033 0.0862412 
1.06782 0.789188 0.0866603 
0.937922 0.783252 0.23402 
0.934439 0.793152 0.232618 
0.994566 0.784847 0.108901 
1.04511 0.78023 0.15547 
1.04196 0.789322 0.155242 
0.915397 0.777158 0.209045 
0.911562 0.787145 0.207612 
1.06021 0.777068 0.0759204 
1.05689 0.785967 0.0763822 
0.968985 0.781674 0.223579 
0.965635 0.791346 0.222454 
0.962997 0.779044 0.139684 
0.959082 0.788593 0.139011 
1.06638 0.77948 0.119134 
1.06327 0.788402 0.11928 
0.91375 0.785642 0.227263 
1.03601 0.780125 0.0820123 
1.03248 0.789168 0.0822772 
1.00464 0.780262 0.199292 
1.0014 0.789663 0.198543 
0.934269 0.779156 0.172399 
0.930333 0.788945 0.171299 
1.07227 0.779398 0.0911156 
1.06911 0.788253 0.0915055 
0.932673 0.780502 0.234857 
0.929144 0.790435 0.233422 
1.00449 0.781262 0.102295 
1.00075 0.790512 0.102189 
1.03668 0.783882 0.164677 
1.03353 0.793042 0.164327 
0.915128 0.78336 0.201742 
0.911276 0.793346 0.200322 
1.06294 0.780842 0.0771661 
1.05966 0.789733 0.0776167 
0.95996 0.783876 0.227297 
0.956584 0.793617 0.226084 
0.971831 0.777579 0.131741 
0.967938 0.787059 0.131196 
1.0611 0.783427 0.12776 
1.05798 0.792394 0.127802 
0.914544 0.778318 0.224601 
0.910816 0.788348 0.223084 
1.0426 0.780219 0.0790544 
1.03913 0.789223 0.079382 
0.99663 0.777811 0.206755 
0.993357 0.78727 0.20592 
0.941123 0.777774 0.164459 
0.937181 0.787502 0.163464 
1.07297 0.777437 0.0968414 
1.06983 0.786293 0.0971973 
0.927746 0.778876 0.23468 
0.924175 0.788839 0.233215 
1.01452 0.776857 0.0961481 
1.01083 0.786035 0.0961762 
1.03075 0.778715 0.174036 
1.02757 0.787917 0.173609 
0.919397 0.780268 0.195256 
0.915513 0.790205 0.193912 
1.06542 0.78337 0.0793401 
1.06218 0.792253 0.0797756 
0.954292 0.777582 0.231188 
0.950867 0.787357 0.229935 
0.977148 0.785214 0.12356 
1.05813 0.778066 0.136721 
1.055 0.787056 0.136702 
0.912267 0.781999 0.219527 
0.90851 0.79204 0.218006 
1.04914 0.779004 0.0770047 
1.04572 0.787968 0.0773909 
0.984967 0.785896 0.212513 
0.944602 0.786218 0.155495 
1.06992 0.783391 0.103701 
1.06679 0.792279 0.103967 
0.92322 0.778358 0.233487 
0.919608 0.788348 0.231995 
1.02097 0.780621 0.0906898 
1.01733 0.78976 0.0907885 
1.02101 0.783223 0.182665 
1.01782 0.792502 0.182109 
0.92435 0.777769 0.18825 
0.92044 0.787654 0.18699 
1.06758 0.784698 0.0824228 
1.06437 0.793575 0.0828391 
0.945233 0.782272 0.232807 
0.941784 0.792119 0.231468 
0.986648 0.782934 0.116173 
0.982823 0.79231 0.115828 
1.05124 0.781502 0.145952 
1.0481 0.790548 0.145819 
0.910638 0.786603 0.213624 
1.05219 0.785407 0.0763144 
0.976291 0.785648 0.218217 
0.952551 0.78498 0.147476 
1.0693 0.779656 0.110966 
1.06618 0.788551 0.111187 
0.919167 0.778933 0.231281 
0.915518 0.788947 0.229767 
1.02753 0.783233 0.0860243 
1.02395 0.792334 0.0861919 
1.01392 0.779113 0.191351 
1.01069 0.788443 0.190712 
0.926034 0.785588 0.179651 
1.06935 0.784877 0.0863965 
1.06617 0.793749 0.0867889 
0.93976 0.778347 0.234684 
0.936266 0.788227 0.233308 
0.996376 0.780089 0.109104 
0.99259 0.789394 0.108893 
1.04356 0.784974 0.155217 
1.04042 0.794082 0.154966 
0.913494 0.782039 0.208443 
0.909669 0.792048 0.206982 
1.05847 0.781564 0.0761529 
1.05514 0.790479 0.076586 
0.970758 0.776955 0.224045 
0.967398 0.786608 0.222945 
0.960975 0.783673 0.139486 
0.957065 0.793242 0.138781 
1.06481 0.784125 0.119092 
1.0617 0.793061 0.119214 
0.915651 0.780578 0.228081 
0.911967 0.790612 0.22655 
1.03415 0.784614 0.0822024 
1.03062 0.793674 0.0824364 
1.00309 0.785124 0.198797 
0.932268 0.783902 0.171992 
0.92834 0.793713 0.170862 
1.07063 0.78396 0.0912428 
1.06748 0.792829 0.0916067 
0.930989 0.785477 0.234144 
1.00253 0.785786 0.102347 
1.03831 0.779513 0.164688 
1.03515 0.788657 0.164363 
0.917068 0.778266 0.202547 
0.913206 0.78823 0.201156 
1.06121 0.785353 0.0773787 
0.961748 0.779104 0.227822 
0.958362 0.788826 0.226634 
0.969814 0.782178 0.131603 
0.965924 0.791678 0.131025 
1.06265 0.779148 0.127591 
1.05953 0.788102 0.127657 
0.912724 0.783261 0.223922 
0.909007 0.793311 0.222379 
1.04078 0.784708 0.0792622 
1.0373 0.793729 0.0795594 
0.995072 0.782689 0.206226 
0.991809 0.792165 0.205368 
0.93911 0.782488 0.164106 
0.935175 0.792236 0.16308 
1.07136 0.782014 0.0969386 
1.06822 0.790884 0.0972687 
0.926036 0.783849 0.233967 
0.922477 0.793831 0.232477 
1.01258 0.781359 0.096257 
1.00889 0.790555 0.0962531 
1.02921 0.783506 0.173684 
1.02604 0.792724 0.173233 
0.91745 0.785105 0.194715 
1.06696 0.779026 0.0790688 
1.06372 0.787895 0.079531 
0.952668 0.782532 0.230519 
0.949256 0.792325 0.229243 
0.979005 0.780375 0.123896 
0.975142 0.789804 0.123449 
1.05657 0.782757 0.13658 
1.05345 0.791761 0.136537 
0.91419 0.776912 0.220354 
0.910422 0.786932 0.218859 
1.04734 0.783493 0.0772279 
1.04392 0.792473 0.0775843 
0.9867 0.781268 0.212876 
0.983409 0.790806 0.211929 
0.946523 0.781235 0.15608 
0.942587 0.790919 0.155165 
1.07145 0.779123 0.103449 
1.06832 0.787997 0.10374 
0.921483 0.783328 0.232776 
0.917884 0.793338 0.231259 
1.01906 0.78512 0.0908224 
1.02268 0.778782 0.182785 
1.01948 0.788046 0.182253 
0.92238 0.782573 0.187756 
0.918479 0.792478 0.186467 
1.06911 0.780375 0.0821477 
1.06591 0.789238 0.0825903 
0.947056 0.777412 0.233425 
0.943597 0.787239 0.232111 
0.988483 0.778138 0.116436 
0.984655 0.787497 0.116122 
1.05283 0.777192 0.145858 
1.04969 0.786223 0.14575 
0.912564 0.781499 0.214462 
0.908771 0.791527 0.212967 
1.05378 0.780971 0.0761103 
1.05041 0.789911 0.0765214 
0.978042 0.780971 0.218636 
0.974722 0.790574 0.217602 
0.954461 0.780031 0.148 
0.950532 0.789649 0.147203 
1.06771 0.784277 0.110971 
1.0646 0.793188 0.111168 
0.917404 0.783898 0.230574 
0.913767 0.793933 0.229035 
1.02923 0.778647 0.0859817 
1.02565 0.787732 0.0861788 
1.01237 0.783952 0.190903 
1.00916 0.793298 0.190241 
0.927975 0.78053 0.180376 
0.924053 0.790379 0.179178 
1.07087 0.780573 0.08612 
1.06769 0.789431 0.0865384 
0.938098 0.783313 0.233984 
0.934616 0.793212 0.232584 
0.994399 0.784627 0.109113 
0.990614 0.79395 0.10887 
1.04517 0.780633 0.15518 
1.04202 0.789726 0.154953 
0.915431 0.776944 0.20926 
0.911596 0.786931 0.207827 
1.06004 0.777167 0.0759103 
1.05672 0.786067 0.076371 
0.969166 0.78188 0.223422 
0.965818 0.79155 0.222299 
0.962871 0.778761 0.139947 
0.958955 0.788311 0.139272 
1.06636 0.779855 0.118891 
1.06324 0.788777 0.119038 
0.913862 0.785538 0.22738 
1.03582 0.780066 0.0821137 
1.0323 0.789111 0.0823769 
1.00479 0.780594 0.199038 
1.00155 0.789995 0.19829 
0.934206 0.778869 0.172671 
0.93027 0.788659 0.17157 
1.07215 0.779673 0.0909676 
1.069 0.788528 0.0913571 
0.93284 0.780529 0.234852 
0.929313 0.790461 0.233418 
1.00431 0.781067 0.10249 
1.00057 0.790318 0.102382 
1.03677 0.784281 0.164386 
1.03361 0.793441 0.164037 
0.915141 0.783125 0.201975 
0.91129 0.79311 0.200555 
1.06277 0.780979 0.0771276 
1.05949 0.789871 0.0775771 
0.960144 0.784045 0.22717 
0.95677 0.793785 0.225959 
0.971693 0.777306 0.131995 
0.967799 0.786787 0.131448 
1.06109 0.783816 0.1275 
1.05797 0.792784 0.127542 
0.914637 0.778184 0.224745 
0.91091 0.788213 0.223229 
1.04242 0.7802 0.0791287 
1.03895 0.789205 0.0794547 
0.99679 0.778117 0.206521 
0.993519 0.787575 0.205686 
0.941043 0.777483 0.164733 
0.9371 0.787212 0.163737 
1.07288 0.777741 0.0966674 
1.06974 0.786597 0.097023 
0.927902 0.77887 0.234706 
0.924332 0.788831 0.233242 
1.01434 0.776691 0.0963234 
1.01065 0.78587 0.0963496 
1.03086 0.779104 0.173747 
1.02768 0.788306 0.173321 
0.919391 0.780016 0.195503 
0.915507 0.789952 0.194159 
1.06526 0.783543 0.0792735 
1.06202 0.792428 0.0797082 
0.954474 0.777716 0.23109 
0.951051 0.78749 0.229839 
0.976998 0.784956 0.123801 
1.05815 0.778466 0.136446 
1.05502 0.787455 0.136428 
0.91234 0.781835 0.219698 
0.908584 0.791876 0.218176 
1.04896 0.779025 0.0770513 
1.04554 0.78799 0.077436 
0.985137 0.78617 0.212303 
0.944505 0.785927 0.155766 
1.06984 0.783722 0.103502 
1.06672 0.792611 0.103768 
0.923363 0.778319 0.233543 
0.919753 0.788308 0.232052 
1.02079 0.780488 0.090842 
1.01715 0.789629 0.0909388 
1.02114 0.783598 0.182384 
1.01794 0.792877 0.18183 
0.924325 0.777502 0.188508 
0.920415 0.787387 0.187248 
1.06744 0.784907 0.0823287 
1.06423 0.793785 0.0827442 
0.945414 0.782369 0.232741 
0.941967 0.792215 0.231402 
0.986489 0.782692 0.116401 
0.982663 0.792069 0.116054 
1.05128 0.781906 0.145668 
1.04814 0.790952 0.145536 
0.910692 0.786413 0.213818 
1.05201 0.785468 0.0763318 
0.976468 0.785889 0.218033 
0.952439 0.784691 0.147743 
1.06925 0.780011 0.110743 
1.06613 0.788907 0.110965 
0.919296 0.778861 0.231367 
0.915647 0.788874 0.229855 
1.02735 0.783137 0.0861516 
1.02376 0.792238 0.0863174 
1.01405 0.77947 0.191081 
1.01083 0.788799 0.190443 
0.92599 0.78531 0.179917 
1.06922 0.785119 0.0862753 
1.06604 0.793992 0.0866672 
0.939935 0.77841 0.234647 
0.936442 0.788289 0.233273 
0.99621 0.779869 0.109317 
0.992422 0.789174 0.109105 
1.04363 0.785378 0.154927 
0.913528 0.781825 0.208658 
0.909704 0.791834 0.207197 
1.05829 0.781663 0.0761426 
1.05497 0.790579 0.0765746 
0.970939 0.777162 0.223887 
0.96758 0.786813 0.222788 
0.960849 0.78339 0.139748 
0.956938 0.79296 0.139041 
1.06478 0.7845 0.118849 
1.06167 0.793437 0.118971 
0.915763 0.780474 0.228197 
0.912079 0.790508 0.226667 
1.03397 0.784556 0.0823035 
1.03044 0.793617 0.0825357 
1.00324 0.785457 0.198543 
0.932205 0.783616 0.172263 
0.928277 0.793427 0.171132 
1.07052 0.784234 0.091095 
1.06736 0.793104 0.0914585 
0.931157 0.785504 0.234139 
1.00236 0.785591 0.102541 
1.0384 0.779912 0.164396 
1.03523 0.789056 0.164072 
0.917082 0.778031 0.20278 
0.91322 0.787995 0.201388 
1.06105 0.78549 0.07734 
0.961931 0.779274 0.227694 
0.958546 0.788995 0.226507 
0.969675 0.781905 0.131856 
0.965785 0.791406 0.131276 
1.06265 0.779538 0.12733 
1.05953 0.788491 0.127397 
0.912817 0.783126 0.224066 
0.909102 0.793176 0.222524 
1.04059 0.784689 0.0793361 
1.03711 0.793711 0.0796317 
0.995232 0.782995 0.205992 
0.991971 0.79247 0.205135 
0.93903 0.782197 0.164379 
0.935094 0.791946 0.163352 
1.07126 0.782317 0.0967648 
1.06812 0.791188 0.0970947 
0.926193 0.783843 0.233993 
0.922636 0.793824 0.232504 
1.01241 0.781194 0.0964317 
1.00872 0.79039 0.0964259 
1.02932 0.783896 0.173396 
1.02614 0.793113 0.172946 
0.917444 0.784853 0.194962 
1.06681 0.779198 0.0790031 
1.06356 0.788068 0.0794645 
0.952852 0.782665 0.230421 
0.949441 0.792457 0.229146 
0.978856 0.780115 0.124139 
0.974992 0.789546 0.123689 
1.05659 0.783156 0.136306 
1.05347 0.792161 0.136264 
0.914264 0.776749 0.220524 
0.910497 0.786769 0.219029 
1.04716 0.783514 0.0772741 
1.04373 0.792495 0.0776291 
0.98687 0.781544 0.212664 
0.98358 0.791081 0.21172 
0.946426 0.780943 0.156352 
0.94249 0.790628 0.155436 
1.07137 0.779454 0.103251 
1.06824 0.788329 0.103542 
0.921627 0.783289 0.232832 
0.918029 0.793298 0.231316 
1.01888 0.784988 0.090974 
1.0228 0.779158 0.182503 
1.0196 0.788421 0.181973 
0.922355 0.782306 0.188015 
0.918454 0.792211 0.186725 
1.06897 0.780583 0.0820544 
1.06576 0.789446 0.0824963 
0.947236 0.77751 0.233358 
0.943778 0.787336 0.232044 
0.988325 0.777896 0.116666 
0.984496 0.787255 0.116349 
1.05287 0.777597 0.145574 
1.04973 0.786627 0.145466 
0.912618 0.78131 0.214656 
0.908826 0.791337 0.213161 
1.05361 0.781031 0.0761288 
1.05023 0.789972 0.0765385 
0.978219 0.781213 0.218451 
0.9749 0.790815 0.217418 
0.954349 0.779742 0.148269 
0.950419 0.789361 0.14747 
1.06766 0.784633 0.11075 
1.06454 0.793543 0.110946 
