1.22519 0.00552787 -0.0136201 
1.2313 0.000357857 0.0107658 
1.23118 0.0081075 0.0137557 
1.22387 0.00418443 0.0150901 
1.22919 0.00135361 -0.0168282 
1.22762 0.00572961 0.030107 
1.22454 0.00143023 -0.0113584 
1.23147 0.0031431 0.00617773 
1.22412 0.00708495 0.0211926 
1.22827 0.00154204 -0.0188618 
1.22858 0.00563905 0.0283883 
1.22413 0.00448502 -0.00543171 
1.23141 0.00596346 0.00155015 
1.22473 0.00277721 0.0236942 
1.22732 0.000785591 -0.0199557 
1.22747 0.00855495 -0.0169492 
1.22946 0.00644156 0.0257789 
1.22382 0.00709968 0.00094969 
1.23109 0.000836871 -0.00587841 
1.23111 0.00858736 -0.00288584 
1.22524 0.00699573 0.0284606 
1.22655 0.00682881 -0.0170678 
1.23042 0.000266575 0.0194041 
1.23021 0.00802077 0.0223947 
1.22372 0.00169862 0.00454041 
1.23056 0.0030415 -0.00990529 
1.22612 0.00430312 0.0293422 
1.22568 0.00415217 -0.0162362 
1.23097 0.00246516 0.0154058 
1.22375 0.00408392 0.0111643 
1.22985 0.00463258 -0.0133259 
1.22707 0.00256029 0.0292757 
1.22493 0.00060168 -0.0145283 
1.22503 0.00838346 -0.0115086 
1.23132 0.00508384 0.0109856 
1.22389 0.00669329 0.017562 
1.229 0.00544933 -0.0159792 
1.22803 0.00179218 0.0282367 
1.22443 0.00408746 -0.00904401 
1.2315 0.000154218 0.00337181 
1.23144 0.00790277 0.00636237 
1.22438 0.00195471 0.0204963 
1.22808 0.00537464 -0.0177471 
1.22897 0.00196981 0.0262544 
1.22403 0.00699558 -0.00296485 
1.23135 0.0029412 -0.00122447 
1.22481 0.00562961 0.0258151 
1.22714 0.00434116 -0.0185607 
1.22981 0.00301169 0.0234096 
1.22379 0.0017346 0.00048081 
1.23098 0.0054661 -0.00556471 
1.22561 0.00230672 0.0273298 
1.22622 0.00233461 -0.0184034 
1.23051 0.00478803 0.0198314 
1.2237 0.00409761 0.00712424 
1.2304 0.00751454 -0.00943482 
1.22623 0.00765791 0.0309497 
1.22551 0.0071739 -0.0142955 
1.23102 0.00712744 0.0156899 
1.22374 0.00652448 0.013706 
1.22955 0.00114153 -0.0156458 
1.2272 0.00619263 0.0306021 
1.2248 0.00339524 -0.0123547 
1.23143 0.00207725 0.0081982 
1.2241 0.00145179 0.0169751 
1.22867 0.00170969 -0.0180562 
1.22817 0.00569927 0.0292849 
1.22431 0.00669703 -0.00667968 
1.23147 0.00491118 0.00355899 
1.22445 0.00466173 0.0227662 
1.22773 0.00136159 -0.0195563 
1.22909 0.0061336 0.0270426 
1.22393 0.00168753 -0.00349152 
1.23127 0.00764645 -0.000986213 
1.22515 0.000765429 0.0248568 
1.22489 0.00854659 0.0278686 
1.22678 4.50431e-05 -0.020092 
1.22694 0.00781716 -0.0170833 
1.22991 0.00739986 0.0239706 
1.22374 0.0041438 0.00305321 
1.23081 0.00230456 -0.00820497 
1.22573 0.00547081 0.0291327 
1.22604 0.00553816 -0.0166494 
1.23076 0.00160313 0.0172209 
1.22368 0.00650193 0.00970267 
1.23017 0.00417835 -0.0119051 
1.22665 0.0033181 0.0294751 
1.22524 0.0023465 -0.0153016 
1.2312 0.00406896 0.0129543 
1.22389 0.00120123 0.0131993 
1.22938 0.00534124 -0.0149015 
1.22762 0.00213609 0.0288489 
1.22467 0.0061311 -0.0101209 
1.23142 0.00683069 0.00838956 
1.22415 0.00403797 0.0193688 
1.22848 0.0056567 -0.017057 
1.22857 0.0019187 0.0272605 
1.22416 0.00147742 -0.00729521 
1.23144 0.00191132 0.000763002 
1.22451 0.00742455 0.0249779 
1.22754 0.00503564 -0.0182812 
1.22946 0.0026064 0.0247691 
1.22387 0.00413987 -0.000964479 
1.23117 0.00457501 -0.00371336 
1.22525 0.00375052 0.0268431 
1.2266 0.00344097 -0.0185351 
1.23023 0.00408926 0.0214839 
1.22369 0.00654494 0.00563425 
1.23067 0.00685067 -0.00780789 
1.22612 0.000934384 0.0278517 
1.22583 0.00871056 0.0308568 
1.22573 0.000889461 -0.0178326 
1.22586 0.00866707 -0.0148177 
1.23082 0.00621258 0.0175586 
1.22377 0.00112874 0.00924438 
1.2299 0.000781974 -0.0143173 
1.23 0.00853833 -0.0113208 
1.22678 0.00683193 0.0309215 
1.22509 0.0052324 -0.0132223 
1.23134 0.00103567 0.0101937 
1.22392 0.00369456 0.0156878 
1.22906 0.00171116 -0.0170856 
1.22776 0.00592774 0.0300139 
1.22446 0.00102885 -0.0108537 
1.23148 0.003841 0.00558486 
1.22419 0.00666963 0.021715 
1.22814 0.00176195 -0.0189821 
1.2287 0.00597654 0.028156 
1.22407 0.00400462 -0.00484615 
1.23138 0.00664654 0.000971448 
1.22483 0.00246409 0.0241144 
1.22719 0.000860024 -0.0199309 
1.22734 0.00863008 -0.0169237 
1.22957 0.00690401 0.0254217 
1.2238 0.006571 0.00158495 
1.23102 0.00147075 -0.00640919 
1.22535 0.00680592 0.0287562 
1.22642 0.00675863 -0.0168969 
1.23051 0.000833049 0.0189438 
1.2303 0.00858679 0.021934 
1.22372 0.00115504 0.00519141 
1.23046 0.00359516 -0.0103568 
1.22625 0.00425197 0.029499 
1.22557 0.00394489 -0.0159278 
1.23104 0.00310777 0.014869 
1.22377 0.00355978 0.0117963 
1.22973 0.00507946 -0.0136715 
1.2272 0.00265496 0.0292867 
1.22483 0.000273107 -0.0140977 
1.22494 0.00805539 -0.0110775 
1.23135 0.0057709 0.0104039 
1.22395 0.00622174 0.0181411 
1.22887 0.0057689 -0.0161981 
1.22817 0.00203175 0.028103 
1.22435 0.00366053 -0.00851304 
1.23149 0.000851415 0.00277943 
1.23144 0.00860001 0.00577002 
1.22446 0.00156641 0.0209921 
1.22795 0.00555354 -0.0178259 
1.22909 0.00234533 0.0259847 
1.22398 0.00649805 -0.00236159 
1.23131 0.00361352 -0.0017928 
1.22492 0.00534991 0.0262012 
1.227 0.0043738 -0.0184934 
1.22991 0.00350666 0.0230205 
1.22377 0.00119806 0.00112408 
1.23091 0.00608013 -0.00607555 
1.22573 0.00215589 0.027587 
1.22609 0.00222351 -0.0181922 
1.23059 0.00537921 0.0193459 
1.22371 0.00355612 0.0077733 
1.23022 0.000285475 -0.0128534 
1.2303 0.00804024 -0.00985809 
1.22636 0.00764796 0.0310647 
1.2254 0.00693011 -0.0139498 
1.23121 3.59762e-05 0.0121467 
1.23107 0.0077861 0.0151366 
1.22378 0.00601212 0.0143261 
1.22943 0.00155331 -0.015957 
1.22733 0.00632906 0.0305707 
1.22471 0.00303594 -0.0118926 
1.23145 0.00277086 0.0076099 
1.22416 0.00100138 0.0175334 
1.22854 0.00198952 -0.0182362 
1.2283 0.00597884 0.0291105 
1.22424 0.00624683 -0.00612476 
1.23145 0.00560482 0.00297001 
1.22454 0.00430216 0.0232328 
1.22759 0.00149831 -0.0195937 
1.22921 0.00654517 0.0267363 
1.22389 0.00117529 -0.00287346 
1.2312 0.000555526 -0.00453334 
1.23121 0.00830546 -0.0015412 
1.22526 0.000521325 0.0252079 
1.225 0.00830191 0.0282191 
1.22665 3.54079e-05 -0.019983 
1.2268 0.00780821 -0.0169737 
1.23022 0.000169691 0.0205599 
1.23001 0.00792488 0.0235508 
1.22373 0.00360234 0.00370175 
1.23073 0.00289587 -0.00869371 
1.22585 0.0053594 0.0293498 
1.22592 0.00538766 -0.0163979 
1.23083 0.00221704 0.0167129 
1.22369 0.00596534 0.0103469 
1.23006 0.0046735 -0.0122986 
1.22679 0.00335043 0.0295485 
1.22513 0.0020671 -0.0149205 
1.23124 0.00474122 0.0123876 
1.22394 0.00070356 0.0138049 
1.22378 0.00849092 0.0168283 
1.22925 0.005717 -0.0151763 
1.22776 0.00231471 0.0287761 
1.22458 0.00574305 -0.00962921 
1.23143 0.00752788 0.00779747 
1.22422 0.00361082 0.0199035 
1.22835 0.00589653 -0.0171965 
1.2287 0.00223803 0.027047 
1.2241 0.00100604 -0.00671911 
1.23142 0.00259844 0.000180236 
1.2246 0.0070957 0.0254132 
1.2274 0.00513061 -0.0182762 
1.22958 0.00305307 0.0244283 
1.22383 0.00361584 -0.000334124 
1.23111 0.00521772 -0.00425254 
1.22537 0.00354293 0.0271571 
1.22647 0.00339015 -0.0183842 
1.23032 0.00464277 0.0210362 
1.22369 0.00600137 0.00628512 
1.23058 0.00741729 -0.00827176 
1.22625 0.00086389 0.0280285 
1.22596 0.00863941 0.0310329 
1.22561 0.00069997 -0.0175426 
1.22574 0.00847819 -0.0145271 
1.23089 0.00684636 0.0170304 
1.22379 0.000599973 0.00988105 
1.22367 0.00838805 0.0129064 
1.22978 0.00124462 -0.014679 
1.22691 0.00690607 0.0309523 
1.22499 0.00491957 -0.0128071 
1.23137 0.0017187 0.00961624 
1.22397 0.00321399 0.0162762 
1.22893 0.00204888 -0.0173232 
1.22789 0.00614739 0.0298994 
1.22439 0.00061376 -0.0103352 
1.22445 0.00839845 -0.00731178 
1.23148 0.00453891 0.00499189 
1.22427 0.00626802 0.0222237 
1.228 0.00196036 -0.019081 
1.22883 0.00633386 0.0279038 
1.22402 0.00351491 -0.00425108 
1.23134 0.00732442 0.000397865 
1.22493 0.00216833 0.0245171 
1.22705 0.000912473 -0.019884 
1.2272 0.00868323 -0.0168762 
1.22968 0.00738351 0.0250475 
1.22377 0.0060379 0.00222478 
1.23096 0.00209451 -0.00692995 
1.22547 0.00663614 0.0290317 
1.22629 0.0066672 -0.0167047 
1.23059 0.0014128 0.0184701 
1.22373 0.000612203 0.00584177 
1.22365 0.00840056 0.00886842 
1.23037 0.00413439 -0.0107939 
1.22638 0.00422242 0.0296342 
1.22545 0.00371825 -0.0155998 
1.23109 0.00375916 0.0143234 
1.22381 0.0030415 0.0124224 
1.22961 0.0055084 -0.0139991 
1.22734 0.0027716 0.0292758 
1.22484 0.00771092 -0.0106298 
1.23138 0.00646171 0.00981839 
1.22401 0.00576082 0.0187095 
1.22874 0.00606806 -0.0163967 
1.2283 0.00229246 0.027948 
1.22428 0.00322108 -0.00796936 
1.23148 0.0015471 0.00218845 
1.22455 0.00119295 0.0214731 
1.22781 0.00571067 -0.0178829 
1.22921 0.00273999 0.0256959 
1.22394 0.00599258 -0.00175021 
1.23127 0.00427918 -0.00235457 
1.22502 0.00508843 0.0265691 
1.22687 0.00438454 -0.0184042 
1.23002 0.00401769 0.0226152 
1.22375 0.000658587 0.00177044 
1.2237 0.00844678 0.00479756 
1.23083 0.00668274 -0.00657505 
1.22586 0.00202567 0.0278235 
1.22597 0.00209158 -0.01796 
1.23067 0.00598245 0.0188482 
1.22372 0.00301685 0.00842023 
1.23011 0.000795115 -0.0132617 
1.2302 0.00855041 -0.0102659 
1.2265 0.00765984 0.0311577 
1.22529 0.0066677 -0.0135853 
1.23126 0.000702247 0.0115862 
1.23112 0.00845214 0.014576 
1.22382 0.00550703 0.0149389 
1.22931 0.00194632 -0.0162496 
1.22747 0.00648735 0.0305174 
1.22462 0.00266127 -0.0114149 
1.23146 0.00346671 0.00701927 
1.22423 0.000562905 0.0180798 
1.22403 0.00834877 0.0210999 
1.22841 0.00224842 -0.0183953 
1.22843 0.00627911 0.0289154 
1.22418 0.00578536 -0.00555839 
1.23143 0.00629545 0.00238395 
1.22463 0.00395849 0.0236835 
1.22746 0.0016131 -0.0196091 
1.22933 0.00697509 0.0264116 
1.22386 0.000656511 -0.00224868 
1.22385 0.00844409 0.000778099 
1.23115 0.00120617 -0.00508058 
1.22537 0.000296243 0.02554 
1.22511 0.00807625 0.0285505 
1.22652 4.06016e-06 -0.0198523 
1.22667 0.00777754 -0.0168423 
1.23032 0.000710199 0.0201256 
1.23011 0.0084649 0.0231161 
1.22372 0.00305942 0.00435187 
1.23064 0.00347449 -0.00916985 
1.22598 0.00526905 0.0295458 
1.2258 0.00521684 -0.0161261 
1.2309 0.00284171 0.0161941 
1.22371 0.00543244 0.0109875 
1.22995 0.00515209 -0.0126755 
1.22692 0.00340473 0.0295998 
1.22503 0.00176992 -0.0145215 
1.23128 0.0054194 0.0118149 
1.22399 0.000214562 0.014402 
1.22383 0.00800166 0.017425 
