1.03348 0.779545 0.0494413 
1.02982 0.788549 0.0499756 
1.0466 0.779079 0.188423 
1.0436 0.788199 0.187995 
0.871659 0.786293 0.213676 
1.1019 0.778974 0.0240903 
1.0989 0.787589 0.0251705 
0.939878 0.783639 0.268076 
0.936628 0.793582 0.266528 
0.950162 0.78181 0.120385 
0.946034 0.791392 0.119723 
1.10765 0.778014 0.0922979 
1.10481 0.786667 0.0928379 
0.868409 0.784274 0.26733 
1.04711 0.785316 0.0385276 
1.02625 0.784236 0.207723 
1.02323 0.793514 0.207044 
0.882918 0.780841 0.198621 
0.878812 0.791018 0.196956 
1.10823 0.780044 0.0298016 
1.1053 0.788631 0.0308477 
0.92403 0.780297 0.274276 
0.920704 0.790359 0.2726 
0.969643 0.779551 0.103383 
0.965578 0.788986 0.103012 
1.09819 0.780128 0.112874 
1.09533 0.788858 0.113213 
0.865767 0.778398 0.26031 
0.861984 0.788849 0.258265 
1.06435 0.778214 0.0292593 
1.06096 0.787029 0.0301487 
1.00734 0.782724 0.225626 
1.00427 0.792145 0.224735 
0.896085 0.776958 0.182406 
0.891929 0.786999 0.180941 
1.11364 0.77758 0.0381274 
1.11076 0.786145 0.0391279 
0.908378 0.780692 0.277228 
0.90498 0.790873 0.275428 
0.985788 0.785568 0.0866884 
1.08598 0.781566 0.134356 
1.08308 0.790391 0.134481 
0.861542 0.785855 0.248404 
1.07483 0.7845 0.0244241 
1.07157 0.793263 0.0253786 
0.987143 0.784462 0.240963 
0.984033 0.79404 0.239858 
0.906815 0.784183 0.164175 
1.11487 0.780179 0.0501319 
1.11203 0.788752 0.0510261 
0.893245 0.784553 0.27702 
1.00636 0.780566 0.0709583 
1.0025 0.789746 0.0711216 
1.07111 0.78319 0.156034 
1.06818 0.792128 0.155932 
0.863412 0.785502 0.236003 
1.08849 0.777837 0.0213405 
1.08535 0.786517 0.0224038 
0.969088 0.780471 0.254338 
0.965918 0.790185 0.25306 
0.923306 0.782156 0.146999 
0.919132 0.791953 0.145938 
1.11438 0.779452 0.0647691 
1.11155 0.788041 0.0655448 
0.882554 0.781342 0.275659 
0.878998 0.791711 0.273674 
1.02332 0.782393 0.0565663 
1.01958 0.791465 0.0569612 
1.0568 0.776698 0.177503 
1.05382 0.78574 0.177207 
0.871507 0.777125 0.223373 
0.867484 0.787436 0.22152 
1.0956 0.784555 0.0230685 
1.09255 0.793207 0.0241151 
0.950376 0.780638 0.264372 
0.94715 0.790497 0.262921 
0.941188 0.780446 0.1297 
0.937035 0.790096 0.128906 
1.10889 0.784447 0.0825688 
1.10606 0.793089 0.0831658 
0.87329 0.78121 0.271276 
0.869648 0.791638 0.269239 
1.04048 0.781121 0.0439094 
1.03688 0.790083 0.044528 
1.03745 0.78071 0.197732 
1.03444 0.7899 0.197189 
0.877678 0.781042 0.207211 
0.8736 0.791277 0.205464 
1.1053 0.778916 0.0263184 
1.10234 0.787514 0.0273899 
0.931288 0.785102 0.270831 
0.960186 0.77854 0.112501 
0.956083 0.788043 0.11199 
1.10372 0.77868 0.101756 
1.10086 0.787366 0.102207 
0.865813 0.784163 0.263824 
1.05421 0.785048 0.0341332 
1.05074 0.79393 0.0348991 
1.01936 0.77772 0.216818 
1.01631 0.787044 0.216067 
0.885729 0.786503 0.189957 
1.11124 0.778326 0.0332473 
1.10834 0.7869 0.0342793 
0.915468 0.783588 0.275453 
0.912118 0.79372 0.273702 
0.975961 0.785268 0.095367 
1.09297 0.780358 0.122855 
1.09009 0.789129 0.123098 
0.864205 0.779668 0.255433 
0.860386 0.790121 0.25339 
1.06807 0.784792 0.0269679 
1.06474 0.793593 0.0278681 
0.999843 0.777544 0.233735 
0.99674 0.787018 0.23277 
0.899704 0.783129 0.173493 
0.895544 0.793137 0.172082 
1.11322 0.782777 0.0438255 
1.11036 0.791355 0.0447575 
0.899992 0.785678 0.276873 
0.996353 0.781217 0.0792181 
0.992426 0.790466 0.079237 
1.07949 0.781778 0.14453 
1.07657 0.790652 0.144552 
0.864915 0.777978 0.244294 
0.861009 0.788393 0.242303 
1.08185 0.780312 0.0224678 
1.07865 0.789031 0.0234859 
0.979151 0.780973 0.247756 
0.97601 0.790609 0.246575 
0.915369 0.780772 0.156439 
0.911192 0.790637 0.155261 
1.11371 0.783787 0.0570183 
1.11088 0.792377 0.0578389 
0.888717 0.780812 0.277099 
0.885203 0.791138 0.275156 
1.01318 0.7844 0.0641061 
1.00937 0.79354 0.0643587 
1.06345 0.783743 0.166069 
1.0605 0.79274 0.165859 
0.867889 0.778783 0.230803 
0.863908 0.789143 0.228886 
1.09221 0.780459 0.0216935 
1.08911 0.789123 0.0227566 
0.960761 0.778875 0.259631 
0.957561 0.788651 0.258278 
0.932539 0.778991 0.139112 
0.92837 0.788709 0.13819 
1.11226 0.78164 0.0728115 
1.10943 0.790252 0.0735077 
0.878663 0.779031 0.274342 
0.87506 0.789422 0.272341 
1.03028 0.784822 0.0505512 
1.02661 0.793852 0.051033 
1.04814 0.777847 0.187192 
1.04514 0.786954 0.186783 
0.872983 0.781707 0.215452 
0.86894 0.791998 0.21363 
1.10217 0.776777 0.0235564 
1.09918 0.785387 0.0246506 
1.09617 0.794023 0.0256921 
0.941843 0.78104 0.268024 
0.93859 0.790965 0.266497 
0.950972 0.77729 0.121768 
0.946838 0.786862 0.121122 
1.10846 0.776906 0.090987 
1.10562 0.785552 0.091544 
0.87021 0.780338 0.268529 
0.866525 0.79078 0.266482 
1.04752 0.781865 0.0388823 
1.04398 0.790785 0.0395829 
1.02791 0.782841 0.206637 
1.02489 0.792105 0.205979 
0.880038 0.78637 0.198751 
1.10854 0.778077 0.0291138 
1.10561 0.786661 0.0301742 
0.926015 0.777419 0.274468 
0.922685 0.787462 0.272814 
0.966301 0.784573 0.104252 
0.962232 0.794036 0.103826 
1.09918 0.779085 0.111504 
1.09631 0.787807 0.111862 
0.863682 0.784711 0.259663 
1.06131 0.783871 0.0302884 
1.05791 0.792711 0.0311302 
1.0091 0.781128 0.224712 
1.00603 0.790534 0.223843 
0.893063 0.782329 0.1827 
0.888919 0.792402 0.18119 
1.11113 0.7844 0.0382978 
1.10825 0.792986 0.0392638 
0.910364 0.777552 0.277659 
0.906961 0.787714 0.27588 
0.986436 0.781306 0.0877526 
0.982454 0.790623 0.0876272 
1.08714 0.780529 0.132974 
1.08425 0.789344 0.133117 
0.863132 0.781553 0.249957 
0.859279 0.792004 0.247921 
1.07514 0.781638 0.0243509 
1.07187 0.790396 0.0253191 
0.98898 0.782612 0.240269 
0.985869 0.792174 0.239185 
0.907858 0.779517 0.165863 
0.903683 0.789448 0.164573 
1.11533 0.778655 0.0491401 
1.11248 0.787223 0.0500495 
0.895208 0.781166 0.277684 
0.891738 0.791446 0.275785 
1.00307 0.785664 0.0720085 
1.07243 0.782106 0.154684 
1.06951 0.791034 0.154602 
0.864893 0.781062 0.237677 
0.860958 0.791467 0.235702 
1.08562 0.783932 0.0221416 
1.08247 0.792635 0.0231627 
0.97099 0.77834 0.253881 
0.967818 0.788037 0.252624 
0.924255 0.777524 0.148585 
0.920075 0.78731 0.14754 
1.11496 0.778125 0.063633 
1.11213 0.786708 0.0644246 
0.884473 0.777737 0.276532 
0.880911 0.788087 0.27457 
1.02383 0.778537 0.0572432 
1.02009 0.787602 0.0576522 
1.0553 0.784563 0.175935 
1.05233 0.793622 0.175615 
0.868861 0.782891 0.223275 
0.864856 0.793233 0.221384 
1.09587 0.782227 0.0226297 
1.09282 0.790875 0.0236902 
0.952324 0.778204 0.264175 
0.949096 0.788045 0.262745 
0.937887 0.78552 0.130379 
1.10962 0.783272 0.081321 
1.10678 0.791909 0.0819347 
0.875139 0.77739 0.272361 
0.871491 0.787799 0.270345 
1.04092 0.777524 0.0443732 
1.03731 0.78648 0.0450057 
1.03905 0.779408 0.196561 
1.03604 0.788585 0.196039 
0.874877 0.786654 0.207259 
1.10559 0.776828 0.0257107 
1.10263 0.785423 0.0267964 
1.09965 0.794043 0.0278304 
0.933264 0.782364 0.270901 
0.929984 0.792357 0.269298 
0.956849 0.783566 0.113313 
0.952745 0.793098 0.112749 
1.10461 0.777611 0.100412 
1.10176 0.786289 0.100879 
0.867568 0.780134 0.265115 
0.863842 0.790588 0.263061 
1.05458 0.781734 0.0343851 
1.05111 0.790611 0.0351648 
1.01801 0.785556 0.215064 
0.886913 0.781844 0.191736 
0.88279 0.791979 0.190132 
1.10867 0.785036 0.0335315 
1.10576 0.79363 0.034528 
0.917455 0.780579 0.275765 
0.914101 0.790691 0.274036 
0.976649 0.780923 0.0965228 
0.972617 0.790308 0.096254 
1.09404 0.779326 0.121473 
1.09116 0.788088 0.121734 
0.862033 0.785898 0.254871 
1.0684 0.781775 0.0270045 
1.06506 0.790571 0.0279184 
0.998536 0.785302 0.231963 
0.900797 0.77846 0.175219 
0.896631 0.788456 0.173825 
1.11362 0.781138 0.0429184 
1.11076 0.789711 0.0438652 
0.901969 0.782415 0.277421 
0.898545 0.792646 0.275569 
0.996968 0.77704 0.0801911 
0.993036 0.78628 0.0802246 
1.08073 0.780726 0.143156 
1.07782 0.78959 0.143197 
0.862547 0.784018 0.243924 
1.08214 0.777586 0.0222956 
1.07893 0.7863 0.0233274 
0.981021 0.778997 0.247166 
0.977878 0.788617 0.246007 
0.912185 0.785974 0.156917 
1.11422 0.782357 0.0559643 
1.11138 0.790941 0.0568004 
0.890663 0.777326 0.277857 
0.887144 0.787632 0.275936 
1.01372 0.780421 0.0648933 
1.0099 0.789553 0.0651603 
1.06485 0.782622 0.16475 
1.0619 0.791607 0.164559 
0.865338 0.784645 0.230609 
1.09248 0.778 0.0213382 
1.08938 0.78666 0.0224151 
0.959485 0.786364 0.257959 
0.929271 0.784096 0.13973 
0.925105 0.793845 0.138757 
1.1129 0.780391 0.0716191 
1.11007 0.788997 0.0723315 
0.876945 0.7857 0.273331 
1.03076 0.781081 0.0511342 
1.02707 0.790104 0.0516301 
1.04668 0.78572 0.185562 
0.874317 0.777132 0.217218 
0.870268 0.787408 0.215414 
1.09945 0.783172 0.0241371 
1.09644 0.791804 0.0251926 
0.943807 0.778465 0.26795 
0.940551 0.788372 0.266444 
0.947651 0.78233 0.122523 
0.943517 0.791931 0.121823 
1.10642 0.784431 0.0902533 
1.10358 0.793095 0.0907815 
0.868327 0.786846 0.267682 
1.04793 0.778399 0.0392455 
1.04438 0.787313 0.0399598 
1.02956 0.78146 0.205539 
1.02654 0.79071 0.204901 
0.881273 0.781731 0.200539 
0.877175 0.791926 0.198849 
1.10591 0.784677 0.0295071 
1.10297 0.793282 0.030531 
0.924667 0.784588 0.273006 
0.967031 0.780156 0.105495 
0.962956 0.78961 0.105084 
1.10015 0.778041 0.110135 
1.09729 0.786755 0.110511 
0.865389 0.780592 0.261043 
0.861623 0.791052 0.258985 
1.06166 0.780697 0.0304368 
1.05826 0.789531 0.0312923 
1.01085 0.779548 0.223783 
1.00778 0.78894 0.222935 
0.894207 0.777666 0.184454 
0.890056 0.787726 0.182961 
1.11149 0.782643 0.0374743 
1.1086 0.791224 0.0384549 
0.908944 0.784577 0.276312 
0.98709 0.777037 0.0888213 
0.983102 0.786346 0.0887107 
1.08829 0.779494 0.131588 
1.0854 0.7883 0.131751 
0.864732 0.777267 0.251493 
0.860872 0.787701 0.249476 
1.07545 0.77876 0.0242859 
1.07218 0.787512 0.0252678 
0.990813 0.780782 0.239557 
0.9877 0.790327 0.238494 
0.904728 0.784775 0.166275 
1.11577 0.777119 0.048155 
1.11293 0.785682 0.0490797 
0.897174 0.777801 0.278326 
0.893699 0.788062 0.27645 
1.00365 0.781572 0.072901 
0.999771 0.790772 0.0730241 
1.07375 0.781028 0.153329 
1.07082 0.789945 0.153266 
0.862443 0.787026 0.237381 
1.0859 0.781332 0.0218868 
1.08275 0.790031 0.0229217 
0.969714 0.785911 0.252167 
0.921027 0.78267 0.149142 
0.916853 0.792486 0.148047 
1.11552 0.776787 0.0625029 
1.11269 0.785366 0.0633104 
1.10986 0.793969 0.0640707 
0.88283 0.784483 0.275444 
1.02059 0.783727 0.0583502 
1.01684 0.792818 0.0587057 
1.05676 0.783396 0.174655 
1.0538 0.792442 0.174355 
0.870247 0.778357 0.225019 
0.866236 0.788685 0.223145 
1.09614 0.779885 0.0221976 
1.09309 0.788529 0.023272 
0.951039 0.785617 0.262548 
0.938748 0.780943 0.131853 
0.934591 0.790613 0.131021 
1.11033 0.782091 0.0800776 
1.1075 0.790721 0.0807078 
0.873341 0.78398 0.271431 
1.03775 0.782862 0.0454914 
1.03413 0.791843 0.0460723 
1.04064 0.778119 0.19538 
1.03763 0.787283 0.194878 
0.876162 0.782042 0.209046 
0.872095 0.792295 0.207275 
1.10291 0.783317 0.0262092 
1.09994 0.791933 0.0272574 
0.935239 0.779649 0.27095 
0.931956 0.789624 0.269369 
0.957624 0.779087 0.114638 
0.953513 0.788609 0.114089 
1.10264 0.785208 0.0995539 
1.09979 0.793905 0.0999935 
0.8656 0.78656 0.264353 
1.05497 0.778403 0.0346457 
1.05149 0.787275 0.0354391 
1.01971 0.784083 0.214048 
1.01667 0.79341 0.213294 
0.888107 0.777194 0.193508 
0.883977 0.787316 0.191922 
1.109 0.783159 0.03279 
1.10609 0.791749 0.033801 
0.919442 0.777592 0.276056 
0.916084 0.787685 0.274349 
0.973307 0.78595 0.0974286 
1.09509 0.778294 0.120089 
1.09222 0.787047 0.120369 
0.863688 0.781693 0.256333 
0.859885 0.792157 0.254276 
1.06873 0.778741 0.0270498 
1.06539 0.787531 0.0279773 
1.00033 0.783605 0.231138 
0.997245 0.793081 0.230172 
0.897727 0.783781 0.175564 
0.893572 0.793809 0.174123 
1.11402 0.779486 0.0420179 
1.11115 0.788054 0.0429796 
0.903947 0.779173 0.277948 
0.900519 0.789385 0.276117 
0.993653 0.782087 0.0812172 
0.989713 0.791355 0.0811958 
1.08196 0.779678 0.141778 
1.07905 0.788532 0.141838 
0.864093 0.779659 0.245528 
0.860202 0.790087 0.243522 
1.07922 0.783552 0.0231767 
1.076 0.792289 0.0241648 
0.982887 0.777043 0.246557 
0.979742 0.786646 0.245419 
0.913188 0.781316 0.158572 
0.909012 0.7912 0.157361 
1.11472 0.780915 0.0549168 
1.11188 0.789494 0.0557683 
0.88909 0.784148 0.276695 
1.01045 0.785556 0.0659682 
1.06624 0.781508 0.163423 
1.06329 0.790482 0.163252 
0.866777 0.780162 0.232319 
0.862809 0.790537 0.230383 
1.08965 0.784182 0.0220807 
1.08654 0.792864 0.0231164 
0.961406 0.784101 0.257619 
0.958228 0.793878 0.256264 
0.930181 0.779485 0.141271 
0.926009 0.789222 0.140314 
1.11353 0.779133 0.070432 
1.1107 0.787733 0.0711606 
0.878836 0.781998 0.274301 
0.875252 0.792394 0.272292 
1.03124 0.777327 0.0517249 
1.02755 0.786343 0.0522347 
1.04821 0.784496 0.18433 
1.04523 0.793607 0.183918 
0.871604 0.78283 0.217188 
0.867572 0.793138 0.215343 
1.09973 0.780943 0.0236301 
1.09671 0.78957 0.0246996 
0.94251 0.785802 0.26637 
0.948472 0.777797 0.123926 
0.944332 0.787388 0.123241 
1.10721 0.783305 0.0889659 
1.10437 0.791962 0.089511 
0.870138 0.782931 0.268862 
0.866471 0.79338 0.266805 
1.0448 0.783825 0.0403452 
1.04124 0.792763 0.041009 
1.03121 0.780092 0.204427 
1.02818 0.789329 0.20381 
0.882517 0.777101 0.20232 
0.878412 0.787282 0.200647 
1.10621 0.78268 0.0288464 
1.10327 0.79128 0.0298845 
0.926649 0.781737 0.273177 
0.92334 0.791781 0.27152 
0.963688 0.78518 0.106346 
1.10112 0.776996 0.108767 
1.09825 0.785701 0.10916 
0.863333 0.786934 0.260366 
1.06202 0.777506 0.030594 
1.05861 0.786334 0.0314631 
1.0126 0.777986 0.222839 
1.00952 0.787362 0.222011 
0.891202 0.783057 0.184727 
0.887064 0.793148 0.183189 
1.11184 0.780873 0.0366574 
1.10896 0.789449 0.0376526 
0.910929 0.781462 0.276721 
0.907548 0.791625 0.274939 
0.983759 0.782062 0.0897985 
0.979764 0.791399 0.0896328 
1.08943 0.778462 0.130201 
1.08654 0.787259 0.130382 
0.862475 0.783416 0.251015 
0.858638 0.793878 0.248964 
1.07248 0.784613 0.0252249 
1.0692 0.793388 0.0261614 
0.992642 0.778971 0.238825 
0.989527 0.788502 0.237784 
0.905782 0.780107 0.167975 
0.90161 0.790057 0.166655 
1.11337 0.784129 0.0481164 
1.11052 0.792712 0.049008 
0.895664 0.784698 0.277093 
1.00424 0.777471 0.073799 
1.00035 0.786663 0.0739367 
1.07506 0.779955 0.151969 
1.07213 0.788862 0.151925 
0.863936 0.7826 0.239045 
0.860015 0.793019 0.237053 
1.08618 0.778717 0.0216396 
1.08302 0.78741 0.0226882 
0.971608 0.783809 0.25169 
0.968457 0.793506 0.250432 
0.921988 0.778032 0.150742 
0.917807 0.787837 0.149664 
1.11325 0.784012 0.0622022 
1.11042 0.79261 0.0629783 
0.884755 0.7809 0.276298 
0.881212 0.791254 0.274328 
1.02111 0.779841 0.059055 
1.01735 0.788924 0.0594247 
1.05822 0.782237 0.173366 
1.05526 0.791271 0.173086 
0.867624 0.784149 0.224896 
1.09642 0.777529 0.0217722 
1.09336 0.786168 0.0228605 
0.952982 0.783212 0.262329 
0.949774 0.793054 0.260897 
0.935455 0.786026 0.132512 
1.11103 0.780902 0.0788387 
1.1082 0.789525 0.0794855 
0.875199 0.780182 0.272495 
0.87157 0.790596 0.270471 
1.0382 0.77923 0.0459851 
1.03457 0.788205 0.0465799 
1.04223 0.776841 0.194187 
1.03921 0.785992 0.193705 
0.877456 0.77744 0.210823 
0.873382 0.787678 0.209071 
1.1032 0.781199 0.0256284 
1.10022 0.78981 0.0266907 
0.937214 0.776958 0.270977 
0.933927 0.786914 0.269417 
0.95429 0.784118 0.115433 
0.950178 0.79367 0.11483 
