0.774666 1.5708 0.0508467 
0.774747 1.57282 0.0502799 
0.77483 1.57484 0.0497133 
0.774914 1.57686 0.0491467 
0.775001 1.57887 0.0485803 
0.828217 1.57238 -0.0598072 
0.898637 1.56511 0.0457597 
0.899035 1.57588 0.0432914 
0.743598 1.56424 0.000235919 
0.74358 1.57677 -0.00339012 
0.907265 1.56565 -0.0339101 
0.906972 1.57635 -0.036303 
0.817436 1.57165 0.0628809 
0.783537 1.5709 -0.050593 
0.927394 1.56931 0.0175026 
0.752495 1.56918 0.0319613 
0.86518 1.5698 -0.0543943 
0.86501 1.5621 0.0608182 
0.865507 1.5732 0.0580833 
0.752571 1.57251 -0.027361 
0.927405 1.56385 -0.0121006 
0.92729 1.57437 -0.0143289 
0.783492 1.57115 0.0549566 
0.817318 1.57084 -0.0588221 
0.907235 1.56714 0.0396479 
0.907597 1.57783 0.0372503 
0.743552 1.56484 0.0080435 
0.743609 1.57737 0.00441685 
0.898684 1.5675 -0.0398753 
0.898354 1.57828 -0.042338 
0.828384 1.57023 0.0637757 
0.77504 1.56306 -0.0441462 
0.774627 1.57519 -0.0475403 
0.930221 1.56524 0.0113071 
0.930324 1.57572 0.00910024 
0.757887 1.571 0.0380318 
0.854519 1.5637 -0.0553637 
0.854024 1.57492 -0.0581707 
0.875986 1.56937 0.0556073 
0.748406 1.57381 -0.0205844 
0.922853 1.56956 -0.0201304 
0.792774 1.56465 0.0601445 
0.793282 1.57655 0.0568743 
0.806771 1.56753 -0.0564476 
0.806295 1.57927 -0.0596105 
0.91485 1.5705 0.0328005 
0.744761 1.56552 0.0157474 
0.744892 1.57803 0.0121294 
0.889328 1.56781 -0.0449425 
0.888956 1.57868 -0.04748 
0.839567 1.57073 0.0632414 
0.767015 1.56637 -0.0400417 
0.766665 1.5786 -0.0434946 
0.931418 1.57202 0.00272562 
0.764473 1.57344 0.0432929 
0.843279 1.5667 -0.0576835 
0.842789 1.57804 -0.0605762 
0.886109 1.56752 0.0518482 
0.886577 1.57841 0.0492803 
0.74562 1.56225 -0.00967956 
0.745497 1.57476 -0.0132903 
0.917071 1.56376 -0.025399 
0.916838 1.57436 -0.0277117 
0.803206 1.57132 0.0608823 
0.796697 1.5626 -0.052746 
0.796209 1.57447 -0.0559821 
0.921038 1.56444 0.0276371 
0.921277 1.57501 0.0253527 
0.747229 1.5664 0.0231596 
0.747433 1.57888 0.0195595 
0.879387 1.56639 -0.0489499 
0.878969 1.57735 -0.0515654 
0.850858 1.57322 0.0612711 
0.760053 1.56895 -0.0350165 
0.930811 1.56837 -0.00367253 
0.930805 1.57885 -0.00587339 
0.771743 1.56444 0.0510679 
0.772172 1.5766 0.0476456 
0.832102 1.56768 -0.058574 
0.831612 1.57914 -0.0615504 
0.895699 1.56746 0.0469749 
0.896126 1.57826 0.0444838 
0.743897 1.56295 -0.00202861 
0.743848 1.57548 -0.00565236 
0.909829 1.56739 -0.0323511 
0.909563 1.57807 -0.0347237 
0.813652 1.56764 0.0635807 
0.814215 1.57929 0.0604628 
0.786719 1.56823 -0.0510897 
0.926098 1.56994 0.0196691 
0.750959 1.5676 0.0301012 
0.869042 1.56303 -0.0517298 
0.868573 1.5741 -0.054425 
0.86159 1.56659 0.0606657 
0.862122 1.57772 0.0579058 
0.754249 1.5709 -0.029159 
0.928528 1.56443 -0.00991362 
0.928437 1.57493 -0.0121329 
0.780384 1.56854 0.054377 
0.821115 1.56671 -0.0580265 
0.820621 1.57829 -0.061084 
0.90457 1.56899 0.041158 
0.74343 1.56355 0.00577155 
0.743455 1.57609 0.00214406 
0.90154 1.56973 -0.0385979 
0.824497 1.56567 0.0649084 
0.825054 1.5772 0.0618696 
0.777518 1.57282 -0.0483723 
0.929453 1.56567 0.0135723 
0.929579 1.57616 0.011359 
0.755937 1.56926 0.03641 
0.857939 1.56876 -0.0559022 
0.872188 1.56214 0.058589 
0.872668 1.57317 0.0559097 
0.749665 1.57234 -0.022586 
0.924495 1.57039 -0.0180738 
0.789906 1.5736 0.0566443 
0.810442 1.56391 -0.0560738 
0.809939 1.57562 -0.0592094 
0.912526 1.57191 0.0345554 
0.744216 1.56419 0.0135305 
0.744315 1.57671 0.0099085 
0.892409 1.5706 -0.0439985 
0.835616 1.56557 0.0648164 
0.836172 1.57698 0.0618599 
0.769599 1.5643 -0.0412103 
0.769222 1.5765 -0.0446442 
0.931237 1.57237 0.00503085 
0.762128 1.57149 0.0419481 
0.846712 1.5725 -0.0587357 
0.882916 1.57066 0.052578 
0.746332 1.57339 -0.015443 
0.919144 1.56494 -0.0235327 
0.918937 1.57553 -0.0258287 
0.799632 1.56795 0.0610434 
0.799687 1.57128 -0.0559838 
0.919098 1.56546 0.0296073 
0.919362 1.57604 0.027307 
0.746259 1.56499 0.0210585 
0.746432 1.57748 0.0174514 
0.882631 1.56979 -0.0483952 
0.846884 1.56744 0.0632849 
0.847444 1.57873 0.0604133 
0.762268 1.5671 -0.0364773 
0.761955 1.57939 -0.0399649 
0.931202 1.56874 -0.00137964 
0.931219 1.57922 -0.00357734 
0.769062 1.56221 0.0500484 
0.769463 1.5744 0.0466066 
0.83602 1.5628 -0.0572064 
0.8355 1.57422 -0.0601527 
0.892693 1.57 0.0480744 
0.744259 1.57417 -0.00789761 
0.912288 1.56898 -0.0307045 
0.809923 1.56378 0.0641521 
0.810458 1.57548 0.0610063 
0.789991 1.56545 -0.0514738 
0.789538 1.57739 -0.054759 
0.924636 1.57066 0.0217919 
0.749564 1.56608 0.0281731 
0.749809 1.57853 0.02459 
0.872388 1.56713 -0.0516202 
0.871953 1.57817 -0.0542906 
0.858169 1.57133 0.0603381 
0.756066 1.56924 -0.0308803 
0.929474 1.56493 -0.00769151 
0.929406 1.57542 -0.00990309 
0.777377 1.56603 0.0536866 
0.777842 1.57812 0.0503052 
0.824958 1.56242 -0.0570994 
0.824435 1.57395 -0.0601279 
0.901814 1.571 0.0425707 
0.743449 1.56226 0.00349508 
0.743443 1.5748 -0.000132173 
0.904314 1.57179 -0.0372162 
0.82118 1.57286 0.0628402 
0.780512 1.57035 -0.0490967 
0.928503 1.56616 0.0158116 
0.928653 1.57666 0.0135903 
0.754125 1.56758 0.0347055 
0.861856 1.56242 -0.0535114 
0.861366 1.57356 -0.056262 
0.868816 1.56614 0.0587564 
0.869329 1.57721 0.0560521 
0.751066 1.57083 -0.0245266 
0.925977 1.57112 -0.0159661 
0.786616 1.57077 0.0562989 
0.81364 1.57182 -0.0586817 
0.909767 1.5628 0.0386076 
0.910087 1.57347 0.0362294 
0.743813 1.56288 0.0112887 
0.743881 1.57541 0.0076638 
0.895806 1.56238 -0.0404478 
0.89543 1.57319 -0.042932 
0.83222 1.57205 0.0632702 
0.772301 1.56215 -0.0422783 
0.771896 1.57431 -0.0456924 
0.9308 1.56226 0.00952943 
0.930864 1.57273 0.00732737 
0.759914 1.56961 0.0405091 
0.85065 1.56677 -0.0567637 
0.850169 1.57803 -0.0596008 
0.879219 1.56305 0.0557901 
0.879683 1.57401 0.0531661 
0.74731 1.57199 -0.0175525 
0.92108 1.566 -0.0215991 
0.920898 1.57657 -0.0238795 
0.796131 1.5647 0.0610835 
0.796647 1.57656 0.0578376 
0.803236 1.56796 -0.0558652 
0.917021 1.5666 0.031513 
0.91731 1.5772 0.0291958 
0.745433 1.56361 0.018913 
0.745574 1.57612 0.0152998 
0.886254 1.56208 -0.0451389 
0.885835 1.57298 -0.047699 
0.843455 1.57319 0.0622646 
0.764611 1.56519 -0.0378457 
0.76427 1.57745 -0.0413162 
0.931402 1.56909 0.000923758 
0.766873 1.57229 0.0454652 
0.839417 1.56911 -0.0586202 
0.889626 1.57274 0.0490518 
0.744812 1.57285 -0.0101192 
0.914633 1.57043 -0.0289756 
0.806759 1.57182 0.0614235 
0.793347 1.56256 -0.0517437 
0.792867 1.57446 -0.0550042 
0.923015 1.57147 0.0238656 
0.748313 1.56459 0.0261824 
0.748527 1.57706 0.0225902 
0.875714 1.57098 -0.0513509 
0.854217 1.56512 0.0626482 
0.854753 1.57634 0.0598315 
0.758019 1.56753 -0.0325205 
0.930237 1.56538 -0.0054401 
0.930193 1.57587 -0.00764553 
0.774476 1.56361 0.052887 
0.774913 1.57574 0.0494844 
0.82829 1.56944 -0.0590386 
0.898593 1.56242 0.0463495 
0.898975 1.57319 0.0438799 
0.743574 1.57351 -0.00240516 
0.907307 1.56298 -0.0333443 
0.906998 1.57368 -0.0357362 
0.817352 1.56867 0.0636794 
0.783606 1.56779 -0.049712 
0.927376 1.56671 0.018019 
0.927549 1.57722 0.0157883 
0.752453 1.56595 0.0329228 
0.752738 1.57836 0.0293607 
0.865246 1.56699 -0.0537212 
0.864792 1.5781 -0.0564468 
0.86543 1.5704 0.0587582 
0.752608 1.56928 -0.0264005 
0.927294 1.57177 -0.0138129 
0.783417 1.56804 0.0558395 
0.817394 1.56786 -0.0580257 
0.816909 1.57949 -0.0611107 
0.907196 1.56448 0.0402158 
0.907542 1.57517 0.037817 
0.74359 1.57411 0.00540191 
0.898731 1.56481 -0.039288 
0.898384 1.57559 -0.0417495 
0.828302 1.5673 0.0645464 
0.828871 1.57878 0.061536 
0.774684 1.57204 -0.0466371 
0.930215 1.56265 0.0118161 
0.930303 1.57313 0.00960899 
0.757833 1.5678 0.0389793 
0.854086 1.57208 -0.0574686 
0.875921 1.5666 0.0562551 
0.876417 1.57759 0.0536064 
0.748431 1.57057 -0.0196127 
0.922871 1.56694 -0.0196034 
0.922713 1.5775 -0.0218693 
0.793195 1.57348 0.057733 
0.806851 1.5645 -0.0556245 
0.806357 1.57625 -0.0587866 
0.914814 1.56786 0.0333489 
0.915128 1.57848 0.0310138 
0.74475 1.56226 0.0167293 
0.74486 1.57478 0.0131111 
0.889382 1.56509 -0.0443315 
0.888993 1.57596 -0.0468678 
0.839486 1.56783 0.0639835 
0.840055 1.5792 0.0610564 
0.76708 1.5632 -0.0391188 
0.76671 1.57543 -0.0425712 
0.93141 1.56943 0.00323143 
0.764407 1.57026 0.0442236 
0.843358 1.56382 -0.0569536 
0.84285 1.57515 -0.0598451 
0.886053 1.56479 0.0524699 
0.886504 1.57568 0.0499006 
0.74551 1.5715 -0.0123108 
0.916857 1.57173 -0.0271697 
0.803124 1.56829 0.0617163 
0.796276 1.57141 -0.0551328 
0.921241 1.57239 0.0258846 
0.747205 1.56315 0.0241349 
0.747389 1.57563 0.0205346 
0.87945 1.56363 -0.0483135 
0.879015 1.5746 -0.0509278 
0.850776 1.57036 0.061984 
0.760107 1.56575 -0.0340757 
0.759803 1.57807 -0.0375792 
0.930814 1.56578 -0.00316539 
0.930793 1.57626 -0.00536619 
0.772095 1.57345 0.0485569 
0.832182 1.56476 -0.0578153 
0.831673 1.57622 -0.0607906 
0.89565 1.56476 0.0475721 
0.89606 1.57556 0.0450796 
0.743848 1.57221 -0.00466818 
0.909866 1.56474 -0.0317918 
0.909584 1.57541 -0.0341634 
0.813575 1.56465 0.0643885 
0.814119 1.5763 0.0612695 
0.786794 1.56513 -0.0502166 
0.786348 1.57712 -0.0535251 
0.926077 1.56734 0.0201888 
0.926273 1.57786 0.0179473 
0.750922 1.56437 0.0310667 
0.751177 1.5768 0.0274934 
0.86863 1.57131 -0.0537607 
0.861522 1.56377 0.0613507 
0.862037 1.57491 0.0585895 
0.754292 1.56768 -0.0282029 
0.928437 1.57233 -0.0116198 
0.780315 1.56542 0.0552675 
0.780788 1.57747 0.0519072 
0.821198 1.56374 -0.0572397 
0.820685 1.57533 -0.0602962 
0.904526 1.56632 0.0417326 
0.904899 1.57704 0.0393126 
0.743442 1.57282 0.00312948 
0.901581 1.56705 -0.0380177 
0.901263 1.5778 -0.0404569 
0.824423 1.56272 0.0656888 
0.824961 1.57425 0.0626489 
0.77758 1.56969 -0.0474762 
0.929445 1.56308 0.0140834 
0.929555 1.57357 0.0118696 
0.755889 1.56605 0.0373625 
0.756214 1.57841 0.0338254 
0.85801 1.56593 -0.0552104 
0.857535 1.57711 -0.0579913 
0.872595 1.57039 0.056566 
0.749695 1.5691 -0.0216178 
0.924509 1.56778 -0.017551 
0.924376 1.57832 -0.0198036 
0.789824 1.57052 0.0575113 
0.810007 1.57261 -0.0583945 
0.912484 1.56926 0.0351096 
0.744289 1.57345 0.0108917 
0.892456 1.56788 -0.0433952 
0.892098 1.57873 -0.0459078 
0.835543 1.56266 0.0655684 
0.836081 1.57407 0.0626107 
0.769273 1.57334 -0.0437273 
0.931225 1.56978 0.00553712 
0.762068 1.5683 0.0428847 
0.846781 1.56963 -0.0580147 
0.882853 1.56791 0.0532078 
0.883336 1.57883 0.0506142 
0.74635 1.57014 -0.0144657 
0.919174 1.56231 -0.0229968 
0.918951 1.5729 -0.025292 
0.799556 1.5649 0.0618861 
0.800081 1.57672 0.0586651 
0.79976 1.56823 -0.0551431 
0.919074 1.56283 0.030145 
0.919322 1.57342 0.0278438 
0.746393 1.57423 0.0184291 
0.882686 1.56705 -0.0477671 
0.882284 1.57798 -0.0503569 
0.84681 1.56457 0.064008 
0.847352 1.57586 0.061135 
0.762327 1.56391 -0.0355421 
0.761995 1.5762 -0.0390294 
0.931202 1.56615 -0.000873495 
0.931205 1.57663 -0.00307122 
0.769391 1.57124 0.0475247 
0.835569 1.5713 -0.0594028 
0.892638 1.56729 0.0486791 
0.893077 1.57812 0.0461633 
0.744264 1.57091 -0.00691459 
0.912319 1.56633 -0.0301513 
0.912064 1.57699 -0.0325034 
0.810368 1.57248 0.0618222 
0.790071 1.56236 -0.0506088 
0.789598 1.57431 -0.0538932 
0.924611 1.56805 0.0223154 
0.924832 1.57858 0.0200617 
0.749533 1.56284 0.0291422 
0.749758 1.57529 0.0255588 
0.872454 1.56435 -0.0509658 
0.872002 1.57538 -0.053635 
0.858092 1.5685 0.061032 
0.756114 1.56603 -0.029929 
0.755848 1.5784 -0.0334619 
0.929486 1.56234 -0.00718125 
0.929404 1.57283 -0.0093925 
0.777313 1.5629 0.0545845 
0.777759 1.57499 0.0512023 
0.824505 1.571 -0.0593497 
0.901764 1.56832 0.0431521 
0.902166 1.57907 0.0407104 
0.743436 1.57154 0.000853208 
0.904349 1.56912 -0.036643 
0.821094 1.56989 0.0636291 
0.78058 1.56723 -0.0482081 
0.780169 1.5793 -0.051562 
0.928492 1.56356 0.0163251 
0.928626 1.57406 0.0141033 
0.754082 1.56436 0.0356627 
0.754377 1.57675 0.0321124 
0.861427 1.57074 -0.055579 
0.868753 1.56335 0.0594226 
0.869249 1.57442 0.0567169 
0.751102 1.5676 -0.023562 
0.925988 1.56852 -0.0154471 
0.925879 1.57904 -0.0176876 
0.78654 1.56768 0.0571739 
0.813714 1.56882 -0.0578761 
0.910041 1.57081 0.0367897 
0.743861 1.57215 0.00864815 
0.895471 1.57048 -0.0423364 
0.832136 1.56912 0.0640311 
0.771953 1.57116 -0.0447822 
0.93085 1.57015 0.00783458 
0.75986 1.56641 0.0414513 
0.760223 1.57872 0.037943 
0.850727 1.56391 -0.056053 
0.850227 1.57517 -0.0588889 
0.879613 1.57126 0.0538042 
0.747334 1.56875 -0.0165779 
0.921105 1.56338 -0.021068 
0.920908 1.57395 -0.0233477 
0.796558 1.57351 0.0586879 
0.803315 1.56492 -0.0550334 
0.802829 1.57671 -0.0582213 
0.916992 1.56396 0.0320559 
0.917266 1.57457 0.0297377 
0.745542 1.57286 0.0162798 
0.885883 1.57025 -0.0470791 
0.843371 1.5703 0.0629966 
0.764315 1.57427 -0.0403866 
0.9314 1.56651 0.00142941 
0.931425 1.57698 -0.000766817 
0.766807 1.56912 0.0463897 
0.839493 1.56621 -0.0578804 
0.838997 1.57759 -0.0608014 
0.889564 1.57002 0.0496643 
