1.04792 0.780096 -0.0325151 
1.0443 0.788899 -0.0310697 
1.11388 0.779109 0.174818 
1.11132 0.787796 0.1748 
0.765056 0.786719 0.285296 
1.12695 0.782186 -0.0978286 
1.12442 0.790542 -0.095562 
0.993374 0.77965 0.298963 
0.990606 0.789242 0.297616 
0.819844 0.784774 0.187666 
1.17904 0.778405 -0.0850086 
1.17697 0.786513 -0.0828809 
0.875583 0.780365 0.359146 
0.872549 0.790931 0.3568 
0.924134 0.777455 0.0854891 
0.919527 0.787058 0.0848447 
1.18677 0.784578 0.0116687 
1.18456 0.792724 0.0130087 
0.789139 0.784655 0.353141 
1.03804 0.777106 -0.0216683 
1.03429 0.785966 -0.0203744 
1.12425 0.782207 0.158831 
1.12172 0.790821 0.158949 
0.763072 0.786005 0.294983 
1.11986 0.782225 -0.0949458 
1.11725 0.790618 -0.0927052 
1.00569 0.785639 0.287025 
0.813115 0.780036 0.200154 
0.808575 0.790653 0.19786 
1.17438 0.779939 -0.0898997 
1.17229 0.788066 -0.0877316 
0.886106 0.784021 0.355639 
0.909778 0.780449 0.0967139 
0.905134 0.79016 0.095834 
1.19044 0.780297 -0.00411541 
1.18827 0.788409 -0.002638 
0.797592 0.780628 0.357408 
0.794159 0.791857 0.35452 
1.02362 0.783275 -0.00916227 
1.01972 0.792228 -0.00811515 
1.13619 0.778665 0.142094 
1.13369 0.787192 0.142379 
0.761181 0.787039 0.304033 
1.11225 0.782464 -0.0910572 
1.10953 0.790897 -0.0888558 
1.02027 0.78505 0.275027 
0.805776 0.777156 0.21258 
0.80127 0.78786 0.21019 
1.169 0.782434 -0.0938874 
1.16688 0.790586 -0.0916874 
0.899402 0.780567 0.352775 
0.896451 0.790931 0.350609 
0.894479 0.785042 0.107918 
1.19283 0.777645 -0.019452 
1.19069 0.785731 -0.0178472 
1.18855 0.793835 -0.0162795 
0.805957 0.779597 0.360431 
0.802579 0.790757 0.357599 
1.01177 0.781519 0.00282479 
1.00774 0.790542 0.00367637 
1.14676 0.778323 0.124542 
1.14429 0.786774 0.124984 
0.763211 0.779563 0.315116 
0.75928 0.790967 0.312085 
1.10377 0.783217 -0.0857014 
1.10094 0.791697 -0.08356 
1.03686 0.779166 0.262332 
1.03415 0.788421 0.261421 
0.797678 0.776852 0.224797 
0.793218 0.787658 0.2223 
1.16484 0.778025 -0.0989503 
1.1627 0.786192 -0.0966919 
0.912366 0.781506 0.347771 
0.909457 0.791761 0.345705 
0.882877 0.781704 0.120391 
0.878193 0.791629 0.119091 
1.19169 0.784569 -0.0322167 
1.18957 0.792655 -0.030533 
0.814278 0.782004 0.361954 
0.810969 0.793099 0.359169 
0.998731 0.780645 0.0155516 
0.994575 0.789749 0.0161818 
1.15572 0.781016 0.106454 
1.1533 0.789404 0.10704 
0.761557 0.786521 0.321888 
1.09452 0.783839 -0.0787198 
1.09155 0.792371 -0.076661 
1.0526 0.777019 0.247926 
1.04991 0.786154 0.247184 
0.789278 0.77891 0.23662 
0.784876 0.789826 0.234012 
1.15785 0.782143 -0.100519 
1.15565 0.790346 -0.0982502 
0.925062 0.786428 0.34057 
0.870894 0.779696 0.133145 
0.866206 0.789722 0.131667 
1.19146 0.783499 -0.0453931 
1.18937 0.791576 -0.0436029 
0.822806 0.787021 0.362009 
0.985114 0.77985 0.0286887 
0.980843 0.78904 0.029084 
1.16556 0.776849 0.0875628 
1.16317 0.785163 0.0883237 
1.16079 0.793498 0.0890463 
0.76464 0.784119 0.330298 
1.08503 0.782999 -0.0703841 
1.08193 0.791583 -0.0684241 
1.06757 0.77678 0.232402 
1.06491 0.785803 0.231826 
0.781452 0.782131 0.247938 
0.777118 0.793158 0.245224 
1.1529 0.776783 -0.103407 
1.15066 0.785005 -0.101094 
1.1484 0.793244 -0.0988212 
0.94048 0.783595 0.333443 
0.937643 0.793618 0.331608 
0.859479 0.777924 0.146011 
0.854799 0.788054 0.144366 
1.19055 0.780468 -0.0573218 
1.18849 0.788539 -0.0554289 
0.835022 0.781941 0.363608 
0.831826 0.792859 0.360965 
0.9719 0.777994 0.0417971 
0.96753 0.787268 0.0419646 
1.17183 0.780218 0.0697165 
1.16948 0.788487 0.0706104 
0.769065 0.782041 0.337511 
0.765353 0.793472 0.33446 
1.07607 0.779417 -0.061274 
1.07284 0.788052 -0.059416 
1.07934 0.785041 0.216045 
1.07672 0.793983 0.215598 
0.775018 0.784918 0.258785 
1.14624 0.776824 -0.103474 
1.14394 0.785078 -0.101153 
1.14161 0.79335 -0.0988744 
0.955859 0.781109 0.325053 
0.953039 0.791003 0.323356 
0.844773 0.785471 0.157065 
1.18754 0.781974 -0.0663011 
1.18548 0.790055 -0.0643397 
0.8446 0.786905 0.361926 
0.955441 0.783606 0.0545312 
0.950979 0.792994 0.0544061 
1.17746 0.781003 0.052487 
1.17515 0.789227 0.0535165 
0.774995 0.778804 0.343903 
0.771338 0.790194 0.34089 
1.06484 0.781256 -0.0501816 
1.06145 0.789958 -0.0484831 
1.0934 0.782284 0.200288 
1.0908 0.791121 0.200011 
0.770308 0.786163 0.269281 
1.1381 0.781758 -0.101112 
1.13571 0.790057 -0.0988195 
0.971274 0.777578 0.316001 
0.968466 0.787343 0.314449 
0.836363 0.78142 0.169714 
0.831736 0.791781 0.167735 
1.18486 0.779645 -0.074584 
1.1828 0.787732 -0.0725485 
0.857853 0.779428 0.362475 
0.854746 0.790146 0.360001 
0.944787 0.77798 0.0667287 
0.940264 0.787437 0.0664285 
1.18273 0.77879 0.0357948 
1.18045 0.786972 0.0369648 
0.77858 0.785299 0.346812 
1.05451 0.780358 -0.039344 
1.05098 0.789121 -0.0377973 
1.10716 0.777411 0.184591 
1.10457 0.786146 0.184488 
0.767098 0.785805 0.279516 
1.13069 0.783851 -0.0987825 
1.12821 0.792189 -0.0965135 
0.983886 0.782647 0.30507 
0.981116 0.792317 0.30363 
0.824589 0.78665 0.180244 
1.18045 0.782488 -0.08035 
1.17838 0.790594 -0.078272 
0.868308 0.781569 0.360231 
0.865253 0.792199 0.357828 
0.930578 0.780566 0.0782565 
0.925998 0.790124 0.0777146 
1.18539 0.782638 0.0207485 
1.18315 0.790798 0.0220236 
0.786629 0.779519 0.352273 
0.783096 0.79083 0.349322 
1.04468 0.777773 -0.0286025 
1.04101 0.786594 -0.0272038 
1.11791 0.78026 0.168743 
1.11535 0.788919 0.168777 
0.76483 0.784773 0.289463 
1.12364 0.784274 -0.0962546 
1.12108 0.792649 -0.0940084 
0.999159 0.77815 0.294983 
0.996394 0.787695 0.293695 
0.817943 0.781357 0.192748 
0.813382 0.791919 0.190517 
1.17602 0.784024 -0.0856176 
1.17393 0.792149 -0.0834969 
0.878881 0.784048 0.357385 
0.916512 0.78308 0.0894496 
0.911889 0.792743 0.0886746 
1.18965 0.777855 0.00473314 
1.18745 0.785976 0.00614952 
1.18524 0.794116 0.00752824 
0.791525 0.785582 0.354187 
1.03085 0.783627 -0.0163327 
1.02703 0.792535 -0.0151672 
1.12796 0.78388 0.152607 
1.12545 0.792468 0.152775 
0.762912 0.784548 0.29895 
1.1164 0.784305 -0.0930585 
1.11373 0.792718 -0.0908427 
1.01132 0.785066 0.282611 
0.81103 0.77719 0.205237 
0.806498 0.787832 0.202916 
1.1732 0.777703 -0.0923735 
1.17112 0.785833 -0.090178 
1.169 0.79398 -0.0880199 
0.892348 0.778328 0.355597 
0.889363 0.788749 0.353381 
0.906481 0.776916 0.101471 
0.901824 0.78665 0.100543 
1.19068 0.782235 -0.00945109 
1.18851 0.790343 -0.00793822 
0.799967 0.782559 0.358035 
0.796564 0.793774 0.355156 
1.01979 0.781238 -0.00481642 
1.01584 0.790212 -0.0038295 
1.13943 0.781454 0.13561 
1.13695 0.789959 0.135941 
0.760994 0.786587 0.30767 
1.10845 0.784766 -0.0886626 
1.10568 0.793221 -0.0864939 
1.02565 0.785945 0.270004 
0.798887 0.785976 0.215197 
1.16749 0.780699 -0.0959445 
1.16537 0.788857 -0.0937212 
0.902554 0.786859 0.3498 
0.890783 0.7822 0.112804 
0.886107 0.792061 0.111624 
1.19253 0.780241 -0.024465 
1.19041 0.788327 -0.0228291 
0.808311 0.782842 0.360515 
0.804969 0.793988 0.357688 
1.00747 0.77986 0.00750423 
1.00339 0.788909 0.00828538 
1.14942 0.782348 0.117863 
1.14697 0.790782 0.118346 
0.76305 0.780312 0.318293 
0.759149 0.79173 0.315251 
1.10246 0.777125 -0.0848507 
1.09961 0.785607 -0.0826975 
1.09671 0.794111 -0.0805985 
1.04192 0.78158 0.256672 
1.03923 0.790798 0.255811 
0.790632 0.786751 0.227189 
1.16088 0.784757 -0.0982687 
1.1587 0.792948 -0.0960296 
0.918335 0.779182 0.346011 
0.91543 0.789385 0.343997 
0.87894 0.779454 0.125428 
0.874252 0.789411 0.12407 
1.19299 0.779347 -0.0384761 
1.1909 0.787419 -0.0367285 
0.816693 0.786397 0.361463 
0.99412 0.779132 0.0204699 
0.989922 0.788264 0.0210227 
1.1602 0.77747 0.0990884 
1.15779 0.785823 0.0997511 
0.765515 0.776823 0.327555 
0.761671 0.78824 0.324518 
1.09313 0.777322 -0.0772308 
1.09014 0.785856 -0.0751651 
1.05736 0.780387 0.24182 
1.05469 0.789489 0.241127 
0.786773 0.77858 0.241371 
0.782393 0.789532 0.238729 
1.15591 0.780419 -0.10169 
1.1537 0.788629 -0.0994049 
0.930946 0.785261 0.338025 
0.867057 0.777671 0.138269 
0.86237 0.787731 0.136735 
1.19241 0.777773 -0.051224 
1.19035 0.785838 -0.0493723 
1.18827 0.793919 -0.047557 
0.828633 0.780976 0.363736 
0.8254 0.791948 0.361051 
0.980554 0.778051 0.0336777 
0.976246 0.787269 0.0339961 
1.16713 0.7816 0.0809929 
1.16476 0.789904 0.0817896 
0.765236 0.786172 0.332435 
1.08074 0.784101 -0.0664823 
1.07757 0.792711 -0.0645767 
1.07209 0.780205 0.226124 
1.06945 0.789198 0.225597 
0.779394 0.781802 0.252512 
0.775081 0.792861 0.249769 
1.14886 0.782344 -0.10201 
1.14658 0.790589 -0.0997206 
0.946334 0.782796 0.330328 
0.943505 0.79277 0.328545 
0.85142 0.785813 0.149467 
1.18936 0.781581 -0.0608475 
1.1873 0.789656 -0.0589293 
0.837832 0.786677 0.362373 
0.963345 0.784824 0.0468094 
1.17312 0.784107 0.0634282 
1.17079 0.792367 0.0643585 
0.770256 0.783774 0.339295 
1.07212 0.779293 -0.0572599 
1.06882 0.78795 -0.0554548 
1.08635 0.778858 0.210219 
1.08373 0.787745 0.209859 
0.773603 0.784066 0.263221 
1.14247 0.781116 -0.101998 
1.14012 0.789393 -0.0996992 
0.961724 0.780003 0.321634 
0.95891 0.789848 0.319991 
0.842018 0.782675 0.162168 
0.837375 0.792977 0.160268 
1.18645 0.781583 -0.0695119 
1.18439 0.789666 -0.0675231 
0.850794 0.780203 0.363116 
0.847661 0.790982 0.360589 
0.951828 0.780366 0.059255 
0.947342 0.789775 0.059072 
1.17861 0.783696 0.0464787 
1.17631 0.791912 0.0475464 
0.776728 0.779898 0.345474 
0.773099 0.79128 0.342466 
1.06127 0.779983 -0.0462402 
1.05783 0.788706 -0.0445912 
1.09768 0.784069 0.19421 
1.09509 0.792877 0.193985 
0.76951 0.784634 0.27362 
1.13461 0.784868 -0.0996614 
1.13217 0.793187 -0.0973892 
0.974344 0.785712 0.310909 
0.834151 0.77809 0.174812 
0.829529 0.788474 0.172804 
1.18391 0.777978 -0.0776188 
1.18186 0.786066 -0.0755538 
0.861064 0.782925 0.361066 
0.857988 0.793619 0.358608 
0.937105 0.783598 0.0710177 
0.932555 0.793112 0.070581 
1.18377 0.780508 0.0299935 
1.18151 0.788681 0.0312031 
0.780717 0.78589 0.348236 
1.05122 0.778288 -0.0354544 
1.04764 0.787069 -0.0339543 
1.11131 0.778613 0.17854 
1.10873 0.787319 0.178489 
0.766727 0.783859 0.283763 
1.12986 0.777837 -0.0996 
1.12737 0.786174 -0.0973048 
0.98973 0.780898 0.301305 
0.986962 0.790519 0.299923 
0.822667 0.783126 0.185322 
0.818088 0.793635 0.183153 
1.17955 0.780112 -0.0832222 
1.17748 0.788219 -0.0811139 
0.871605 0.784959 0.358665 
0.923023 0.786067 0.0822698 
1.18625 0.783955 0.0151261 
1.18402 0.792106 0.0164409 
0.788957 0.780127 0.353495 
0.785449 0.791422 0.350556 
1.03771 0.784222 -0.0232822 
1.03397 0.793089 -0.0220067 
1.12183 0.781528 0.162624 
1.11929 0.790159 0.16271 
0.764646 0.782943 0.293568 
1.12287 0.777945 -0.0968624 
1.12029 0.786319 -0.0945904 
1.00489 0.776945 0.290836 
1.00213 0.786444 0.289605 
0.815997 0.778101 0.197837 
0.811443 0.788685 0.195582 
1.175 0.781581 -0.0882687 
1.17292 0.789707 -0.0861189 
0.885191 0.777567 0.357734 
0.882177 0.788048 0.355465 
0.913416 0.77923 0.094112 
0.908779 0.788913 0.0932916 
1.19016 0.77942 -0.000750887 
1.18798 0.787536 0.000703114 
0.793921 0.786831 0.355093 
1.02729 0.781373 -0.0121778 
1.02342 0.790301 -0.0110667 
1.13404 0.777383 0.146047 
1.13152 0.785924 0.146302 
0.76274 0.783425 0.302809 
1.11547 0.778056 -0.0932409 
1.1128 0.786468 -0.0910032 
1.01685 0.785018 0.277971 
0.804305 0.785338 0.207965 
1.16982 0.783787 -0.0924891 
1.1677 0.791937 -0.0903051 
0.895552 0.783627 0.353078 
0.892603 0.794026 0.350876 
0.898367 0.78338 0.105326 
0.893703 0.793181 0.104263 
1.19072 0.78444 -0.0146695 
1.18857 0.792545 -0.0131228 
0.802338 0.784978 0.358467 
1.01578 0.779352 -0.000330219 
1.01178 0.788349 0.000592615 
1.14247 0.784727 0.129053 
1.14 0.793213 0.12943 
0.760805 0.786597 0.311142 
1.10727 0.778688 -0.0882319 
1.10448 0.787145 -0.0860475 
1.03363 0.77816 0.265687 
1.03091 0.787439 0.264744 
0.796397 0.78448 0.220172 
1.16585 0.779128 -0.0978274 
1.16372 0.787291 -0.0955825 
0.908604 0.783488 0.348626 
0.905693 0.793777 0.346526 
0.886965 0.779609 0.117761 
0.882282 0.789499 0.116526 
1.19203 0.78301 -0.0293004 
1.18992 0.791097 -0.027635 
0.810684 0.786572 0.360376 
1.00302 0.778297 0.0123027 
0.998897 0.787373 0.0130102 
1.15429 0.778354 0.110604 
1.15185 0.786751 0.111166 
0.762959 0.781486 0.321266 
0.759088 0.792918 0.318212 
1.09823 0.77942 -0.0815856 
1.09531 0.787928 -0.0794772 
1.04687 0.78444 0.250831 
1.04419 0.793624 0.25002 
0.788039 0.786137 0.232022 
1.15898 0.783295 -0.0996763 
1.15679 0.791494 -0.0974193 
0.924261 0.777411 0.343907 
0.921363 0.787562 0.341944 
0.874995 0.777342 0.130514 
0.870304 0.787332 0.129099 
1.19205 0.7821 -0.0427998 
1.18996 0.790176 -0.0410261 
0.822446 0.780059 0.363501 
0.819173 0.791082 0.360775 
0.989487 0.777561 0.0254472 
0.985247 0.786721 0.0259218 
1.16206 0.782369 0.0924075 
1.15966 0.790711 0.0931069 
0.765764 0.778748 0.329993 
0.761954 0.790176 0.326946 
1.0888 0.779027 -0.073475 
1.08575 0.787588 -0.0714609 
1.06202 0.783875 0.235635 
1.05937 0.792945 0.234991 
0.7844 0.778323 0.246057 
0.780041 0.789309 0.243383 
1.15399 0.778403 -0.102747 
1.15177 0.78662 -0.100445 
0.936811 0.784337 0.335227 
0.858672 0.785693 0.141829 
1.19124 0.779709 -0.0550286 
1.18918 0.787778 -0.053152 
0.831289 0.785918 0.362646 
0.971775 0.785272 0.0389057 
1.17094 0.77782 0.0736665 
1.16859 0.786094 0.0745375 
0.76981 0.776761 0.337447 
0.766063 0.788171 0.334417 
1.07653 0.784758 -0.0625255 
1.07331 0.793393 -0.0606747 
1.07656 0.783421 0.219863 
1.07393 0.792383 0.219385 
0.777568 0.781316 0.257031 
0.773277 0.792404 0.254263 
1.14716 0.779204 -0.102887 
1.14487 0.787455 -0.100579 
0.952189 0.781938 0.32707 
0.949367 0.791863 0.32534 
0.848272 0.783377 0.154577 
0.843615 0.793617 0.152766 
1.18819 0.782124 -0.0642322 
1.18613 0.790203 -0.062288 
0.843915 0.780346 0.363663 
0.840752 0.791185 0.361087 
0.959377 0.78207 0.0516184 
0.954935 0.79143 0.0515632 
1.17667 0.779314 0.0562613 
1.17436 0.787545 0.0572669 
0.771675 0.785275 0.340985 
1.06832 0.778701 -0.053259 
1.06497 0.787381 -0.0515054 
1.09069 0.781225 0.204045 
1.08808 0.790081 0.203736 
0.772436 0.782948 0.267619 
0.76821 0.79412 0.264776 
1.13879 0.784933 -0.100534 
1.1364 0.793231 -0.0982568 
0.967595 0.778704 0.318142 
0.964786 0.7885 0.316555 
0.83949 0.779652 0.167273 
0.834853 0.789979 0.165339 
1.18541 0.780653 -0.0726428 
1.18336 0.788739 -0.0706258 
0.85391 0.784033 0.361749 
0.948422 0.776851 0.0639457 
0.943914 0.786282 0.0637087 
1.18201 0.777775 0.0394297 
1.17973 0.785963 0.0405745 
0.778634 0.780763 0.346986 
0.775032 0.792134 0.343986 
1.05784 0.778352 -0.0423216 
1.05434 0.787094 -0.0407206 
1.10452 0.776805 0.188314 
1.10192 0.785558 0.188178 
0.7689 0.782896 0.277928 
1.13363 0.779306 -0.100515 
1.13119 0.787625 -0.098218 
0.980217 0.783971 0.307297 
0.977446 0.793671 0.305821 
0.827466 0.785031 0.177879 
1.18095 0.784053 -0.0785084 
1.17888 0.792158 -0.0764499 
0.864327 0.786301 0.359619 
0.934063 0.779614 0.0756057 
0.929495 0.789147 0.075123 
1.18476 0.781994 0.0242662 
1.18251 0.790159 0.0255158 
0.782955 0.786413 0.349596 
1.04435 0.784836 -0.0300926 
1.04069 0.793663 -0.0287124 
1.11538 0.779753 0.172481 
1.11282 0.788429 0.172482 
0.766451 0.781887 0.287965 
0.762344 0.793177 0.285023 
1.12659 0.779982 -0.0980588 
1.12406 0.788338 -0.0957831 
0.995542 0.779273 0.297416 
0.992776 0.788847 0.296092 
