0.793308 1.5708 0.035633 
0.793367 1.57278 0.0350899 
0.793428 1.57477 0.034547 
0.79349 1.57675 0.0340042 
0.793555 1.57873 0.0334615 
0.831803 1.56872 -0.0395752 
0.877181 1.57305 0.0323588 
0.771214 1.56238 -0.00133118 
0.771168 1.57457 -0.00475045 
0.889406 1.57234 -0.0204957 
0.814496 1.5653 0.0443459 
0.814875 1.57696 0.0412427 
0.808219 1.56241 -0.0347024 
0.807887 1.57415 -0.0378478 
0.893467 1.56923 0.0203512 
0.772488 1.57171 0.0128723 
0.8711 1.56551 -0.0306006 
0.870834 1.57657 -0.0332706 
0.8388 1.56303 0.046089 
0.839176 1.57442 0.0431666 
0.788173 1.56974 -0.0276737 
0.900821 1.57193 0.00448496 
0.782593 1.57114 0.027987 
0.847786 1.56914 -0.0383956 
0.862949 1.5625 0.0411346 
0.86328 1.57363 0.0383964 
0.775121 1.57066 -0.0141908 
0.89729 1.56485 -0.00947681 
0.897203 1.57566 -0.0119403 
0.800113 1.56424 0.0406146 
0.80045 1.57607 0.0374055 
0.823117 1.57095 -0.0397434 
0.88356 1.56327 0.0305187 
0.883808 1.5742 0.0279426 
0.770602 1.56819 0.00299759 
0.883834 1.56369 -0.0230365 
0.883619 1.57462 -0.0256064 
0.822923 1.56618 0.0452383 
0.823317 1.57775 0.0421976 
0.800341 1.57256 -0.0348863 
0.897157 1.56239 0.0167063 
0.897281 1.57319 0.0142397 
0.775005 1.56577 0.0201525 
0.775177 1.5779 0.0167602 
0.863346 1.56399 -0.0332843 
0.863043 1.57513 -0.0360141 
0.847665 1.5683 0.0436553 
0.782768 1.56539 -0.0220909 
0.782568 1.57743 -0.0254244 
0.900816 1.56615 0.000241111 
0.900825 1.57692 -0.0021946 
0.787969 1.56687 0.0335214 
0.788267 1.57884 0.0302237 
0.839309 1.56291 -0.0378316 
0.838957 1.5743 -0.0407448 
0.871048 1.57221 0.035638 
0.77256 1.56469 -0.00689182 
0.772486 1.57686 -0.010301 
0.893497 1.56877 -0.0155468 
0.80766 1.56276 0.0434991 
0.808009 1.5745 0.0403452 
0.814709 1.57171 -0.0387659 
0.88936 1.56562 0.0253452 
0.889583 1.57649 0.022816 
0.771177 1.574 0.00732166 
0.877219 1.56475 -0.0273835 
0.876975 1.57574 -0.0300055 
0.831637 1.56852 0.0449841 
0.793442 1.56987 -0.0309238 
0.899719 1.56695 0.0102505 
0.899822 1.57773 0.00780541 
0.778753 1.57239 0.0235673 
0.854865 1.57209 -0.0376766 
0.856061 1.56394 0.0429002 
0.856419 1.57515 0.0401091 
0.778116 1.57241 -0.0191352 
0.899428 1.57099 -0.00635755 
0.79421 1.56346 0.0381955 
0.794519 1.57536 0.0349431 
0.830487 1.5664 -0.0389597 
0.830154 1.57789 -0.0419397 
0.878267 1.57225 0.0319198 
0.771008 1.57061 -0.00269067 
0.888558 1.57188 -0.0211486 
0.815739 1.56253 0.0453132 
0.816102 1.57418 0.0422189 
0.806714 1.57113 -0.0366806 
0.894144 1.56893 0.0196042 
0.772791 1.56779 0.0148885 
0.869917 1.56447 -0.030879 
0.869639 1.57554 -0.033558 
0.840501 1.57239 0.0435686 
0.78731 1.5662 -0.0260368 
0.787083 1.57819 -0.0293368 
0.900912 1.57185 0.00361625 
0.783333 1.5675 0.0297322 
0.84646 1.56734 -0.0381566 
0.846143 1.57865 -0.0410162 
0.864524 1.57239 0.0382479 
0.774672 1.5668 -0.0122309 
0.77457 1.57894 -0.0156243 
0.896776 1.56464 -0.0102724 
0.896681 1.57545 -0.0127399 
0.80153 1.57288 0.038719 
0.821832 1.56836 -0.0389271 
0.884533 1.56268 0.0299449 
0.884772 1.5736 0.0273764 
0.770613 1.56422 0.00507015 
0.770639 1.57641 0.00164619 
0.882849 1.56304 -0.0235731 
0.882624 1.57399 -0.0261506 
0.824216 1.56366 0.0460089 
0.824596 1.57521 0.0429775 
0.79926 1.56933 -0.0335411 
0.897649 1.5622 0.0158924 
0.897764 1.573 0.0134298 
0.77563 1.57405 0.0187062 
0.862093 1.56269 -0.0333921 
0.861779 1.57384 -0.0361314 
0.84899 1.56656 0.0438495 
0.849377 1.57784 0.0410049 
0.781831 1.57376 -0.0236572 
0.90069 1.56606 -0.00062446 
0.900691 1.57683 -0.00306113 
0.788851 1.56337 0.0351261 
0.789132 1.57533 0.0318345 
0.837621 1.57222 -0.0403066 
0.872218 1.57122 0.0353223 
0.772187 1.57293 -0.00827559 
0.892792 1.56844 -0.0162737 
0.892674 1.57929 -0.0187732 
0.80918 1.57153 0.0414784 
0.813479 1.56888 -0.0377542 
0.890183 1.5652 0.0246677 
0.890397 1.57607 0.022145 
0.771342 1.57005 0.00937644 
0.876116 1.56389 -0.0277885 
0.875861 1.5749 -0.030419 
0.832959 1.56627 0.0455534 
0.833357 1.57772 0.0425877 
0.792474 1.56646 -0.029413 
0.792221 1.57838 -0.0326749 
0.899998 1.56684 0.00939731 
0.900093 1.57761 0.00695449 
0.779368 1.56864 0.0254135 
0.853557 1.57053 -0.0376057 
0.85736 1.56248 0.0428962 
0.857705 1.57368 0.0401149 
0.777534 1.56862 -0.0172524 
0.899081 1.57086 -0.00719648 
0.79551 1.57202 0.0363973 
0.829178 1.56404 -0.0383097 
0.82883 1.57554 -0.0412992 
0.879336 1.57149 0.0314582 
0.770879 1.56664 -0.000626472 
0.770877 1.57883 -0.00404822 
0.887685 1.5714 -0.021785 
0.817342 1.57144 0.043162 
0.805558 1.56807 -0.0354822 
0.894792 1.56865 0.0188453 
0.894983 1.57947 0.0163604 
0.773126 1.56389 0.0168944 
0.773253 1.57604 0.0134884 
0.868722 1.56338 -0.0311307 
0.868433 1.57446 -0.0338187 
0.84183 1.57041 0.0439362 
0.786473 1.56263 -0.0243755 
0.786229 1.57463 -0.0276816 
0.900969 1.57176 0.00274632 
0.7841 1.56387 0.0314549 
0.784354 1.57589 0.0281287 
0.845135 1.56548 -0.0378838 
0.844804 1.57682 -0.0407532 
0.865759 1.57119 0.0380705 
0.774253 1.56292 -0.0102575 
0.774134 1.57507 -0.0136541 
0.89623 1.56441 -0.0110581 
0.896127 1.57523 -0.0135299 
0.802629 1.56973 0.0400025 
0.820559 1.56573 -0.0380769 
0.820227 1.57733 -0.041131 
0.885484 1.56212 0.0293523 
0.885714 1.57303 0.0267914 
0.770665 1.57244 0.00371798 
0.881845 1.56237 -0.0240894 
0.88161 1.57332 -0.0266747 
0.825884 1.57272 0.0437232 
0.798201 1.56608 -0.0321666 
0.797921 1.57793 -0.0353862 
0.898214 1.57282 0.0126114 
0.776114 1.57022 0.0206371 
0.860507 1.57251 -0.0362189 
0.850314 1.56487 0.0440103 
0.850688 1.57614 0.0411755 
0.781122 1.57006 -0.0218687 
0.900529 1.56596 -0.00148719 
0.900522 1.57673 -0.00392511 
0.790023 1.57185 0.0334199 
0.836288 1.5701 -0.0398337 
0.873374 1.57027 0.034981 
0.77192 1.56899 -0.00624145 
0.892059 1.56809 -0.016987 
0.891932 1.57894 -0.0194923 
0.810367 1.5686 0.0425796 
0.812262 1.56601 -0.03671 
0.811944 1.5777 -0.0398257 
0.89098 1.56481 0.0239751 
0.891185 1.57566 0.0214588 
0.771538 1.5661 0.0114251 
0.771637 1.57828 0.00800772 
0.874997 1.56301 -0.0281697 
0.874731 1.57403 -0.0308088 
0.834287 1.56406 0.046088 
0.834671 1.5755 0.0431318 
0.791531 1.56302 -0.0278754 
0.791261 1.57495 -0.0311441 
0.900243 1.56673 0.00853973 
0.90033 1.5775 0.00609893 
0.780012 1.56491 0.0272405 
0.780238 1.57698 0.0238846 
0.852246 1.56892 -0.0375024 
0.858986 1.57225 0.0400894 
0.776982 1.56481 -0.0153524 
0.776835 1.57692 -0.0187287 
0.898701 1.57071 -0.00802884 
0.796525 1.56871 0.0378233 
0.827514 1.57314 -0.040624 
0.880388 1.57076 0.0309747 
0.770782 1.56267 0.00144121 
0.770763 1.57486 -0.00198135 
0.886788 1.57089 -0.0224044 
0.818596 1.56874 0.0440717 
0.804421 1.56498 -0.0342528 
0.804114 1.57677 -0.0374265 
0.89541 1.56839 0.018075 
0.895593 1.5792 0.015595 
0.773601 1.57214 0.0154855 
0.867515 1.56225 -0.0313551 
0.867216 1.57335 -0.0340524 
0.84316 1.56848 0.0442694 
0.785401 1.57105 -0.0260023 
0.90099 1.57168 0.00187578 
0.785133 1.57229 0.0298339 
0.84381 1.56359 -0.037577 
0.843466 1.57493 -0.0404562 
0.866984 1.57003 0.0378647 
0.773729 1.57118 -0.0116709 
0.895654 1.56417 -0.0118334 
0.895542 1.57499 -0.0143097 
0.803748 1.56662 0.0412556 
0.804111 1.5784 0.0380734 
0.819297 1.56306 -0.037193 
0.818949 1.57468 -0.0402562 
0.886633 1.57249 0.026188 
0.770722 1.56847 0.00578812 
0.880576 1.57262 -0.0271782 
0.827182 1.57028 0.0444345 
0.797163 1.56278 -0.0307633 
0.796866 1.57465 -0.0339904 
0.898632 1.57266 0.0117854 
0.776629 1.5664 0.0225522 
0.776827 1.57851 0.0191718 
0.859228 1.57113 -0.0362762 
0.851635 1.56323 0.0441382 
0.851997 1.57448 0.0413131 
0.780442 1.56634 -0.0200596 
0.780268 1.57841 -0.0234103 
0.900333 1.56586 -0.00234646 
0.900318 1.57663 -0.0047859 
0.790939 1.56839 0.0349792 
0.834961 1.56792 -0.0393262 
0.834637 1.57936 -0.0422728 
0.874517 1.56935 0.0346147 
0.771684 1.56505 -0.00419944 
0.771636 1.57723 -0.00761514 
0.891299 1.56771 -0.0176863 
0.891163 1.57857 -0.0201976 
0.811571 1.5657 0.0436488 
0.811946 1.57739 0.0405241 
0.811061 1.5631 -0.0356334 
0.810727 1.57481 -0.0387577 
0.891751 1.56444 0.0232681 
0.891947 1.57529 0.0207579 
0.771766 1.56216 0.0134668 
0.771848 1.57433 0.0100509 
0.873863 1.56208 -0.0285265 
0.873587 1.57311 -0.0311743 
0.835991 1.57332 0.0436413 
0.790324 1.5715 -0.0295868 
0.900453 1.56663 0.00767839 
0.900532 1.5774 0.00523933 
0.780895 1.57326 0.0256961 
0.850931 1.56726 -0.0373665 
0.85062 1.57853 -0.0401921 
0.860261 1.57088 0.0400331 
0.776296 1.5731 -0.0168161 
0.898288 1.57055 -0.008854 
0.797561 1.56543 0.0392207 
0.797896 1.57729 0.0359931 
0.826207 1.5707 -0.0399143 
0.881421 1.57006 0.0304698 
0.77068 1.57089 8.83492e-05 
0.885869 1.57035 -0.0230061 
0.819861 1.56608 0.0449479 
0.820252 1.57768 0.0418845 
0.802979 1.57365 -0.0361746 
0.895999 1.56815 0.0172939 
0.896173 1.57896 0.0148186 
0.773981 1.56826 0.0174707 
0.865987 1.57219 -0.0342583 
0.844492 1.56659 0.0445684 
0.844885 1.57792 0.0416896 
0.784601 1.56744 -0.0242995 
0.7844 1.57946 -0.0276195 
0.900975 1.5716 0.00100527 
0.785938 1.5687 0.0315156 
0.842128 1.573 -0.040125 
0.868198 1.56892 0.0376311 
0.773356 1.56728 -0.00967567 
0.77328 1.57944 -0.0130789 
0.895048 1.5639 -0.0125975 
0.894927 1.57473 -0.0150786 
0.804886 1.56354 0.042478 
0.805233 1.57531 0.0393038 
0.817684 1.57198 -0.0393477 
0.88753 1.57198 0.025567 
0.77081 1.5645 0.00785568 
0.770863 1.57669 0.00443305 
0.879523 1.57189 -0.0276604 
0.828488 1.56788 0.0451114 
0.828896 1.57938 0.0421125 
0.795833 1.57134 -0.032566 
0.899018 1.57251 0.0109522 
0.777173 1.5626 0.0244508 
0.777354 1.57471 0.0210741 
0.857942 1.56971 -0.0363028 
0.853303 1.57287 0.0414179 
0.779791 1.5626 -0.0182306 
0.7796 1.57468 -0.021586 
0.900103 1.56575 -0.00320164 
0.900079 1.57653 -0.00564289 
0.791879 1.56497 0.036512 
0.792186 1.57689 0.0332427 
0.833638 1.5657 -0.0387839 
0.8333 1.57715 -0.0417402 
0.875644 1.56848 0.0342241 
0.875967 1.57948 0.0315864 
0.771414 1.57328 -0.00556773 
0.890512 1.56731 -0.018371 
0.890368 1.57818 -0.0208885 
0.812789 1.56285 0.0446854 
0.813149 1.57453 0.0415694 
0.809525 1.57187 -0.0376576 
0.892495 1.56409 0.0225473 
0.892682 1.57493 0.020043 
0.77209 1.57039 0.0120865 
0.872428 1.57216 -0.031515 
0.837315 1.57119 0.0441161 
0.789413 1.56801 -0.0280035 
0.900628 1.56654 0.00681393 
0.900698 1.5773 0.00437633 
0.78158 1.56957 0.0274872 
0.849615 1.56555 -0.0371976 
0.849291 1.57684 -0.040033 
0.861529 1.56954 0.0399463 
0.775787 1.56927 -0.0148875 
0.897842 1.57037 -0.00967137 
0.798619 1.56219 0.0405891 
0.798938 1.57404 0.0373689 
0.824908 1.5682 -0.0391701 
0.882435 1.56939 0.0299442 
0.770629 1.56692 0.00215995 
0.770654 1.57911 -0.00126375 
0.884927 1.56978 -0.0235896 
0.821139 1.56347 0.0457903 
0.821514 1.57505 0.042736 
0.801863 1.5705 -0.0348924 
0.896557 1.56792 0.0165025 
0.896722 1.57873 0.0140318 
0.774391 1.56438 0.0194433 
0.774545 1.57652 0.0160465 
0.864749 1.57099 -0.034436 
0.845824 1.56475 0.0448333 
0.846204 1.57607 0.0419643 
0.783827 1.5638 -0.0225737 
0.783609 1.57583 -0.0258994 
0.900925 1.57152 0.000135419 
0.78677 1.56515 0.0331732 
0.78705 1.57713 0.0298666 
0.840793 1.57102 -0.0397595 
0.869402 1.56784 0.0373702 
0.869745 1.57891 0.0346834 
0.773013 1.56337 -0.00766923 
0.77292 1.57553 -0.011075 
0.894412 1.56362 -0.01335 
0.894282 1.57445 -0.0158361 
0.806373 1.57226 0.0405033 
0.816431 1.56923 -0.0384059 
0.888404 1.5715 0.0249289 
0.770967 1.57272 0.00649788 
0.878453 1.57113 -0.0281208 
0.829802 1.56553 0.0457537 
0.830195 1.57702 0.0427643 
0.794823 1.568 -0.0311134 
0.899369 1.57237 0.0101125 
0.777912 1.57092 0.0229593 
0.856651 1.56825 -0.0362983 
0.856358 1.57945 -0.0390803 
0.854606 1.57131 0.0414903 
0.77896 1.57093 -0.0197423 
0.899837 1.56564 -0.00405211 
0.899805 1.57641 -0.00649545 
0.793134 1.57349 0.0347552 
0.832321 1.56343 -0.0382069 
0.831969 1.5749 -0.0411728 
0.876757 1.56764 0.0338096 
0.877068 1.57863 0.0311805 
0.771224 1.56932 -0.00351399 
0.8897 1.56688 -0.0190404 
0.889546 1.57776 -0.0215643 
0.814367 1.5717 0.0425821 
0.80834 1.56889 -0.0365256 
0.893211 1.56377 0.0218132 
0.89339 1.5746 0.0193147 
0.772363 1.56647 0.0141135 
0.772488 1.57863 0.0107021 
0.871255 1.57117 -0.0318303 
0.838643 1.56911 0.0445563 
0.788526 1.5645 -0.0263947 
0.788282 1.57647 -0.0296857 
0.900769 1.56645 0.00594697 
0.90083 1.57721 0.00351055 
0.782293 1.5659 0.029257 
0.782546 1.57794 0.0259178 
0.848297 1.5638 -0.0369955 
0.84796 1.5751 -0.0398407 
0.862789 1.56825 0.0398297 
0.863157 1.57939 0.0370915 
0.775309 1.56542 -0.0129438 
0.775188 1.57755 -0.0163325 
0.897363 1.57018 -0.0104803 
0.8 1.57081 0.0387155 
0.823618 1.56567 -0.0383917 
0.823283 1.57724 -0.041423 
0.883429 1.56876 0.0293984 
