0.752296 1.5708 0.0691032 
0.752403 1.57286 0.0685082 
0.752512 1.57492 0.0679134 
0.752624 1.57699 0.0673187 
0.752737 1.57905 0.0667242 
0.822149 1.56932 -0.0822419 
0.927394 1.56798 0.0563376 
0.927911 1.57847 0.0540846 
0.712405 1.56599 0.00756609 
0.712467 1.57894 0.00370604 
0.918828 1.56743 -0.0565165 
0.918352 1.578 -0.0588348 
0.83175 1.56239 0.0889138 
0.832481 1.57382 0.0859105 
0.745482 1.56805 -0.0592814 
0.96783 1.56245 0.00387499 
0.967852 1.57259 0.00196903 
0.743532 1.56815 0.0643477 
0.834752 1.56242 -0.0803458 
0.834034 1.57384 -0.0833164 
0.917191 1.56807 0.0624802 
0.91776 1.57865 0.0601422 
0.712539 1.56998 -0.00290095 
0.928904 1.56747 -0.0504033 
0.928481 1.57796 -0.0526382 
0.819829 1.56701 0.0877357 
0.820589 1.57857 0.0846473 
0.754224 1.56959 -0.0651549 
0.966808 1.56601 0.0112358 
0.966921 1.57617 0.00932053 
0.735914 1.57029 0.0574759 
0.846831 1.56504 -0.0800539 
0.846137 1.57632 -0.0829358 
0.906437 1.56966 0.0677909 
0.713699 1.57395 -0.0132799 
0.938242 1.56616 -0.0435936 
0.937868 1.57656 -0.0457497 
0.808219 1.57349 0.0851522 
0.763796 1.57039 -0.0700818 
0.964133 1.56993 0.0184442 
0.729338 1.57298 0.049735 
0.859047 1.56557 -0.0783156 
0.858373 1.57672 -0.0811059 
0.894666 1.56215 0.074641 
0.895287 1.57294 0.0721165 
0.716092 1.56492 -0.019581 
0.715902 1.57781 -0.0234125 
0.946653 1.56361 -0.0361814 
0.946325 1.57393 -0.0382655 
0.796238 1.56985 0.0844888 
0.774092 1.57032 -0.0740395 
0.959668 1.56427 0.0273327 
0.95991 1.57448 0.025354 
0.723477 1.56333 0.0449867 
0.723846 1.57612 0.0412083 
0.871304 1.56402 -0.07519 
0.870644 1.57505 -0.0778861 
0.8832 1.56722 0.0779018 
0.883887 1.57811 0.0752888 
0.719415 1.56866 -0.0293371 
0.953651 1.57018 -0.0302658 
0.784715 1.56748 0.0827208 
0.785438 1.57945 0.0793816 
0.785009 1.56929 -0.0769995 
0.953961 1.56966 0.0338617 
0.719134 1.56676 0.0358167 
0.882844 1.57138 -0.0733867 
0.870926 1.56334 0.0825521 
0.871617 1.57436 0.0798419 
0.723822 1.57217 -0.0385519 
0.959643 1.56543 -0.0218258 
0.959456 1.57565 -0.0238004 
0.773732 1.56621 0.079903 
0.774422 1.57832 0.0764857 
0.796454 1.56715 -0.0789188 
0.795783 1.579 -0.0821671 
0.946677 1.56582 0.0419499 
0.947056 1.57614 0.0398595 
0.715884 1.57045 0.0260958 
0.894862 1.56587 -0.0677561 
0.894278 1.57667 -0.0702681 
0.85928 1.57259 0.0831136 
0.729738 1.56263 -0.0433642 
0.72932 1.57534 -0.0470937 
0.963966 1.57003 -0.0149603 
0.763385 1.56593 0.0760748 
0.764042 1.57817 0.072584 
0.808347 1.56373 -0.0797388 
0.807642 1.57544 -0.0829015 
0.938255 1.56306 0.0495421 
0.938678 1.57345 0.0473782 
0.713703 1.57431 0.015971 
0.905991 1.56937 -0.0635749 
0.846982 1.5729 0.0849951 
0.73635 1.56546 -0.0511727 
0.73589 1.57807 -0.0548534 
0.966798 1.56381 -0.00586487 
0.966743 1.57397 -0.00777873 
0.753782 1.56652 0.0712624 
0.754404 1.57889 0.0677031 
0.819879 1.57045 -0.0824655 
0.929363 1.57198 0.0543111 
0.712492 1.56532 0.00945622 
0.712564 1.57827 0.00559676 
0.916738 1.57117 -0.0584077 
0.834082 1.56389 0.088415 
0.834821 1.5753 0.0854291 
0.743983 1.56775 -0.0581252 
0.96783 1.5674 0.00147737 
0.967865 1.57754 -0.000428289 
0.74503 1.56788 0.0654876 
0.832431 1.56386 -0.0807984 
0.83172 1.5753 -0.0837863 
0.919297 1.57184 0.0605596 
0.712438 1.56931 -0.00100976 
0.926949 1.57144 -0.0524025 
0.822118 1.56818 0.0874832 
0.752562 1.56942 -0.0641683 
0.967166 1.57094 0.0088452 
0.73723 1.5699 0.0587808 
0.844479 1.56683 -0.080756 
0.843795 1.57813 -0.0836558 
0.908077 1.56252 0.0684166 
0.908652 1.57318 0.0660006 
0.71341 1.57328 -0.0114166 
0.936454 1.57034 -0.0456829 
0.809724 1.56268 0.0882977 
0.810452 1.57436 0.0851359 
0.76199 1.57035 -0.0692693 
0.964674 1.56461 0.0180158 
0.964836 1.57478 0.0160813 
0.730459 1.5725 0.0511929 
0.856681 1.56771 -0.0792617 
0.856017 1.57889 -0.0820705 
0.896951 1.56541 0.0729901 
0.897585 1.57618 0.0704855 
0.715601 1.56427 -0.0177705 
0.715421 1.57717 -0.0216058 
0.945066 1.56798 -0.0383474 
0.944751 1.57832 -0.0404467 
0.798394 1.57047 0.0846804 
0.772162 1.57045 -0.0734053 
0.960681 1.56901 0.0250056 
0.960937 1.57921 0.0230375 
0.724389 1.5628 0.0465735 
0.724768 1.57557 0.0428018 
0.868941 1.56651 -0.0763647 
0.868291 1.57757 -0.07908 
0.885546 1.57016 0.0764414 
0.718727 1.56805 -0.0276097 
0.952586 1.56446 -0.0304772 
0.952315 1.57474 -0.0325114 
0.786782 1.56787 0.083109 
0.782973 1.56961 -0.0765497 
0.954973 1.56401 0.0336142 
0.955267 1.57426 0.0315945 
0.719846 1.56616 0.0375186 
0.720175 1.579 0.0337134 
0.881156 1.5633 -0.0721666 
0.880514 1.57423 -0.0747859 
0.873297 1.56595 0.0812926 
0.874 1.57695 0.0786017 
0.722935 1.57161 -0.0369335 
0.95858 1.57014 -0.0241259 
0.775693 1.56642 0.080479 
0.77639 1.5785 0.0770757 
0.794328 1.56768 -0.0786625 
0.948226 1.57024 0.0397416 
0.716398 1.56981 0.0278875 
0.892575 1.56902 -0.0693313 
0.860956 1.56371 0.084885 
0.861668 1.57483 0.0820988 
0.728645 1.56212 -0.0418691 
0.728234 1.57484 -0.0456068 
0.963356 1.56468 -0.0153691 
0.963221 1.57487 -0.017312 
0.765223 1.56597 0.0768326 
0.765886 1.57819 0.0733549 
0.806144 1.56451 -0.0796876 
0.805446 1.57624 -0.0828661 
0.940013 1.56731 0.0474035 
0.94045 1.57768 0.0452569 
0.714023 1.57365 0.0178249 
0.904353 1.56211 -0.0628811 
0.903781 1.57282 -0.0653151 
0.848631 1.56354 0.0871012 
0.849359 1.57479 0.0842224 
0.735064 1.56503 -0.0498256 
0.734611 1.57767 -0.0535158 
0.966383 1.56873 -0.00824565 
0.966341 1.57888 -0.0101634 
0.755475 1.56641 0.0721978 
0.756104 1.57875 0.0686506 
0.817618 1.57153 -0.0826482 
0.930825 1.56555 0.0544997 
0.931309 1.57601 0.0522742 
0.712612 1.56465 0.011343 
0.712696 1.57759 0.00748443 
0.915144 1.56426 -0.0579368 
0.914631 1.57488 -0.0602839 
0.836422 1.56545 0.0878738 
0.83717 1.57683 0.0849055 
0.742515 1.56743 -0.0569388 
0.967777 1.56221 0.000986502 
0.967771 1.57235 -0.000919541 
0.746561 1.56763 0.0665964 
0.830117 1.56523 -0.0812089 
0.829415 1.5767 -0.0842141 
0.920852 1.56511 0.0609343 
0.921385 1.57565 0.0586251 
0.712371 1.56864 0.000883396 
0.92543 1.56487 -0.0521279 
0.924972 1.57538 -0.0543904 
0.824417 1.5694 0.0871895 
0.750928 1.56922 -0.0631505 
0.967382 1.56573 0.00836361 
0.967467 1.57588 0.0064535 
0.73858 1.56954 0.0600563 
0.842134 1.56855 -0.081416 
0.910266 1.56611 0.0665879 
0.910853 1.57675 0.0641918 
0.713155 1.57262 -0.00954607 
0.935045 1.56406 -0.0455813 
0.934638 1.57449 -0.0477632 
0.811962 1.56362 0.0882261 
0.812697 1.57527 0.0850804 
0.76021 1.57029 -0.0684249 
0.96531 1.56948 0.0156433 
0.731617 1.57204 0.0526239 
0.854318 1.5698 -0.0801676 
0.899228 1.56872 0.0713151 
0.899874 1.57947 0.0688306 
0.715145 1.56362 -0.0159479 
0.714975 1.57653 -0.0197867 
0.943445 1.57232 -0.0405061 
0.800566 1.57112 0.084835 
0.770254 1.57055 -0.0727383 
0.961432 1.56358 0.0246382 
0.961645 1.57377 0.0226748 
0.725338 1.56228 0.0481368 
0.725726 1.57503 0.044372 
0.866578 1.56895 -0.077503 
0.887242 1.56229 0.0775346 
0.887886 1.57315 0.0749511 
0.718076 1.56743 -0.0258651 
0.951195 1.56898 -0.0327033 
0.950937 1.57927 -0.034751 
0.788866 1.56831 0.0834622 
0.780955 1.56989 -0.0760657 
0.956221 1.56863 0.0313291 
0.956529 1.57887 0.0293222 
0.720593 1.56558 0.0392014 
0.720933 1.57841 0.0354017 
0.878811 1.56607 -0.0735147 
0.878181 1.57703 -0.0761535 
0.875667 1.56862 0.0799978 
0.722085 1.57103 -0.0352934 
0.957686 1.56459 -0.0244299 
0.95747 1.57482 -0.0264208 
0.777675 1.56666 0.0810213 
0.778379 1.57871 0.0776321 
0.792217 1.56817 -0.0783701 
0.949391 1.5644 0.0395952 
0.949739 1.5747 0.0375273 
0.716947 1.56918 0.0296648 
0.890281 1.57213 -0.0708805 
0.863336 1.56604 0.0838121 
0.864059 1.57714 0.0810449 
0.727185 1.57434 -0.0440944 
0.962545 1.56949 -0.0177092 
0.767084 1.56603 0.0775575 
0.767754 1.57823 0.0740931 
0.803954 1.56523 -0.079598 
0.803263 1.577 -0.0827924 
0.941741 1.57158 0.0452575 
0.714378 1.57299 0.0196696 
0.90212 1.56549 -0.0645811 
0.90156 1.57622 -0.0670347 
0.851003 1.56551 0.0862686 
0.851741 1.57673 0.0834082 
0.733812 1.56459 -0.0484505 
0.733368 1.57724 -0.0521499 
0.965994 1.56347 -0.0087034 
0.965911 1.57363 -0.0106239 
0.757197 1.56632 0.0731011 
0.757833 1.57864 0.0695662 
0.815369 1.57255 -0.0827904 
0.932733 1.56963 0.0524347 
0.712767 1.56398 0.0132256 
0.712861 1.57692 0.00936809 
0.913008 1.56791 -0.0597781 
0.912508 1.57854 -0.0621445 
0.83877 1.56707 0.0872903 
0.839527 1.57842 0.0843397 
0.74108 1.56709 -0.0557225 
0.967647 1.56716 -0.00140861 
0.967655 1.5773 -0.00331569 
0.748122 1.5674 0.067674 
0.827813 1.56655 -0.0815775 
0.827119 1.57804 -0.0845998 
0.922908 1.56897 0.0589674 
0.923455 1.5795 0.0566775 
0.712339 1.56796 0.00277755 
0.923419 1.56875 -0.0540853 
0.922974 1.57929 -0.0563663 
0.826726 1.57067 0.0868543 
0.749324 1.56899 -0.0621015 
0.967612 1.57068 0.00596813 
0.739964 1.5692 0.0613022 
0.839794 1.57022 -0.0820339 
0.912441 1.56973 0.0647416 
0.712935 1.57195 -0.00766925 
0.933189 1.56816 -0.047635 
0.932795 1.57861 -0.0498344 
0.814212 1.5646 0.0881148 
0.814954 1.57623 0.0849854 
0.758454 1.57021 -0.0675486 
0.965756 1.56421 0.0151935 
0.965891 1.57437 0.0132685 
0.73281 1.5716 0.0540277 
0.851959 1.57182 -0.0810329 
0.901495 1.57207 0.0696171 
0.714724 1.56296 -0.014114 
0.714565 1.57588 -0.017956 
0.942136 1.56626 -0.040534 
0.94179 1.57663 -0.0426573 
0.802752 1.57182 0.0849523 
0.768367 1.57062 -0.0720386 
0.962332 1.56837 0.0222942 
0.962559 1.57856 0.0203402 
0.726721 1.57451 0.0459184 
0.864216 1.57133 -0.0786039 
0.889564 1.56536 0.0759958 
0.890221 1.5762 0.0734321 
0.71746 1.5668 -0.0241043 
0.950066 1.56317 -0.032868 
0.949765 1.57347 -0.034923 
0.790968 1.56878 0.08378 
0.778956 1.57013 -0.0755479 
0.95716 1.56305 0.0310404 
0.957425 1.57328 0.0290393 
0.721378 1.56501 0.0408641 
0.721727 1.57782 0.0370702 
0.876464 1.56879 -0.0748302 
0.878036 1.57135 0.0786688 
0.721271 1.57045 -0.0336325 
0.956516 1.56924 -0.0267083 
0.956313 1.57948 -0.0287107 
0.779678 1.56693 0.0815298 
0.780387 1.57896 0.0781548 
0.790122 1.56861 -0.078042 
0.950852 1.56889 0.0373602 
0.951215 1.57918 0.0353072 
0.717532 1.56856 0.0314269 
0.888593 1.56432 -0.0698414 
0.88798 1.57518 -0.0724026 
0.865718 1.56843 0.0827006 
0.866452 1.5795 0.0799525 
0.726172 1.57381 -0.0425572 
0.961845 1.56409 -0.0180896 
0.961682 1.57429 -0.0200451 
0.76897 1.56613 0.0782496 
0.769646 1.5783 0.0747985 
0.801778 1.56592 -0.0794706 
0.801093 1.5777 -0.0826807 
0.943032 1.56553 0.0452261 
0.943437 1.57589 0.0431042 
0.714768 1.57234 0.0215041 
0.899876 1.56883 -0.0662595 
0.85338 1.56754 0.0853946 
0.854128 1.57874 0.0825527 
0.732596 1.56413 -0.0470478 
0.732159 1.5768 -0.0507562 
0.965453 1.56836 -0.0110738 
0.965383 1.57853 -0.0129995 
0.758946 1.56625 0.0739722 
0.759588 1.57855 0.0704498 
0.813131 1.57352 -0.0828924 
0.934165 1.56332 0.0525588 
0.934616 1.57375 0.0503603 
0.712956 1.56332 0.0151029 
0.713061 1.57625 0.0112468 
0.910857 1.57152 -0.0616029 
0.841125 1.56874 0.0866644 
0.739677 1.56673 -0.0544765 
0.7392 1.5793 -0.0581328 
0.967459 1.5721 -0.00380239 
0.749714 1.5672 0.0687203 
0.825517 1.56782 -0.0819043 
0.824831 1.57933 -0.0849435 
0.924445 1.56236 0.0592688 
0.924944 1.57287 0.0569881 
0.712341 1.56729 0.00467174 
0.921388 1.5726 -0.0560302 
0.829045 1.57201 0.0864773 
0.747749 1.56875 -0.0610216 
0.967726 1.56548 0.00547907 
0.967783 1.57563 0.00357214 
0.741382 1.56888 0.062518 
0.837462 1.57182 -0.0826096 
0.91405 1.56278 0.0652455 
0.914601 1.57339 0.0628786 
0.71275 1.57128 -0.00578712 
0.931307 1.57223 -0.049679 
0.816473 1.56564 0.0879634 
0.817223 1.57724 0.0848505 
0.756724 1.57009 -0.0666405 
0.966268 1.56911 0.0128109 
0.966417 1.57927 0.0108915 
0.734039 1.57117 0.0554037 
0.850309 1.56254 -0.0790019 
0.849604 1.57378 -0.0818571 
0.903145 1.56476 0.070352 
0.903752 1.57547 0.0678971 
0.714338 1.5623 -0.0122699 
0.714189 1.57522 -0.0161149 
0.940436 1.57053 -0.0426613 
0.804951 1.57257 0.0850317 
0.766503 1.57066 -0.0713065 
0.962995 1.56299 0.0218967 
0.96318 1.57318 0.0199469 
0.727752 1.574 0.0474402 
0.862542 1.56253 -0.076904 
0.861855 1.57365 -0.0796667 
0.891881 1.56848 0.0744292 
0.89255 1.57929 0.0718856 
0.716881 1.56616 -0.0223281 
0.716677 1.57905 -0.0261536 
0.948584 1.56762 -0.035067 
0.948295 1.57793 -0.0371363 
0.793086 1.56929 0.0840621 
0.776976 1.57035 -0.0749965 
0.958305 1.56773 0.0287342 
0.958584 1.57795 0.026745 
0.722199 1.56444 0.0425061 
0.722557 1.57725 0.0387182 
0.874114 1.57146 -0.0761122 
0.879732 1.56321 0.0799487 
0.880402 1.57414 0.0773066 
0.720494 1.56985 -0.0319514 
0.955546 1.56362 -0.0269725 
0.955301 1.57387 -0.0289813 
0.781699 1.56723 0.0820041 
0.782416 1.57924 0.0786435 
0.788043 1.56903 -0.0776788 
0.951955 1.56314 0.037166 
0.952274 1.57341 0.0351198 
0.718153 1.56795 0.0331728 
0.886275 1.56731 -0.0713156 
0.885673 1.57819 -0.0738964 
0.868101 1.57088 0.0815512 
0.725195 1.57328 -0.0409959 
0.960918 1.56886 -0.0204122 
0.960769 1.57906 -0.0223768 
0.770878 1.56625 0.0789086 
0.771561 1.5784 0.0754711 
