1.0462 0.779883 -0.0186259 
1.04256 0.788715 -0.0173415 
1.1014 0.779201 0.178775 
1.09877 0.787969 0.178679 
0.783412 0.786057 0.272552 
1.12513 0.782554 -0.0772491 
1.1225 0.790941 -0.0751815 
0.97839 0.786338 0.297123 
0.845966 0.778487 0.174681 
0.841422 0.788803 0.172786 
1.17217 0.784055 -0.0533321 
1.16994 0.792227 -0.0514776 
0.866493 0.782572 0.346918 
0.863346 0.793199 0.344549 
0.95057 0.782351 0.0699773 
0.946142 0.7918 0.0696845 
1.16612 0.78404 0.0555161 
1.16373 0.792333 0.056491 
0.793562 0.777099 0.332546 
0.789902 0.788295 0.329712 
1.06212 0.777357 -0.0333085 
1.05867 0.786092 -0.0317886 
1.08442 0.778781 0.200237 
1.08174 0.787672 0.199929 
0.789851 0.782987 0.259062 
0.785655 0.793999 0.256388 
1.13521 0.779791 -0.0790592 
1.1327 0.788125 -0.0769644 
0.961204 0.778979 0.311153 
0.958319 0.788816 0.309558 
0.858856 0.781717 0.157772 
0.854285 0.791906 0.156057 
1.176 0.783464 -0.042069 
1.17378 0.791625 -0.0403055 
0.851877 0.78258 0.347877 
0.848662 0.79333 0.345404 
0.971681 0.776846 0.0534207 
0.96736 0.786147 0.0534854 
1.15903 0.779647 0.0780297 
1.15659 0.787994 0.0788348 
0.787803 0.776848 0.324761 
0.784053 0.78807 0.321906 
1.07515 0.780498 -0.0457004 
1.07187 0.789159 -0.0440196 
1.06614 0.777881 0.221387 
1.06342 0.786906 0.220865 
0.798086 0.780297 0.244385 
0.793805 0.791188 0.241828 
1.14337 0.781974 -0.0776886 
1.14094 0.79027 -0.0756138 
0.940645 0.783034 0.321675 
0.937733 0.793042 0.319894 
0.873092 0.785125 0.140583 
1.17941 0.779017 -0.0288795 
1.17718 0.787168 -0.027209 
0.837592 0.783326 0.347327 
0.989134 0.779637 0.0363193 
0.984938 0.788827 0.0366729 
1.14776 0.782062 0.102125 
1.14527 0.790495 0.102716 
0.783751 0.777501 0.315079 
0.779913 0.788731 0.312217 
1.08864 0.780462 -0.0569941 
1.08555 0.789045 -0.0551619 
1.04676 0.777195 0.24187 
1.04401 0.786364 0.241131 
0.807736 0.778237 0.228792 
0.803376 0.788996 0.226369 
1.15179 0.781594 -0.0752694 
1.14943 0.78985 -0.0732168 
0.922691 0.77968 0.331548 
0.919722 0.789832 0.329621 
0.892795 0.779018 0.124608 
0.888206 0.788902 0.123397 
1.17967 0.779929 -0.0121223 
1.17742 0.788093 -0.0105884 
0.82373 0.785486 0.345221 
1.00659 0.781596 0.0192127 
1.00254 0.790675 0.0198562 
1.13445 0.784922 0.126103 
1.13192 0.793453 0.126472 
0.781265 0.779814 0.303597 
0.777342 0.791034 0.300741 
1.10196 0.777831 -0.0667251 
1.09904 0.786337 -0.0647616 
1.02642 0.778666 0.260819 
1.02364 0.78799 0.25986 
0.818152 0.777512 0.21267 
0.813723 0.788139 0.210391 
1.15982 0.779878 -0.0715633 
1.15753 0.788095 -0.0695401 
0.904601 0.780214 0.338591 
0.901583 0.790518 0.336516 
0.908102 0.783551 0.107589 
0.903536 0.793314 0.106611 
1.17839 0.779683 0.00624723 
1.17611 0.787868 0.00763564 
0.813875 0.779104 0.343996 
0.810415 0.79016 0.341274 
1.02338 0.78289 0.00267517 
1.01949 0.791865 0.00359411 
1.12158 0.781359 0.149043 
1.119 0.789982 0.149219 
0.780104 0.784394 0.290504 
1.11192 0.781563 -0.0724749 
1.10913 0.790019 -0.0704573 
1.0052 0.783875 0.277408 
1.0024 0.793367 0.276226 
0.828942 0.778504 0.196328 
0.824457 0.789004 0.194197 
1.16706 0.777267 -0.0662943 
1.16482 0.785451 -0.0643106 
1.16256 0.793653 -0.062367 
0.886483 0.785174 0.342579 
0.92791 0.778953 0.0918123 
0.923386 0.788562 0.0911541 
1.17529 0.779027 0.0259876 
1.17296 0.787243 0.0272205 
0.801359 0.786546 0.338071 
1.03947 0.783137 -0.0129603 
1.03576 0.792013 -0.0117853 
1.10677 0.77999 0.171221 
1.10415 0.788719 0.171194 
0.784326 0.779894 0.278771 
0.780231 0.791007 0.276006 
1.12165 0.782969 -0.07626 
1.11898 0.791374 -0.0742044 
0.986007 0.783246 0.292705 
0.983181 0.792889 0.291336 
0.840284 0.780894 0.179838 
0.835757 0.79127 0.177863 
1.17139 0.781121 -0.0573537 
1.16916 0.789293 -0.0554571 
0.871545 0.783108 0.346117 
0.868422 0.793693 0.343784 
0.943492 0.783934 0.0755309 
0.939034 0.793434 0.07512 
1.17041 0.777365 0.0469838 
1.16804 0.785623 0.0480534 
1.16567 0.793901 0.0490836 
0.793472 0.784973 0.332883 
1.05539 0.781467 -0.027785 
1.05186 0.790245 -0.0263689 
1.09029 0.779587 0.192801 
1.08763 0.788435 0.192564 
0.786013 0.787676 0.262996 
1.13158 0.78138 -0.0785018 
1.12903 0.789733 -0.0764173 
0.966151 0.785059 0.305891 
0.852694 0.783978 0.163099 
1.17531 0.781863 -0.0466965 
1.1731 0.790023 -0.0448903 
0.856831 0.782796 0.347656 
0.853641 0.793504 0.345216 
0.964318 0.778731 0.0592845 
0.959956 0.788083 0.0592239 
1.1615 0.782007 0.0701386 
1.15908 0.790336 0.0710003 
0.787075 0.784486 0.325749 
1.0716 0.777015 -0.042034 
1.06828 0.785694 -0.0403879 
1.07243 0.778876 0.214051 
1.06973 0.787855 0.213601 
0.793614 0.784829 0.248745 
1.13955 0.784689 -0.07749 
1.13708 0.793006 -0.075425 
0.948647 0.778642 0.318747 
0.945735 0.788581 0.317042 
0.871073 0.777207 0.147589 
0.866483 0.78728 0.146055 
1.17891 0.778704 -0.0341671 
1.17669 0.786854 -0.0324532 
0.84242 0.783269 0.347613 
0.839159 0.794099 0.345072 
0.981612 0.781853 0.0423818 
0.977365 0.791093 0.042606 
1.15086 0.784796 0.0940081 
1.14839 0.793206 0.0946576 
0.782373 0.784772 0.316712 
1.08494 0.778063 -0.0538024 
1.08179 0.786665 -0.0520017 
1.05342 0.777942 0.234831 
1.05068 0.787062 0.234165 
0.802815 0.782435 0.233473 
0.79849 0.793259 0.230982 
1.15035 0.776782 -0.0775487 
1.14798 0.78504 -0.075461 
1.14559 0.793318 -0.0734163 
0.927839 0.784263 0.327712 
0.885961 0.780904 0.130211 
0.88137 0.790847 0.128895 
1.17957 0.780397 -0.0180263 
1.17732 0.788557 -0.0164469 
0.828397 0.784811 0.346071 
0.99921 0.784027 0.0253112 
0.995101 0.793155 0.0258275 
1.14079 0.778813 0.117558 
1.13827 0.787294 0.118028 
0.779312 0.786408 0.305839 
1.09536 0.784803 -0.0622365 
1.09236 0.793352 -0.0603544 
1.0334 0.77844 0.254408 
1.03063 0.787711 0.253523 
0.813009 0.781127 0.217539 
0.808611 0.791817 0.215188 
1.15624 0.783662 -0.0722464 
1.15392 0.7919 -0.0702274 
0.909762 0.783371 0.335734 
0.906774 0.793635 0.333695 
0.901262 0.785167 0.113094 
1.17888 0.7804 -0.000198997 
1.1766 0.788578 0.00123832 
0.81831 0.777499 0.345485 
0.814872 0.788517 0.342796 
1.01632 0.785527 0.00861065 
1.1261 0.782926 0.141173 
1.12354 0.791517 0.141414 
0.78164 0.778976 0.29612 
0.777657 0.790166 0.293289 
1.10842 0.780747 -0.0706576 
1.10559 0.789221 -0.0686583 
1.01247 0.782269 0.271866 
1.00968 0.791704 0.27076 
0.823659 0.781481 0.201301 
0.8192 0.792042 0.199096 
1.16379 0.78138 -0.0675594 
1.16153 0.789582 -0.0655761 
0.891628 0.786884 0.34072 
0.921091 0.780364 0.0973057 
0.91655 0.790024 0.0965365 
1.17641 0.779896 0.0190767 
1.1741 0.788102 0.020362 
0.805508 0.783974 0.340294 
1.03643 0.777296 -0.0083985 
1.03267 0.786186 -0.00726022 
1.11194 0.78089 0.163603 
1.10933 0.789582 0.163644 
0.781327 0.784973 0.282083 
1.11819 0.783021 -0.0750853 
1.11548 0.791444 -0.073043 
0.993539 0.780478 0.287995 
0.990715 0.790059 0.286701 
0.834742 0.783416 0.18492 
0.830236 0.793853 0.182866 
1.17055 0.777806 -0.0611889 
1.16833 0.785976 -0.0592505 
0.876625 0.783848 0.345078 
0.936506 0.785443 0.0810117 
1.17213 0.77871 0.039627 
1.16977 0.786954 0.0407514 
0.797208 0.78179 0.335806 
0.793623 0.792975 0.332976 
1.04864 0.785261 -0.0222564 
1.04504 0.794083 -0.0209467 
1.096 0.780337 0.185339 
1.09335 0.789144 0.185173 
0.786567 0.78138 0.269474 
0.782422 0.792448 0.266749 
1.12801 0.78255 -0.0778093 
1.12541 0.790922 -0.0757356 
0.973912 0.78153 0.301943 
0.97106 0.791267 0.300462 
0.846713 0.786295 0.168337 
1.17459 0.779777 -0.0511183 
1.17238 0.787936 -0.0492697 
0.861823 0.783092 0.347248 
0.858658 0.793759 0.344844 
0.957047 0.780503 0.0650308 
0.952648 0.789906 0.0648473 
1.16378 0.784111 0.0623919 
1.16138 0.792423 0.0633098 
0.790288 0.780996 0.329353 
0.786615 0.792221 0.326492 
1.06479 0.781815 -0.0366115 
1.06139 0.790537 -0.0350662 
1.07858 0.779823 0.206675 
1.0759 0.788757 0.206297 
0.793594 0.778487 0.255568 
0.789362 0.789444 0.252947 
1.13825 0.778735 -0.0792723 
1.13577 0.787053 -0.0771724 
0.953684 0.784421 0.313867 
0.864595 0.779366 0.153084 
0.860014 0.7895 0.151454 
1.17832 0.777984 -0.0392331 
1.17611 0.786133 -0.0374762 
0.847295 0.78333 0.347723 
0.844061 0.79412 0.345216 
0.974097 0.783983 0.0483436 
0.969803 0.793274 0.048439 
1.1562 0.779101 0.0852207 
1.15374 0.787469 0.0859675 
0.785016 0.780981 0.320978 
0.781254 0.792226 0.3181 
1.07808 0.783927 -0.0486483 
1.07485 0.792573 -0.0469424 
1.05995 0.778854 0.227659 
1.05722 0.787925 0.227066 
0.798034 0.786802 0.238036 
1.14653 0.780016 -0.0775898 
1.14413 0.788295 -0.0755105 
0.935923 0.779191 0.325402 
0.932985 0.789233 0.323586 
0.879172 0.782895 0.135785 
0.874584 0.792898 0.134366 
1.1793 0.780665 -0.0237185 
1.17707 0.788823 -0.0220945 
0.833125 0.784399 0.346714 
0.995877 0.777266 0.0309091 
0.99173 0.78641 0.0313794 
1.14434 0.781406 0.109401 
1.14183 0.789863 0.109931 
0.781436 0.782048 0.31073 
0.777585 0.793295 0.30785 
1.09165 0.782996 -0.059466 
1.0886 0.791564 -0.0576121 
1.04026 0.778622 0.247747 
1.03751 0.787841 0.246936 
0.807934 0.784986 0.222332 
1.15488 0.779124 -0.0748035 
1.15256 0.787363 -0.0727484 
0.917928 0.776851 0.334501 
0.914934 0.78704 0.332539 
0.898995 0.777061 0.119721 
0.894409 0.786892 0.118607 
1.17914 0.78107 -0.00646413 
1.17688 0.789242 -0.00497914 
0.81941 0.787231 0.344074 
1.01312 0.779061 0.0138226 
1.00913 0.788096 0.0145789 
1.13038 0.784787 0.13322 
1.12784 0.793348 0.133526 
0.779345 0.785015 0.298737 
1.10487 0.779674 -0.0685895 
1.102 0.788166 -0.0666107 
1.01964 0.781149 0.266013 
1.01686 0.790527 0.264981 
0.818438 0.784689 0.206217 
1.16268 0.777155 -0.0706376 
1.16041 0.785358 -0.0686153 
1.15812 0.793579 -0.0666337 
0.899831 0.778709 0.340647 
0.896791 0.789051 0.338537 
0.914277 0.78182 0.102798 
0.909721 0.791533 0.101919 
1.17732 0.78069 0.0123255 
1.17502 0.788886 0.0136619 
0.809768 0.781712 0.34226 
0.806294 0.792805 0.339505 
1.02961 0.780138 -0.0025432 
1.02579 0.789072 -0.00151855 
1.11689 0.781971 0.155908 
1.1143 0.790628 0.156017 
0.782581 0.779117 0.288003 
0.778542 0.790274 0.285201 
1.11474 0.782744 -0.0737048 
1.11199 0.791185 -0.0716772 
1.00098 0.778087 0.28298 
0.998162 0.787608 0.281763 
0.829319 0.786087 0.189933 
1.16744 0.78234 -0.0628624 
1.1652 0.790528 -0.0609225 
0.88173 0.78486 0.343776 
0.934099 0.777342 0.0869976 
0.929594 0.786905 0.0864412 
1.17365 0.779842 0.0324302 
1.1713 0.788073 0.0336084 
0.801094 0.778787 0.338478 
0.797528 0.789938 0.335679 
1.04553 0.779937 -0.017989 
1.04188 0.788773 -0.0167149 
1.10153 0.781077 0.177842 
1.0989 0.789845 0.177746 
0.783177 0.786205 0.273094 
1.12449 0.78331 -0.0769671 
1.12185 0.791701 -0.0749048 
0.981597 0.778245 0.297715 
0.978746 0.787918 0.29631 
0.845448 0.77836 0.17539 
0.840905 0.788681 0.173488 
1.17384 0.777224 -0.0553419 
1.17163 0.785382 -0.0534509 
1.16939 0.793559 -0.0515993 
0.866849 0.783495 0.346641 
0.863709 0.79412 0.344272 
0.94988 0.782169 0.0706701 
0.945447 0.791622 0.0703662 
1.16826 0.77766 0.053787 
1.16587 0.785935 0.0548001 
0.793686 0.777604 0.332713 
0.790031 0.7888 0.329878 
1.06144 0.777525 -0.0326969 
1.05798 0.786264 -0.0311867 
1.08459 0.780691 0.199273 
1.08192 0.789582 0.198966 
0.789539 0.783112 0.259659 
1.13456 0.780688 -0.0788253 
1.13204 0.789026 -0.0767354 
0.961573 0.780517 0.310391 
0.958694 0.790352 0.308798 
0.858279 0.78158 0.158494 
0.853709 0.791775 0.156772 
1.17767 0.776809 -0.0440811 
1.17547 0.784956 -0.0422814 
1.17324 0.793121 -0.0405206 
0.852215 0.783479 0.34766 
0.970953 0.776707 0.0541389 
0.966627 0.786014 0.0541916 
1.15885 0.781646 0.0772282 
1.15641 0.789995 0.0780322 
0.787851 0.777323 0.325009 
0.784107 0.788547 0.322152 
1.07444 0.780802 -0.0451217 
1.07116 0.789467 -0.0434504 
1.06636 0.779839 0.220393 
1.06364 0.788864 0.219872 
0.797702 0.780407 0.245027 
0.793424 0.791303 0.242465 
1.1427 0.783 -0.0774997 
1.14027 0.791301 -0.0754297 
0.941028 0.784514 0.320978 
0.872464 0.784979 0.141314 
1.1789 0.780658 -0.029192 
1.17667 0.788813 -0.0275241 
0.837909 0.784198 0.347163 
0.988386 0.779542 0.0370485 
0.984184 0.788736 0.0373897 
1.14764 0.784112 0.101256 
1.14516 0.792546 0.101846 
0.783725 0.777926 0.315405 
0.779892 0.789158 0.312542 
1.08793 0.780889 -0.0564641 
1.08483 0.789476 -0.0546405 
1.04702 0.779139 0.240874 
1.04427 0.788308 0.240136 
0.807305 0.778307 0.229465 
0.802948 0.789071 0.227037 
1.15114 0.782698 -0.0751316 
1.14878 0.790958 -0.0730833 
0.923076 0.781045 0.330941 
0.920113 0.791195 0.329014 
0.892145 0.778845 0.12534 
0.887554 0.788734 0.12412 
1.17921 0.781657 -0.0125369 
1.17695 0.789824 -0.0110055 
0.82402 0.786284 0.34512 
1.00586 0.78153 0.0199307 
1.0018 0.790614 0.0205621 
1.13695 0.778425 0.124792 
1.13442 0.786935 0.1252 
0.781173 0.780151 0.303997 
0.777256 0.791375 0.301138 
1.10128 0.77835 -0.0662651 
1.09835 0.786861 -0.0643091 
1.02671 0.780512 0.259861 
1.02394 0.789835 0.258903 
0.8177 0.777512 0.213359 
0.813273 0.788145 0.211073 
1.1592 0.781015 -0.0714899 
1.15691 0.789237 -0.0694704 
0.904982 0.781413 0.338093 
0.901971 0.791714 0.336019 
0.907452 0.783351 0.108298 
0.902885 0.793118 0.10731 
1.178 0.781439 0.00573851 
1.17571 0.789627 0.00712497 
0.814128 0.779791 0.343971 
0.810674 0.790847 0.341249 
1.02268 0.782856 0.00335937 
1.01878 0.791835 0.00426699 
1.12162 0.78329 0.148128 
1.11904 0.791913 0.148304 
0.779956 0.784632 0.290968 
1.11126 0.782169 -0.0720994 
1.10847 0.790629 -0.0700882 
1.00552 0.785585 0.276512 
0.828474 0.778434 0.197023 
0.823992 0.788939 0.194885 
1.16649 0.778447 -0.0662964 
1.16424 0.786634 -0.0643159 
0.886859 0.786214 0.342189 
0.927258 0.778738 0.0925087 
0.922733 0.788351 0.0918401 
1.17496 0.780812 0.0253914 
1.17263 0.789031 0.0266228 
0.80157 0.787128 0.338128 
1.03879 0.783163 -0.0123148 
1.03507 0.792043 -0.0111504 
1.10688 0.781869 0.170294 
1.10426 0.790599 0.170268 
0.784114 0.780057 0.279296 
0.780022 0.791174 0.276527 
1.12101 0.783681 -0.075957 
1.11833 0.79209 -0.073907 
0.986352 0.784852 0.291872 
0.839782 0.780778 0.180541 
0.835257 0.791159 0.178559 
1.17083 0.782401 -0.0574408 
1.16861 0.790576 -0.0555471 
0.871907 0.784051 0.345815 
0.942814 0.78374 0.0762188 
0.938352 0.793245 0.075797 
1.17015 0.779224 0.0462998 
1.16778 0.787484 0.0473681 
0.793624 0.785492 0.333021 
1.05471 0.781593 -0.0271684 
1.05117 0.790376 -0.0257624 
1.09045 0.781482 0.191848 
1.08779 0.790331 0.191612 
0.789911 0.776792 0.266249 
0.785729 0.78781 0.263572 
1.13093 0.782228 -0.0782525 
1.12837 0.790586 -0.0761731 
0.969396 0.776842 0.306628 
0.966518 0.786611 0.305111 
0.852138 0.783846 0.163815 
0.847582 0.794102 0.162004 
1.17478 0.783297 -0.0468746 
1.17256 0.791461 -0.0450713 
0.857176 0.783702 0.347418 
0.963601 0.778578 0.0599935 
0.959234 0.787935 0.0599211 
1.1613 0.783975 0.0693652 
1.15888 0.792306 0.0702257 
0.787153 0.784973 0.325968 
1.0709 0.777271 -0.0414395 
1.06757 0.785954 -0.0398029 
1.07263 0.780824 0.213066 
1.06994 0.789803 0.212617 
0.793254 0.784949 0.249371 
1.14134 0.777376 -0.0793916 
1.13889 0.785678 -0.0772869 
1.13641 0.793999 -0.0752269 
0.949024 0.780151 0.318025 
0.946119 0.790087 0.316321 
0.870458 0.777063 0.148325 
0.865869 0.787141 0.146782 
1.17839 0.7803 -0.0344437 
1.17617 0.788454 -0.0327324 
0.842744 0.784156 0.34743 
0.980864 0.781747 0.0431053 
0.976611 0.790992 0.0433171 
1.15319 0.77845 0.0924708 
1.15072 0.786841 0.0931588 
0.782374 0.785221 0.31701 
1.08423 0.77845 -0.0532495 
1.08108 0.787057 -0.0514578 
1.05366 0.779904 0.233831 
1.05093 0.789023 0.233166 
0.802397 0.782526 0.234136 
0.798076 0.793355 0.231639 
