1.02555 0.778066 0.0800903 
1.0219 0.78716 0.0803153 
1.02647 0.782535 0.185131 
1.02333 0.791782 0.184595 
0.91263 0.777387 0.194118 
0.908675 0.787358 0.192734 
1.077 0.784807 0.0686399 
1.07385 0.793615 0.0692138 
0.9419 0.781524 0.242802 
0.938489 0.79141 0.241392 
0.979873 0.783687 0.114399 
0.975981 0.793098 0.114012 
1.06356 0.78329 0.136516 
1.06049 0.792253 0.136509 
0.899388 0.783067 0.226524 
0.895602 0.793213 0.224866 
1.05636 0.781669 0.0638344 
1.05298 0.790579 0.06436 
0.98544 0.780199 0.221528 
0.982184 0.789755 0.220529 
0.940488 0.777142 0.156446 
0.936486 0.786854 0.155495 
1.08205 0.78129 0.0927412 
1.07899 0.790094 0.0931576 
0.913478 0.779449 0.244504 
0.909884 0.789529 0.242886 
1.01996 0.783292 0.0826234 
1.01629 0.792427 0.0827699 
1.03198 0.777258 0.181425 
1.02884 0.786459 0.180962 
0.909163 0.781551 0.19682 
0.905226 0.791559 0.195382 
1.07854 0.777155 0.0667719 
1.07537 0.785943 0.0673978 
0.9453 0.78136 0.241817 
0.941904 0.79122 0.240436 
0.978396 0.778042 0.118021 
0.974485 0.787459 0.117619 
1.06756 0.778657 0.132322 
1.0645 0.787586 0.132381 
0.901193 0.778666 0.229434 
0.897413 0.788797 0.227791 
1.05434 0.780225 0.0644738 
1.05094 0.789145 0.0649891 
0.988599 0.782539 0.218498 
0.98536 0.792074 0.217529 
0.935884 0.780635 0.159743 
0.931886 0.790389 0.158722 
1.08138 0.78441 0.0898712 
1.07832 0.793217 0.0902956 
0.916428 0.777144 0.245453 
0.912845 0.787202 0.24386 
1.01805 0.779222 0.0850762 
1.01436 0.788365 0.085207 
1.03424 0.781279 0.17719 
1.03111 0.790466 0.176754 
0.905823 0.785831 0.199411 
1.07687 0.778077 0.0656877 
1.07368 0.786874 0.0663116 
0.948708 0.78141 0.240648 
0.945327 0.791245 0.239297 
0.973058 0.781722 0.121316 
0.969135 0.791181 0.120835 
1.06835 0.782916 0.128243 
1.0653 0.79184 0.128321 
0.899335 0.784549 0.230565 
1.05232 0.778542 0.0652804 
1.04889 0.787472 0.0657849 
0.991709 0.785067 0.215327 
0.931376 0.784171 0.162987 
0.927383 0.793966 0.161898 
1.08367 0.778583 0.0866674 
1.08061 0.787368 0.0871489 
0.915874 0.785071 0.244648 
1.01247 0.784108 0.0877842 
1.00875 0.793294 0.0878355 
1.0364 0.785373 0.172925 
0.90653 0.780196 0.203372 
0.902612 0.790233 0.201885 
1.07514 0.778793 0.0647608 
1.07194 0.787599 0.0653819 
0.952118 0.781677 0.239296 
0.948753 0.791486 0.237974 
0.967763 0.78536 0.124604 
1.07207 0.778228 0.124106 
1.06901 0.787121 0.124249 
0.901366 0.780472 0.23318 
0.897623 0.790614 0.231516 
1.04684 0.78556 0.0667474 
0.997994 0.778316 0.212885 
0.994767 0.787776 0.212022 
0.930967 0.777963 0.167267 
0.926966 0.787759 0.166173 
1.08278 0.781368 0.0840886 
1.07971 0.790158 0.0845763 
0.918966 0.783139 0.245251 
0.915433 0.79319 0.243659 
1.01061 0.779666 0.0904974 
1.00687 0.788859 0.0905327 
1.04157 0.780398 0.168979 
1.03846 0.789528 0.168642 
0.903431 0.784692 0.205775 
1.07336 0.779299 0.0639918 
1.07014 0.788114 0.0646092 
0.955526 0.78216 0.237762 
0.952176 0.791945 0.23647 
0.966465 0.779459 0.128452 
0.962515 0.788966 0.127879 
1.07257 0.782372 0.120187 
1.06952 0.791262 0.120346 
0.89977 0.786697 0.233985 
1.0448 0.783408 0.0678764 
1.04132 0.792388 0.0682975 
1.00098 0.781216 0.209425 
0.997768 0.790655 0.208591 
0.926653 0.781568 0.170456 
0.922661 0.791404 0.169296 
1.08179 0.783979 0.0816618 
1.07871 0.792775 0.0821547 
0.922113 0.781406 0.245667 
0.918594 0.791433 0.244102 
1.00504 0.784246 0.0933612 
1.00128 0.793482 0.0933161 
1.04351 0.784618 0.164661 
1.04041 0.793737 0.164348 
0.904361 0.779259 0.209578 
0.900466 0.789323 0.208048 
1.07153 0.779591 0.0633815 
1.0683 0.788416 0.0639943 
0.958926 0.782862 0.236047 
0.955591 0.792622 0.234785 
0.96128 0.782998 0.131789 
0.957322 0.792547 0.131139 
1.07599 0.777578 0.116146 
1.07294 0.786439 0.116369 
0.902021 0.78296 0.236285 
0.898319 0.793109 0.234605 
1.04277 0.781019 0.0691712 
1.03927 0.790008 0.0695795 
1.0039 0.784277 0.205849 
1.00071 0.793698 0.205044 
0.922445 0.785238 0.173576 
1.08378 0.777638 0.0788399 
1.08069 0.786411 0.0793881 
0.925312 0.779873 0.245899 
0.921805 0.789876 0.244361 
1.00326 0.779466 0.0963164 
0.999472 0.788708 0.0962553 
1.04843 0.779801 0.160585 
1.04533 0.788879 0.160343 
0.90151 0.783998 0.211764 
0.897639 0.794096 0.210186 
1.06967 0.779668 0.0629309 
1.06642 0.788502 0.0635385 
0.962313 0.783782 0.234153 
0.958994 0.793518 0.232922 
0.960125 0.776968 0.135769 
0.956153 0.786521 0.135106 
1.07622 0.781558 0.112421 
1.07317 0.790418 0.112659 
0.904375 0.779406 0.238412 
0.900681 0.789537 0.236753 
1.04075 0.778393 0.0706306 
1.03722 0.787392 0.0710257 
1.00995 0.778123 0.202895 
1.00676 0.787492 0.202165 
0.922335 0.779106 0.17785 
0.918347 0.788981 0.176624 
1.08259 0.77988 0.0767164 
1.0795 0.788661 0.0772681 
0.928555 0.778543 0.245945 
0.925062 0.78852 0.244434 
0.997716 0.783775 0.0993164 
0.993909 0.79306 0.0991747 
1.05013 0.784104 0.156254 
1.04704 0.793172 0.156036 
0.902665 0.778795 0.215378 
0.898797 0.788884 0.213809 
1.06777 0.779524 0.0626411 
1.0645 0.788368 0.0632426 
0.965682 0.784919 0.232084 
0.955068 0.78044 0.139138 
0.951091 0.790036 0.1384 
1.0763 0.785439 0.108813 
0.903142 0.786151 0.238724 
1.03519 0.784541 0.0726344 
1.03164 0.793581 0.0729544 
1.01273 0.781498 0.199085 
1.00955 0.790849 0.198385 
0.918338 0.782888 0.180881 
0.914363 0.792802 0.179593 
1.08132 0.781935 0.0747479 
1.07821 0.790723 0.0753022 
0.931838 0.777416 0.245805 
0.928358 0.787369 0.244322 
0.996011 0.778692 0.102495 
0.992183 0.787984 0.102337 
1.05479 0.779399 0.152093 
1.0517 0.788428 0.151944 
0.900069 0.783802 0.217321 
0.896226 0.793924 0.215707 
1.06585 0.779157 0.0625134 
1.06255 0.788011 0.0631082 
0.96903 0.786272 0.229841 
0.950079 0.783913 0.142479 
0.946099 0.793551 0.141666 
1.07929 0.780377 0.105014 
1.07624 0.789209 0.105326 
0.905699 0.782954 0.240517 
0.90205 0.793088 0.238847 
1.03319 0.78146 0.0744035 
1.02961 0.790509 0.0747092 
1.01542 0.785006 0.195188 
0.918435 0.776843 0.185116 
0.914456 0.786755 0.183827 
1.07995 0.7838 0.0729345 
1.07683 0.792595 0.0734904 
0.931688 0.786423 0.244026 
0.990512 0.782768 0.105612 
0.986666 0.792102 0.105374 
1.05623 0.783743 0.147791 
1.05315 0.792763 0.147665 
0.901452 0.778859 0.220715 
0.897614 0.788968 0.219112 
1.06389 0.778564 0.0625491 
1.06058 0.787428 0.0631363 
0.975643 0.778208 0.228524 
0.97235 0.787837 0.227429 
0.949156 0.777753 0.146611 
0.945164 0.787394 0.145788 
1.0791 0.784025 0.101643 
1.07605 0.792859 0.101967 
0.908348 0.779948 0.242129 
0.904708 0.790061 0.240481 
1.0312 0.778153 0.0763304 
1.0276 0.787211 0.0766216 
1.02121 0.77935 0.191812 
1.01804 0.788634 0.191214 
0.914657 0.780765 0.188032 
0.910693 0.790715 0.186684 
1.08164 0.776695 0.0706672 
1.07851 0.78547 0.0712762 
0.935046 0.785684 0.243544 
0.988899 0.777419 0.108995 
0.985033 0.78676 0.108741 
1.06062 0.779101 0.143586 
1.05754 0.788085 0.143529 
0.899115 0.784157 0.22239 
1.06192 0.777741 0.0627493 
1.05858 0.786615 0.0633284 
0.978914 0.780006 0.225917 
0.975638 0.789612 0.224852 
0.944322 0.781207 0.149957 
0.940329 0.79089 0.149061 
1.08183 0.778735 0.0980229 
1.07878 0.787543 0.0984067 
0.911083 0.777135 0.243557 
0.907453 0.787226 0.241933 
1.02562 0.783693 0.0786884 
1.02199 0.792792 0.0789021 
1.02373 0.783106 0.187742 
1.02058 0.792375 0.187172 
0.911 0.784785 0.190851 
1.08013 0.778161 0.0691639 
1.07699 0.786945 0.0697732 
0.938426 0.785155 0.242879 
0.98346 0.781296 0.112211 
0.979578 0.790679 0.111877 
1.06179 0.78344 0.139353 
1.05872 0.792417 0.139316 
0.900729 0.779498 0.225533 
0.896924 0.789625 0.223901 
1.05993 0.776686 0.0631153 
1.05657 0.785569 0.0636854 
0.98215 0.782008 0.223151 
0.97889 0.791592 0.222116 
0.939571 0.784686 0.153261 
1.08137 0.78211 0.0949147 
1.07832 0.790921 0.0953081 
0.910281 0.784586 0.2432 
1.02367 0.779961 0.0809064 
1.02002 0.789068 0.0811048 
1.02931 0.777741 0.184112 
1.02616 0.786963 0.183616 
0.911415 0.778928 0.194972 
0.907465 0.788911 0.19357 
1.07856 0.779428 0.0678168 
1.0754 0.78822 0.0684253 
0.941823 0.784837 0.242028 
0.978049 0.785107 0.11543 
1.06589 0.778813 0.13515 
1.06282 0.787755 0.13518 
0.898655 0.785109 0.226917 
1.05455 0.784289 0.0642085 
1.05116 0.793212 0.0647107 
0.985345 0.78421 0.220232 
0.982101 0.793772 0.219227 
0.938909 0.778469 0.157495 
0.934908 0.788195 0.15652 
1.08079 0.785336 0.0919491 
0.913185 0.78214 0.244283 
0.909604 0.792228 0.242656 
1.01808 0.785137 0.0834547 
1.03164 0.781703 0.179912 
1.02851 0.79091 0.179442 
0.907988 0.783129 0.197638 
0.904058 0.793149 0.196181 
1.07692 0.780492 0.0666259 
1.07374 0.789293 0.0672329 
0.945231 0.784733 0.240994 
0.976587 0.779432 0.119076 
0.972673 0.788863 0.118647 
1.06678 0.7831 0.131026 
1.06372 0.792037 0.131075 
0.900498 0.780757 0.229784 
0.896728 0.790898 0.228128 
1.05252 0.782771 0.0648982 
1.0491 0.791704 0.0653898 
0.991742 0.777098 0.218095 
0.988494 0.786604 0.217166 
0.934335 0.781976 0.160774 
0.930339 0.791744 0.15973 
1.08316 0.779615 0.0886696 
1.08009 0.788405 0.0891292 
0.916161 0.779892 0.24518 
0.912591 0.789956 0.243578 
1.01617 0.781006 0.0859477 
1.01247 0.790164 0.0860516 
1.03387 0.785744 0.175675 
0.908621 0.777434 0.201644 
0.90469 0.787448 0.200191 
1.07522 0.781351 0.0655917 
1.07203 0.790161 0.0661962 
0.948645 0.784845 0.239776 
0.971262 0.783099 0.122368 
0.967336 0.792572 0.12186 
1.07059 0.778437 0.126865 
1.06753 0.787341 0.126979 
0.898688 0.786699 0.230856 
1.05048 0.781014 0.065755 
1.04705 0.789957 0.0662355 
0.994825 0.779699 0.21486 
0.991594 0.789184 0.213961 
0.929858 0.785529 0.163998 
1.08234 0.782516 0.0859909 
1.07928 0.791311 0.0864573 
0.919203 0.77784 0.245892 
0.915645 0.787881 0.244315 
1.01431 0.776683 0.0885798 
1.01058 0.785849 0.0886677 
1.03912 0.780704 0.171784 
1.036 0.789854 0.171413 
0.905433 0.781843 0.20413 
0.901523 0.791893 0.202625 
1.07347 0.782003 0.0647147 
1.07026 0.790822 0.0653159 
0.95206 0.785173 0.238375 
0.969925 0.777248 0.126171 
0.965982 0.786726 0.12565 
1.07119 0.782625 0.122888 
1.06814 0.791526 0.12302 
0.900756 0.782673 0.233425 
0.897025 0.792824 0.231749 
1.04845 0.779019 0.0667789 
1.045 0.787972 0.0672477 
0.997854 0.782477 0.211494 
0.994639 0.791942 0.210625 
0.92948 0.779326 0.16828 
0.925482 0.789135 0.167163 
1.08142 0.785247 0.0834631 
1.07834 0.794048 0.0839351 
0.91876 0.786005 0.244867 
1.00874 0.78135 0.0914183 
1.00499 0.790558 0.0914264 
1.04114 0.784886 0.167479 
1.03803 0.794024 0.167133 
0.902378 0.786383 0.20649 
1.07167 0.782443 0.0639954 
1.06844 0.791272 0.0645925 
0.955471 0.785718 0.236793 
0.964703 0.780803 0.129518 
0.960751 0.790324 0.128919 
1.07471 0.777873 0.11881 
1.07166 0.786744 0.119006 
0.902932 0.778824 0.235828 
0.899208 0.788958 0.23417 
1.04643 0.776784 0.0679695 
1.04295 0.785747 0.0684261 
1.00082 0.785424 0.208006 
0.9252 0.782952 0.171446 
0.921211 0.792802 0.170264 
1.08347 0.779024 0.0805595 
1.08039 0.787803 0.0810873 
0.921929 0.784328 0.245233 
1.00694 0.776678 0.0942988 
1.00317 0.785893 0.0942908 
1.04615 0.780021 0.163443 
1.04304 0.789117 0.163168 
0.903344 0.780983 0.210266 
0.899458 0.79106 0.208719 
1.06982 0.78267 0.0634349 
1.06658 0.791508 0.0640271 
0.962218 0.776754 0.236252 
0.958873 0.786482 0.235031 
0.959536 0.784337 0.132848 
0.955577 0.793901 0.132172 
1.07503 0.781914 0.115016 
1.07198 0.790783 0.115227 
0.901495 0.785274 0.236421 
1.04091 0.783284 0.0697697 
1.0374 0.792287 0.0701529 
1.00693 0.779136 0.205169 
1.00373 0.788529 0.204404 
0.925022 0.776797 0.175727 
0.921027 0.786645 0.174542 
1.08235 0.781394 0.0783327 
1.07925 0.790179 0.0788645 
0.925147 0.782852 0.245414 
0.921653 0.79286 0.243868 
1.00139 0.781062 0.0972803 
0.997597 0.790319 0.0971919 
1.04793 0.784301 0.159112 
1.04483 0.793386 0.158861 
0.900538 0.78577 0.212406 
1.06794 0.782679 0.0630342 
1.06468 0.791526 0.0636207 
0.965589 0.77776 0.234281 
0.96226 0.787464 0.23309 
0.958403 0.778289 0.136845 
0.954429 0.787857 0.136156 
1.07826 0.777022 0.111059 
1.07521 0.785862 0.111333 
0.903884 0.781774 0.238499 
0.900202 0.791913 0.236828 
1.03889 0.780586 0.0712773 
1.03535 0.789598 0.071647 
1.00976 0.78241 0.201434 
1.00657 0.791785 0.200698 
0.920949 0.780525 0.178811 
0.916966 0.790413 0.177563 
1.08113 0.783578 0.0762603 
1.07802 0.792371 0.0767952 
0.928408 0.781578 0.245409 
0.924928 0.791561 0.243891 
0.99585 0.785339 0.100286 
1.05268 0.779563 0.154974 
1.04959 0.788609 0.154794 
0.901731 0.780606 0.215988 
0.897871 0.790706 0.214403 
1.06603 0.782467 0.0627944 
1.06274 0.791325 0.0633746 
0.968941 0.778982 0.232136 
0.965629 0.788662 0.230975 
0.953367 0.781762 0.140204 
0.949389 0.791372 0.13944 
1.0783 0.780867 0.10748 
1.07525 0.789708 0.107768 
0.906371 0.778462 0.2404 
0.902698 0.788581 0.238749 
1.03688 0.777654 0.0729471 
1.03332 0.786676 0.0733029 
1.01251 0.785823 0.197605 
0.916989 0.784334 0.181814 
1.08293 0.776803 0.0737536 
1.07982 0.785575 0.0743426 
0.931707 0.780509 0.24522 
0.92824 0.790467 0.243729 
0.994155 0.780212 0.103496 
0.990321 0.789518 0.103311 
1.05421 0.783898 0.150658 
1.05113 0.792934 0.150501 
0.89918 0.785664 0.217882 
1.06408 0.782031 0.0627169 
1.06078 0.790898 0.0632899 
0.97227 0.780419 0.229819 
0.968974 0.790076 0.228687 
0.948401 0.785237 0.143533 
1.0782 0.784599 0.104026 
1.07515 0.793441 0.104326 
0.905288 0.785439 0.240491 
1.03131 0.783525 0.0751183 
1.02773 0.792588 0.0753981 
1.01836 0.780058 0.194325 
1.01519 0.789365 0.193692 
0.917119 0.778307 0.18604 
0.913146 0.788231 0.184731 
1.08154 0.7786 0.0719892 
1.07842 0.78738 0.0725797 
0.935037 0.779646 0.244845 
0.931585 0.789579 0.243383 
0.988661 0.78426 0.106615 
0.98481 0.793609 0.10635 
1.05869 0.779241 0.146464 
1.05561 0.788239 0.146375 
0.900602 0.780762 0.221239 
0.896773 0.790883 0.219621 
1.06212 0.781368 0.062803 
1.05879 0.790245 0.063368 
0.975569 0.782068 0.227333 
0.97229 0.791701 0.226232 
0.947504 0.779068 0.147677 
0.943512 0.788723 0.146829 
1.08101 0.779391 0.100343 
1.07796 0.788207 0.100703 
0.907968 0.782488 0.242052 
0.904341 0.792608 0.240394 
1.02933 0.780149 0.0770905 
1.02572 0.789221 0.0773555 
1.02094 0.783735 0.190309 
1.01779 0.793025 0.189704 
0.91338 0.78226 0.188924 
0.909422 0.792223 0.187556 
1.08008 0.780203 0.0703805 
1.07695 0.78899 0.0709717 
0.938393 0.778992 0.244286 
0.934955 0.788899 0.242852 
0.98706 0.778874 0.110026 
0.983189 0.788229 0.109745 
1.05995 0.783586 0.142203 
1.05688 0.792577 0.142136 
0.898312 0.786116 0.222861 
1.06013 0.780473 0.0630537 
1.05678 0.78936 0.0636102 
0.978836 0.783924 0.224685 
0.975572 0.793535 0.223614 
0.942696 0.78253 0.151008 
0.938704 0.792228 0.150088 
1.08065 0.782863 0.0971435 
1.07759 0.791681 0.0975135 
0.910734 0.77973 0.243429 
0.907117 0.789828 0.241794 
1.02374 0.785636 0.0794663 
1.0266 0.778276 0.18676 
1.02344 0.787519 0.186229 
0.909763 0.786315 0.19171 
1.07855 0.781608 0.0689276 
1.0754 0.790403 0.0695185 
0.94177 0.778547 0.243541 
0.938346 0.78843 0.242136 
0.981629 0.78273 0.113242 
0.977742 0.792127 0.112881 
1.06415 0.778959 0.137994 
1.06108 0.787916 0.137995 
0.899964 0.781502 0.225964 
0.896168 0.791639 0.224318 
