1.10505 0.00215286 -0.302575 
1.29804 0.000850844 0.0102728 
1.29794 0.00826785 0.0129757 
1.10451 0.00471198 0.302046 
1.10624 0.00107797 -0.374448 
1.25058 0.00314197 0.238963 
1.15214 0.0063534 0.117565 
1.16961 0.00300451 -0.35104 
1.16248 0.00778865 0.363917 
1.15201 0.00271448 -0.119567 
1.2557 0.00532906 -0.222435 
1.10243 0.00337199 0.381871 
1.1059 0.00231198 -0.29974 
1.29802 0.0071996 0.00737061 
1.10366 0.00487484 0.304897 
1.10618 0.00318452 -0.373537 
1.25273 0.00122821 0.234353 
1.1515 0.00540351 0.121894 
1.16915 0.00664903 -0.351397 
1.16561 0.00339079 0.361487 
1.15263 0.00175373 -0.115298 
1.25361 0.00331843 -0.22704 
1.10248 0.00546921 0.382775 
1.10671 0.00240235 -0.296963 
1.29806 0.00599908 0.00178001 
1.10282 0.00497662 0.307703 
1.10611 0.00525846 -0.372648 
1.25311 0.00688105 0.232173 
1.15084 0.0044439 0.126206 
1.16608 0.00224945 -0.353872 
1.16604 0.00708912 0.361114 
1.15323 0.00081884 -0.110988 
1.25148 0.00139044 -0.231635 
1.10251 0.00762943 0.38371 
1.10754 0.00257534 -0.294122 
1.29806 0.00497592 -0.00383103 
1.10193 0.00516973 0.310581 
1.10607 0.00750657 -0.371721 
1.25521 0.00517387 0.227535 
1.15011 0.00359107 0.130678 
1.16565 0.00619021 -0.354222 
1.1691 0.00298523 0.358718 
1.15384 2.49552e-05 -0.106455 
1.15498 0.00817517 -0.103265 
1.2511 0.00746625 -0.233792 
1.10548 0.00160068 0.382846 
1.10847 0.00298012 -0.291094 
1.29801 0.0044421 -0.00949731 
1.10091 0.0056121 0.313647 
1.10317 0.00166785 -0.372655 
1.25725 0.00402596 0.222841 
1.14926 0.00296537 0.135487 
1.16265 0.00255894 -0.356618 
1.16942 0.00746544 0.358437 
1.15559 0.00763499 -0.0983107 
1.24902 0.00659668 -0.238427 
1.10533 0.00453404 0.384023 
1.10957 0.00376577 -0.287743 
1.29793 0.00471549 -0.0152534 
1.09968 0.00647046 0.317011 
1.10337 0.00488198 -0.371461 
1.25919 0.00374885 0.218068 
1.14823 0.00269339 0.140808 
1.16239 0.00778478 -0.356834 
1.17228 0.00469007 0.356162 
1.15627 0.00747015 -0.0927531 
1.24696 0.00669799 -0.24309 
1.10499 0.00819688 0.385392 
1.11092 0.00508163 -0.283926 
1.29781 0.00612098 -0.0211329 
1.09817 0.0079231 0.320777 
1.10081 0.000405678 -0.371969 
1.26103 0.00466422 0.213189 
1.14696 0.00290964 0.146814 
1.15963 0.00591949 -0.359013 
1.17497 0.00300191 0.35396 
1.15702 0.00780144 -0.0863911 
1.24312 0.000412136 -0.250196 
1.24497 0.00806897 -0.247781 
1.10744 0.00438093 0.385125 
1.11258 0.00707536 -0.279488 
1.29747 0.00156877 -0.0298682 
1.09923 0.00166991 0.322912 
1.10149 0.00540676 -0.370195 
1.26274 0.0071005 0.20817 
1.14537 0.00375677 0.153672 
1.15703 0.00530165 -0.36101 
1.17748 0.00269102 0.351843 
1.15697 0.000615855 -0.0822761 
1.24119 0.00333283 -0.254903 
1.10962 0.00180111 0.385141 
1.11203 0.00149294 -0.276684 
1.29728 0.00621788 -0.0360838 
1.09695 0.00488183 0.327789 
1.09954 0.00309481 -0.369945 
1.26586 0.00382569 0.200487 
1.14337 0.00538314 0.161527 
1.15465 0.00616135 -0.362772 
1.17976 0.00404917 0.349806 
1.15796 0.00230216 -0.0737189 
1.23743 0.000389887 -0.261995 
1.23937 0.008074 -0.259609 
1.11148 0.000704817 0.385475 
1.11458 0.00526136 -0.270546 
1.29677 0.00552466 -0.0451972 
1.09713 0.000780708 0.331203 
1.09801 0.00210877 -0.369166 
1.26874 0.00271442 0.192574 
1.14087 0.00793591 0.17049 
1.14982 0.000519659 -0.366289 
1.15253 0.00868847 -0.364237 
1.1818 0.00735179 0.347826 
1.15898 0.00482193 -0.0637792 
1.23575 0.00714525 -0.266662 
1.113 0.0013199 0.386142 
1.11509 0.00168624 -0.265769 
1.29616 0.00714153 -0.0545132 
1.09385 0.00655819 0.337396 
1.09697 0.0025455 -0.367757 
1.27136 0.00400121 0.184401 
1.13972 0.0033158 0.177716 
1.148 0.00481844 -0.367399 
1.18612 0.00486332 0.343752 
1.15937 0.000122745 -0.0556384 
1.15996 0.00824446 -0.0523303 
1.2302 0.000593621 -0.275951 
1.23223 0.00831325 -0.273599 
1.11417 0.00382381 0.387122 
1.11873 0.00756799 -0.257313 
1.29499 0.00376411 -0.0667056 
1.09302 0.0053535 0.342155 
1.09647 0.00440614 -0.36562 
1.27508 0.000292447 0.173393 
1.27374 0.0078078 0.175938 
1.13609 0.00806134 0.189024 
1.14377 0.00269388 -0.370119 
1.19013 0.00471167 0.339612 
1.16038 0.00447068 -0.042663 
1.22676 0.00378672 -0.282687 
1.115 0.0082998 0.388353 
1.12043 0.00611557 -0.250093 
1.2936 0.00276562 -0.0790413 
1.09173 0.00575568 0.347462 
1.09656 0.00755915 -0.362679 
1.27717 0.00657491 0.164618 
1.1339 0.00572111 0.198518 
1.13986 0.00215631 -0.372361 
1.19385 0.00687288 0.335324 
1.16082 0.0015666 -0.0315649 
1.22131 0.000999803 -0.291458 
1.1185 0.00630509 0.387854 
1.12269 0.00554804 -0.241653 
1.29201 0.00387237 -0.0914607 
1.09007 0.0077293 0.353126 
1.09425 0.00319241 -0.360902 
1.28141 5.83486e-05 0.150384 
1.28025 0.00754609 0.152966 
1.13126 0.00444638 0.208842 
1.13625 0.00285543 -0.374112 
1.19977 0.0032293 0.32862 
1.16138 0.00749386 -0.0159287 
1.21808 0.00725888 -0.297553 
1.12179 0.00599195 0.387379 
1.12538 0.00559241 -0.232135 
1.2902 0.00655627 -0.103882 
1.09126 0.002529 0.356937 
1.09543 0.00791909 -0.356364 
1.28409 0.00269957 0.138417 
1.12828 0.00403611 0.21962 
1.13289 0.00425519 -0.375398 
1.20544 0.00124878 0.321534 
1.16149 0.0057803 -0.00284244 
1.21269 0.00631938 -0.305507 
1.12497 0.00690287 0.386775 
1.12832 0.00587789 -0.221815 
1.2873 0.00260149 -0.118852 
1.08941 0.00688196 0.362555 
1.09402 0.00414097 -0.353201 
1.28648 0.00622687 0.126204 
1.12515 0.00417166 0.230406 
1.12968 0.00569077 -0.3763 
1.21094 0.000247778 0.314001 
1.20861 0.0080734 0.316219 
1.16141 0.0042238 0.0105126 
1.20721 0.00513969 -0.312993 
1.13108 0.000117233 0.383962 
1.12819 0.00841627 0.385896 
1.13129 0.00598682 -0.211086 
1.28495 0.00602375 -0.130992 
1.09084 0.00318436 0.365799 
1.09578 0.00834913 -0.347603 
1.28952 0.00228729 0.111194 
1.12209 0.0044536 0.240746 
1.12649 0.00646933 -0.376943 
1.21409 0.00721457 0.308241 
1.16116 0.0024823 0.023572 
1.20156 0.00292233 -0.320045 
1.13445 0.00155712 0.382683 
1.1341 0.00552369 -0.200404 
1.28124 0.000995953 -0.145483 
1.28232 0.00848077 -0.142877 
1.08961 0.00796836 0.370324 
1.09459 0.002999 -0.343917 
1.29138 0.00490722 0.0987328 
1.1193 0.00446532 0.250257 
1.12321 0.00598276 -0.377483 
1.21957 0.0057215 0.299817 
1.16077 0.00024338 0.0358203 
1.16033 0.00835917 0.0391505 
1.19806 0.00690413 -0.324534 
1.13807 0.00224333 0.380934 
1.13659 0.00417753 -0.190211 
1.27823 0.00172324 -0.157055 
1.09197 0.00358956 0.372166 
1.09616 0.00478804 -0.338324 
1.29305 0.00588516 0.0862928 
1.11698 0.00384153 0.258675 
1.11972 0.00379189 -0.378073 
1.22508 0.00291617 0.29101 
1.15978 0.00538705 0.0501845 
1.19191 0.000868147 -0.330992 
1.14201 0.00165208 0.378692 
1.13864 0.00175637 -0.180872 
1.27487 0.000211764 -0.168302 
1.27612 0.00772403 -0.165731 
1.09187 0.00671734 0.375097 
1.09736 0.00500865 -0.333112 
1.29453 0.00471562 0.0739535 
1.11524 0.00231713 0.265867 
1.11882 0.00804242 -0.376875 
1.22853 0.00605275 0.284216 
1.15929 0.00153632 0.0597844 
1.18789 0.000424398 -0.335123 
1.19034 0.00836865 -0.332946 
1.14348 0.00765057 0.377961 
1.14202 0.00641201 -0.169687 
1.2725 0.00372619 -0.176679 
1.09237 0.00852664 0.377233 
1.09812 0.0036363 -0.328465 
1.29581 0.00114757 0.0617693 
1.29531 0.00857422 0.0644479 
1.11149 0.00813348 0.274233 
1.1147 0.00194001 -0.377919 
1.23212 0.00712171 0.277254 
1.15814 0.00488217 0.0711538 
1.18606 0.00563182 -0.337055 
1.14809 0.00366112 0.374843 
1.14309 0.00171506 -0.162635 
1.2699 0.00472997 -0.184781 
1.09648 0.000373328 0.376761 
1.09838 0.000759202 -0.324485 
1.29647 0.0025739 0.052461 
1.111 0.00447821 0.278997 
1.11314 0.00235113 -0.377325 
1.23585 0.00608408 0.270197 
1.15698 0.00732904 0.0810206 
1.18149 0.000716754 -0.341178 
1.18399 0.00869742 -0.339021 
1.15022 0.00608869 0.373359 
1.14541 0.00419309 -0.153799 
1.26707 0.00335805 -0.19264 
1.09499 0.00783944 0.379459 
1.10103 0.00502218 -0.319037 
1.29704 0.001702 0.043361 
1.10838 0.0081853 0.28507 
1.11125 0.00107491 -0.377066 
1.23966 0.00305239 0.263094 
1.15688 0.000812522 0.0862816 
1.17918 0.00185871 -0.343219 
1.15263 0.00685459 0.371596 
1.14726 0.00575615 -0.146064 
1.26551 0.00741284 -0.197766 
1.09698 0.00545755 0.379748 
1.10319 0.00811534 -0.314218 
1.29724 0.00619338 0.0371558 
1.10899 0.00253437 0.28789 
1.11199 0.00676946 -0.375178 
1.2416 0.00589825 0.258355 
1.15596 0.00170352 0.0936055 
1.17666 0.00136524 -0.345349 
1.15526 0.00615407 0.369612 
1.14873 0.00655178 -0.139315 
1.2623 0.00208815 -0.20525 
1.0993 0.00191358 0.379613 
1.10215 0.00178377 -0.312211 
1.29768 0.00150723 0.0284365 
1.10729 0.00448372 0.292294 
1.10956 0.00284159 -0.37554 
1.24364 0.00720012 0.253648 
1.15514 0.00198702 0.0999348 
1.17652 0.007551 -0.34544 
1.15807 0.0042206 0.367457 
1.1499 0.00672803 -0.133403 
1.26048 0.00283641 -0.210089 
1.09888 0.00588921 0.381049 
1.10358 0.00316058 -0.308496 
1.29782 0.00280599 0.0225676 
1.10591 0.00576568 0.296089 
1.10983 0.00639453 -0.374191 
1.24575 0.0072506 0.248979 
1.1544 0.00178419 0.105474 
1.1737 0.00467208 -0.347758 
1.16101 0.00130373 0.365173 
1.15085 0.00642698 -0.128161 
1.25856 0.00242458 -0.214831 
1.10168 0.000595463 0.380346 
1.10475 0.0039616 -0.305179 
1.29794 0.00299969 0.0168203 
1.10478 0.00652843 0.299431 
1.10702 0.000800714 -0.374995 
1.24791 0.00635061 0.244344 
1.15374 0.00121565 0.110424 
1.17075 0.00101436 -0.35014 
1.16134 0.00574986 0.364849 
1.15164 0.00578251 -0.123418 
1.25656 0.00117245 -0.219502 
1.10161 0.00321869 0.38138 
