1.199 0.00576032 -0.127278 
1.25277 0.00720423 0.0424429 
1.19854 0.00539569 0.0873962 
1.22038 0.00652636 -0.148127 
1.21974 0.00411058 0.157435 
1.20026 0.00566966 -0.0690191 
1.25256 3.37522e-05 -0.0393178 
1.25287 0.00767399 -0.0364373 
1.1964 0.00718184 0.143854 
1.2055 0.00699583 -0.1558 
1.23929 0.000348106 0.113884 
1.23829 0.00805267 0.116696 
1.20136 0.00222765 0.00545978 
1.24024 0.00768765 -0.104295 
1.20245 0.00703426 0.168871 
1.19914 0.00605236 -0.130394 
1.25254 0.000892142 0.0457971 
1.25213 0.00853368 0.0486684 
1.19864 0.00692171 0.0829097 
1.22116 0.00306927 -0.147513 
1.21899 0.000580823 0.158089 
1.21758 0.0083859 0.160848 
1.20023 0.00722811 -0.0735232 
1.25314 0.00138349 -0.0330986 
1.1963 0.00742143 0.140768 
1.20606 0.00534747 -0.156941 
1.23764 0.00285488 0.118932 
1.20138 0.00423044 0.00041405 
1.2409 0.00243546 -0.101994 
1.20196 0.00545757 0.167629 
1.19931 0.00622263 -0.133382 
1.25186 0.00226197 0.05198 
1.19952 0.000598982 0.0752883 
1.19875 0.00851162 0.0783508 
1.22319 0.00726975 -0.143976 
1.21684 0.00498871 0.161384 
1.19945 0.000809743 -0.0810099 
1.2002 0.00871998 -0.0779514 
1.25362 0.00269303 -0.0268376 
1.19623 0.00778077 0.137558 
1.20663 0.00356216 -0.157943 
1.23592 0.00548255 0.123865 
1.2014 0.00622973 -0.00462629 
1.24238 0.00476966 -0.096749 
1.20149 0.00401964 0.166245 
1.19951 0.0062682 -0.136241 
1.25108 0.00368132 0.0581098 
1.19961 0.00224851 0.0706549 
1.22398 0.00355174 -0.143118 
1.21611 0.00172077 0.16179 
1.1994 0.00223049 -0.0853505 
1.25401 0.00396862 -0.0205414 
1.19745 0.000335785 0.131306 
1.19618 0.0082565 0.134225 
1.20723 0.00164055 -0.158808 
1.23523 0.000510349 0.125882 
1.23413 0.00823458 0.128679 
1.20132 0.000317157 -0.012791 
1.20142 0.00822079 -0.00965563 
1.24379 0.00699323 -0.0913979 
1.20105 0.00272077 0.164721 
1.19973 0.00618641 -0.138968 
1.25021 0.00515646 0.0641804 
1.1997 0.00395288 0.0659589 
1.22597 0.00747815 -0.139334 
1.21394 0.00640621 0.16483 
1.19937 0.0035756 -0.0896061 
1.2543 0.0052165 -0.0142166 
1.1974 0.000923818 0.127845 
1.20924 0.00744192 -0.156734 
1.23343 0.00338102 0.130588 
1.20131 0.00229528 -0.0178025 
1.24438 0.00143318 -0.0887979 
1.20063 0.00156101 0.163054 
1.19998 0.00597488 -0.141561 
1.24925 0.00669366 0.0701855 
1.1998 0.00570751 0.0612051 
1.22675 0.00350124 -0.138233 
1.21322 0.00340226 0.164985 
1.19934 0.00484055 -0.0937722 
1.2545 0.0064429 -0.00786987 
1.19737 0.00162101 0.124269 
1.20989 0.00524647 -0.157335 
1.23155 0.00638165 0.135172 
1.20129 0.00425574 -0.0227914 
1.24568 0.00345593 -0.0832538 
1.20024 0.000540237 0.161247 
1.19874 0.00844386 0.164054 
1.20026 0.00563155 -0.144019 
1.24885 0.000640094 0.0732671 
1.2482 0.00829908 0.0761195 
1.1999 0.0075078 0.0563985 
1.22869 0.0071563 -0.134204 
1.21252 0.000529351 0.165009 
1.21104 0.00836764 0.167766 
1.19934 0.00602087 -0.0978448 
1.25458 2.259e-05 -0.00439426 
1.25459 0.00765404 -0.00150791 
1.19736 0.00242344 0.12058 
1.21056 0.00291694 -0.157801 
1.23083 0.0017689 0.13685 
1.20128 0.00619381 -0.0277525 
1.24689 0.00538256 -0.0776155 
1.1984 0.00756372 0.162116 
1.20057 0.00515463 -0.146338 
1.24777 0.00231467 0.0791315 
1.20052 0.00144105 0.0484398 
1.22947 0.00292338 -0.132864 
1.21036 0.00563014 0.167668 
1.19935 0.00711214 -0.10182 
1.25464 0.00122486 0.00197659 
1.19738 0.00332707 0.116784 
1.21124 0.000454091 -0.158133 
1.21261 0.00829494 -0.155335 
1.22889 0.00502694 0.141197 
1.20095 0.000199938 -0.0358024 
1.20127 0.00810479 -0.0326803 
1.24802 0.0072185 -0.0718877 
1.19809 0.00682131 0.160038 
1.2009 0.00454267 -0.14852 
1.2466 0.00406912 0.0849143 
1.2006 0.00331913 0.0435384 
1.23135 0.00631103 -0.128593 
1.20969 0.00302514 0.167436 
1.19836 0.000196193 -0.108687 
1.19937 0.00811001 -0.105693 
1.25461 0.00242385 0.00834984 
1.19741 0.00432772 0.112883 
1.21331 0.0056958 -0.155544 
1.22814 0.000662055 0.14264 
1.22688 0.00842115 0.145416 
1.2009 0.00207907 -0.040688 
1.24851 0.00131081 -0.0689427 
1.1978 0.00621562 0.15782 
1.20126 0.00379449 -0.150562 
1.24534 0.00590928 0.0906102 
1.20067 0.00522903 0.0386002 
1.23212 0.00182638 -0.127016 
1.20904 0.000553441 0.167069 
1.20753 0.0084099 0.169829 
1.19838 0.00109679 -0.112446 
1.25447 0.00362578 0.0147187 
1.19745 0.00542115 0.108882 
1.21403 0.00296474 -0.155621 
1.22613 0.00418407 0.146745 
1.20086 0.00392177 -0.0455295 
1.24952 0.00298718 -0.0630566 
1.19754 0.00574538 0.155463 
1.20165 0.00290925 -0.152463 
1.24482 0.000162705 0.0933798 
1.244 0.0078408 0.0962144 
1.20075 0.00716609 0.0336305 
1.23393 0.00495228 -0.122507 
1.2069 0.00607581 0.169338 
1.19841 0.00189567 -0.116095 
1.25424 0.00483688 0.0210764 
1.19752 0.00660302 0.104784 
1.21476 0.000102397 -0.155567 
1.2161 0.00792503 -0.152773 
1.22538 7.21432e-05 0.147949 
1.22408 0.00784498 0.15072 
1.20082 0.00572336 -0.0503217 
1.25044 0.00458987 -0.0570961 
1.19732 0.00540897 0.152969 
1.20207 0.00188634 -0.154225 
1.24345 0.00218444 0.0988965 
1.20113 0.0012205 0.0255075 
1.23467 0.00022207 -0.120698 
1.23568 0.00794579 -0.117876 
1.2063 0.00387668 0.168709 
1.19847 0.0025888 -0.119632 
1.25391 0.00606338 0.0274162 
1.1976 0.00786896 0.100594 
1.21685 0.00492809 -0.152599 
1.22332 0.00386285 0.151808 
1.20079 0.00747918 -0.0550595 
1.25127 0.00612494 -0.051067 
1.19712 0.00520449 0.15034 
1.20252 0.000725447 -0.155845 
1.2039 0.00861265 -0.153011 
1.242 0.00430776 0.104313 
1.20117 0.00319803 0.0204887 
1.23641 0.00309408 -0.115956 
1.20571 0.00181341 0.167944 
1.19855 0.0031723 -0.123052 
1.25349 0.00731156 0.0337314 
1.19864 0.00129794 0.093292 
1.21761 0.00180095 -0.152295 
1.22256 7.45466e-06 0.15277 
1.22121 0.00779443 0.155536 
1.20018 0.00127704 -0.0628287 
1.25201 0.00759852 -0.0449751 
1.19694 0.00512975 0.147577 
1.20439 0.00731101 -0.154501 
1.24047 0.00653759 0.109625 
1.20122 0.00518867 0.0154553 
1.23808 0.00583877 -0.111096 
1.20362 0.00776393 0.169813 
1.19865 0.00364246 -0.126352 
1.25331 0.000949808 0.0371395 
1.25297 0.00858768 0.0400152 
1.19871 0.00271888 0.0889216 
1.21968 0.00634827 -0.149073 
1.22046 0.00407024 0.15638 
1.20013 0.00292736 -0.0674375 
1.25233 0.00137553 -0.041707 
1.1968 0.00518223 0.144683 
1.2049 0.00587133 -0.155851 
1.23985 0.00117668 0.112017 
1.20127 0.00718769 0.0104129 
1.23877 0.000755253 -0.108954 
1.23967 0.00845936 -0.10612 
1.20309 0.00597779 0.16878 
1.19878 0.00399577 -0.129529 
1.25276 0.00225749 0.0433897 
1.1988 0.00421055 0.0844721 
1.22045 0.00295811 -0.148521 
1.2197 0.00047399 0.157097 
1.21831 0.00827542 0.159858 
1.20008 0.00451806 -0.0719772 
1.25294 0.00274748 -0.0355106 
1.19668 0.00535917 0.14166 
1.20543 0.00429394 -0.157061 
1.23823 0.00362523 0.11712 
1.20138 0.00128667 0.00223043 
1.24035 0.0032628 -0.103873 
1.20258 0.00432968 0.167607 
1.19893 0.00422893 -0.132581 
1.25211 0.00360527 0.0495962 
1.19889 0.00576845 0.0799478 
1.22249 0.00722887 -0.145048 
1.21757 0.00481147 0.160457 
1.20004 0.00604455 -0.0764432 
1.25345 0.00407616 -0.0292694 
1.19659 0.00565755 0.138511 
1.20599 0.00257933 -0.158131 
1.23653 0.00619286 0.12211 
1.20139 0.00328836 -0.00281332 
1.24186 0.00565332 -0.0986812 
1.20209 0.00282015 0.166293 
1.19911 0.00433889 -0.135504 
1.25136 0.00499946 0.0557527 
1.199 0.00738803 0.0753535 
1.22328 0.00357734 -0.144252 
1.21682 0.0014765 0.160927 
1.20001 0.00750222 -0.080831 
1.25388 0.00536781 -0.0229899 
1.19652 0.00607409 0.135238 
1.20658 0.000728088 -0.159063 
1.20797 0.00859342 -0.156253 
1.23585 0.00116196 0.124184 
1.2014 0.00528424 -0.00784885 
1.24249 0.000244499 -0.0962268 
1.24329 0.00793105 -0.0933815 
1.20163 0.00144956 0.164838 
1.19931 0.00432284 -0.138296 
1.25052 0.00644636 0.0618528 
1.19981 0.00115337 0.0676181 
1.22528 0.00757347 -0.140531 
1.21466 0.00609096 0.164032 
1.19918 0.000975375 -0.08818 
1.2542 0.00662869 -0.0166785 
1.19648 0.00660531 0.131845 
1.20858 0.00660294 -0.157058 
1.23406 0.00396961 0.128949 
1.20141 0.00726959 -0.0128706 
1.2439 0.00242057 -0.090831 
1.2012 0.000218125 0.163241 
1.19969 0.00811648 0.166039 
1.19954 0.00417827 -0.140956 
1.25017 0.000299512 0.0650311 
1.24959 0.00795225 0.0678904 
1.1999 0.00288295 0.0628917 
1.22606 0.00366247 -0.139493 
1.21394 0.00301939 0.164252 
1.19914 0.00228188 -0.0923905 
1.25434 0.000232593 -0.0132281 
1.25443 0.00786503 -0.010342 
1.19646 0.00724755 0.128334 
1.20922 0.00447719 -0.157726 
1.23221 0.00690592 0.133592 
1.20125 0.00133587 -0.0210054 
1.24522 0.00449281 -0.0853347 
1.1993 0.00702647 0.164312 
1.1998 0.00390295 -0.14348 
1.24921 0.00186599 0.0710069 
1.19999 0.00466056 0.0581101 
1.22802 0.00738646 -0.135526 
1.21323 7.85359e-05 0.164341 
1.21176 0.00791316 0.167099 
1.19912 0.00350605 -0.0965094 
1.25453 0.00145138 -0.00687348 
1.19765 7.66843e-05 0.121761 
1.19646 0.00799696 0.12471 
1.20987 0.00221698 -0.158259 
1.23149 0.00223093 0.13533 
1.20123 0.00328597 -0.0259808 
1.24646 0.00646634 -0.0797421 
1.19894 0.00607516 0.162443 
1.20009 0.00349496 -0.145868 
1.24816 0.00350337 0.0769092 
1.20009 0.00648159 0.0532783 
1.2288 0.00321861 -0.134247 
1.21107 0.00510738 0.167066 
1.19911 0.00464345 -0.100533 
1.25463 0.00265763 -0.000506387 
1.19764 0.000929041 0.118017 
1.21192 0.00766748 -0.15586 
1.22956 0.00542263 0.139737 
1.20121 0.00521139 -0.0309256 
1.24699 0.000680882 -0.0769189 
1.24762 0.00834648 -0.0740577 
1.19861 0.00526199 0.160434 
1.2004 0.00295266 -0.148118 
1.24702 0.00521771 0.0827324 
1.20067 0.000434054 0.0452924 
1.20019 0.00834143 0.0484014 
1.23069 0.00667405 -0.130037 
1.21039 0.0024337 0.1669 
1.19912 0.00568969 -0.104456 
1.25462 0.00385753 0.00586638 
1.19766 0.00188059 0.114167 
1.21262 0.00513697 -0.156135 
1.22882 0.000993919 0.141241 
1.20119 0.00710743 -0.0358343 
1.24812 0.00247842 -0.0711537 
1.1983 0.00458614 0.158285 
1.20074 0.00227474 -0.150229 
1.24579 0.00701491 0.0884712 
1.20073 0.00232833 0.0403714 
1.23146 0.0022532 -0.12852 
1.20823 0.00774578 0.169361 
1.19915 0.00664045 -0.108276 
