1.20943 0.00087319 -0.0924579 
1.24552 0.00632578 0.035475 
1.20768 0.00762472 0.0600051 
1.22729 0.0039153 -0.103446 
1.22233 0.00672296 0.120194 
1.209 0.00722132 -0.0592044 
1.24677 0.00506068 -0.00857307 
1.20799 0.00380661 0.0928855 
1.21827 0.000237513 -0.114326 
1.21927 0.00804673 -0.111426 
1.23232 0.00243768 0.0998892 
1.20882 0.00758367 -0.0193181 
1.24281 0.00222018 -0.0510962 
1.21068 0.000282932 0.114253 
1.2096 0.00813536 0.117173 
1.21227 0.00127894 -0.108759 
1.24043 0.00753594 0.0706159 
1.20842 0.00565931 0.0232274 
1.23501 0.00115184 -0.0849538 
1.21515 0.00706915 0.125138 
1.20989 0.00749844 -0.0866317 
1.24605 0.00385643 0.0290516 
1.20778 0.00529465 0.0640245 
1.22643 0.00655994 -0.104479 
1.22424 0.00132884 0.116572 
1.20881 0.00502663 -0.0553515 
1.24652 0.00265102 -0.0150672 
1.20829 0.00235437 0.0959777 
1.21749 0.00150709 -0.114025 
1.23311 0.00610874 0.0978942 
1.20875 0.00488135 -0.0148976 
1.24227 0.00696332 -0.0541509 
1.21122 7.01003e-05 0.116082 
1.21013 0.00791956 0.118996 
1.2117 0.0011541 -0.107062 
1.24159 0.00452988 0.0647326 
1.20844 0.00294172 0.0276739 
1.23422 0.00489636 -0.0870423 
1.21704 0.000431662 0.122689 
1.21591 0.0082503 0.125562 
1.20954 0.00612042 -0.0836449 
1.24647 0.00142951 0.0225836 
1.20792 0.00305264 0.0679501 
1.22463 0.00125727 -0.108238 
1.22509 0.00389204 0.115647 
1.20866 0.00273961 -0.0513992 
1.24614 0.000204242 -0.0215249 
1.2463 0.00787773 -0.0186052 
1.20862 0.00104478 0.0989235 
1.21672 0.00259715 -0.113545 
1.23472 0.00219852 0.0928794 
1.2087 0.0021492 -0.0104427 
1.24122 0.00390695 -0.0600124 
1.2118 3.26302e-05 0.117736 
1.21069 0.00787896 0.120643 
1.21115 0.000855638 -0.105189 
1.21209 0.00870281 -0.102237 
1.24264 0.00163095 0.0587429 
1.20848 0.000258156 0.0320837 
1.20814 0.00812515 0.0351696 
1.23264 0.000752663 -0.0918765 
1.23341 0.00849002 -0.0889824 
1.21782 0.00179678 0.12294 
1.20923 0.00460232 -0.0805133 
1.2466 0.00670577 0.0189995 
1.20808 0.000906403 0.0717742 
1.22377 0.00355498 -0.10894 
1.22594 0.00662456 0.114555 
1.20852 0.000368057 -0.0473551 
1.20895 0.00823306 -0.0442824 
1.24587 0.00538583 -0.0250182 
1.208 0.00774572 0.104679 
1.21598 0.00350728 -0.112885 
1.23546 0.00616538 0.0905991 
1.20871 0.00726116 -0.00286226 
1.24006 0.000731458 -0.0657592 
1.24061 0.00843318 -0.0628526 
1.21241 0.000172532 0.11921 
1.21129 0.00801558 0.122111 
1.21064 0.000386216 -0.103143 
1.21157 0.00823624 -0.100184 
1.24311 0.00651669 0.0555596 
1.20817 0.00548337 0.0395314 
1.23181 0.00418749 -0.0936697 
1.21862 0.00334108 0.123011 
1.20894 0.00295041 -0.0772426 
1.24685 0.00433174 0.0124755 
1.20752 0.00673059 0.0785148 
1.22292 0.00567901 -0.109472 
1.22779 0.00176029 0.110436 
1.20882 0.00578566 -0.0401509 
1.24533 0.00283698 -0.031375 
1.20838 0.00673615 0.10731 
1.21526 0.00423736 -0.112044 
1.23696 0.0025521 0.0853025 
1.20867 0.00449418 0.00163492 
1.23942 0.00513651 -0.0684841 
1.21304 0.00049133 0.120505 
1.21192 0.00833097 0.123399 
1.21108 0.00760171 -0.0979617 
1.244 0.00380061 0.049388 
1.20823 0.00289178 0.0438388 
1.23098 0.00746392 -0.0953076 
1.21943 0.00506356 0.122905 
1.20869 0.00117132 -0.0738392 
1.24696 0.00196961 0.00593765 
1.20771 0.00479712 0.0821089 
1.22207 0.00762796 -0.10983 
1.22863 0.00482892 0.109022 
1.20871 0.00326952 -0.0359436 
1.24466 0.000221153 -0.0376657 
1.24496 0.0079014 -0.0347493 
1.2088 0.00588515 0.109781 
1.21457 0.00478753 -0.111022 
1.23764 0.00679388 0.0827549 
1.20865 0.00172199 0.0061392 
1.23812 0.00170563 -0.0739875 
1.21371 0.000990093 0.121619 
1.21062 0.0068029 -0.0955719 
1.24478 0.0011643 0.0431353 
1.2083 0.000358459 0.0480833 
1.20781 0.00822616 0.051152 
1.22929 0.00282505 -0.0996824 
1.22025 0.00696306 0.122623 
1.20911 0.00713591 -0.0672725 
1.24694 0.00727887 0.00231713 
1.20794 0.00298145 0.0855802 
1.22025 0.00160151 -0.112913 
1.2304 0.00030866 0.104581 
1.22946 0.0080596 0.107449 
1.20862 0.00069275 -0.0316688 
1.20889 0.00855799 -0.0285803 
1.24425 0.00521235 -0.0409681 
1.20924 0.00519718 0.112085 
1.2139 0.0051583 -0.10982 
1.23901 0.0034537 0.0771966 
1.20853 0.00681891 0.0137403 
1.23741 0.00585105 -0.0764603 
1.2144 0.00166946 0.122551 
1.21019 0.00584399 -0.0930188 
1.24511 0.00627546 0.0397231 
1.20789 0.00575848 0.0553214 
1.22843 0.00577144 -0.101007 
1.22218 0.00124602 0.119304 
1.20889 0.00512464 -0.0636179 
1.24689 0.00490973 -0.00421582 
1.20819 0.00129056 0.088922 
1.21944 0.00319245 -0.112927 
1.23122 0.00370238 0.102856 
1.2088 0.00592919 -0.0242441 
1.24342 0.00243739 -0.0471026 
1.20972 0.00467618 0.114221 
1.21327 0.00535055 -0.108438 
1.24027 0.000242956 0.071512 
1.23962 0.00794556 0.0744034 
1.20852 0.00406097 0.0182305 
1.23599 0.00213815 -0.0816976 
1.21512 0.0025297 0.123302 
1.20979 0.00472967 -0.0903068 
1.24572 0.0037663 0.0333409 
1.20798 0.00336491 0.0594113 
1.22667 0.000784374 -0.105058 
1.22757 0.0085511 -0.102167 
1.22302 0.00349975 0.118681 
1.20869 0.00300748 -0.0598507 
1.24671 0.00252181 -0.0107311 
1.20758 0.00759644 0.095115 
1.21863 0.00460508 -0.112763 
1.23202 0.00725167 0.100976 
1.20872 0.00325592 -0.0198577 
1.24292 0.00725748 -0.0502332 
1.21023 0.0043256 0.116185 
1.21266 0.00536559 -0.106878 
1.24085 0.0048507 0.0686074 
1.20854 0.00132244 0.0227002 
1.23522 0.00600027 -0.0838976 
1.21586 0.00357074 0.123872 
1.20943 0.00346508 -0.0874405 
1.24621 0.00130749 0.0269063 
1.20811 0.00105335 0.0634135 
1.2258 0.0033908 -0.106059 
1.22387 0.00592611 0.117886 
1.20853 0.000791986 -0.055978 
1.20903 0.00865651 -0.0529165 
1.24641 0.000104743 -0.017218 
1.24653 0.00777703 -0.014298 
1.20787 0.00617315 0.0981733 
1.21785 0.00583861 -0.112421 
1.23369 0.00321795 0.0960787 
1.20867 0.000546403 -0.0154299 
1.20879 0.0084119 -0.012332 
1.24194 0.00428769 -0.0561784 
1.21078 0.00414836 0.117974 
1.21208 0.00520521 -0.10514 
1.24197 0.00186963 0.0626988 
1.20829 0.00647805 0.0302311 
1.23369 0.00198276 -0.0888497 
1.21662 0.00479219 0.124261 
1.2091 0.00205581 -0.084425 
1.24639 0.00656072 0.0233466 
1.20759 0.00669899 0.0703609 
1.22494 0.00582643 -0.106892 
1.22576 0.000749195 0.11406 
1.22472 0.00852334 0.116922 
1.20887 0.00635132 -0.048942 
1.24618 0.00532239 -0.0207477 
1.2082 0.0048937 0.101084 
1.21708 0.00689247 -0.111899 
1.23444 0.00707023 0.0939081 
1.20873 0.0056746 -0.00787043 
1.24084 0.00120527 -0.0620146 
1.21136 0.00414687 0.119586 
1.21154 0.00487165 -0.103226 
1.24247 0.00668313 0.0595879 
1.20832 0.00380262 0.0346308 
1.23288 0.00554189 -0.0907602 
1.2174 0.00619343 0.12447 
1.2088 0.000507833 -0.081266 
1.20954 0.00836927 -0.0782501 
1.24671 0.00417042 0.0168401 
1.20774 0.00457359 0.0741599 
1.22312 0.000305104 -0.110446 
1.22408 0.00808957 -0.107555 
1.22661 0.00351955 0.112935 
1.20873 0.00396322 -0.0448773 
1.24571 0.00281862 -0.027149 
1.20856 0.00376378 0.103842 
1.21634 0.0077663 -0.111197 
1.236 0.00334177 0.0887214 
1.20869 0.00291741 -0.00338542 
1.24022 0.00570554 -0.0648318 
1.21196 0.00432305 0.121019 
1.21103 0.00436767 -0.10114 
1.24344 0.00389876 0.0534848 
1.20837 0.00117105 0.038983 
1.23124 0.00120123 -0.0954112 
1.2182 0.00777362 0.1245 
1.20925 0.00669057 -0.0749479 
1.24691 0.00180007 0.0103117 
1.20793 0.00255304 0.0778485 
1.22227 0.00238988 -0.110944 
1.22745 0.00645657 0.111646 
1.20861 0.00150015 -0.0407305 
1.24512 0.000255614 -0.0334919 
1.24538 0.00793376 -0.0305743 
1.20895 0.00278868 0.106443 
1.21462 0.000631718 -0.113232 
1.21562 0.00846002 -0.110314 
1.2367 0.0074777 0.086276 
1.20867 0.000148583 0.00111396 
1.20863 0.00801443 0.00421432 
1.23899 0.00237934 -0.0704348 
1.2126 0.00467831 0.122272 
1.21055 0.00369655 -0.0988847 
1.24429 0.00120159 0.0472936 
1.208 0.00645848 0.0463548 
1.2304 0.00444153 -0.0970183 
1.22013 0.00172904 0.121491 
1.20899 0.00488605 -0.0715142 
1.24693 0.00710912 0.00669202 
1.20813 0.000644692 0.0814196 
1.20733 0.00851224 0.0844305 
1.22143 0.00429931 -0.111268 
1.22927 0.0018012 0.107331 
1.20885 0.00683567 -0.033426 
1.24474 0.00530477 -0.0368521 
1.20938 0.00197321 0.108881 
1.21394 0.00114188 -0.112175 
1.23813 0.00403229 0.0808192 
1.20861 0.00524224 0.00871876 
1.2383 0.0066304 -0.0730088 
1.21327 0.00521364 0.123343 
1.21011 0.00286208 -0.0964627 
1.24465 0.00626152 0.0439339 
1.20807 0.00393831 0.050583 
1.22955 0.00751967 -0.0984664 
1.22096 0.00366812 0.121174 
1.20876 0.00296266 -0.0679555 
1.24695 0.00474748 0.000152421 
1.20755 0.00672185 0.0878718 
1.2206 0.00603218 -0.111417 
1.23009 0.00506798 0.105727 
1.20875 0.00424732 -0.0291366 
1.24399 0.00259728 -0.0430527 
1.20984 0.00132173 0.111153 
1.21329 0.00147286 -0.110938 
1.23946 0.000722032 0.0752312 
1.23878 0.00842859 0.0781193 
1.2086 0.0024748 0.0132191 
1.23694 0.00303228 -0.0783544 
1.21396 0.00592961 0.124234 
1.20969 0.00186855 -0.0938782 
1.24534 0.00370648 0.0375989 
1.20816 0.00148607 0.0547381 
1.22783 0.00267198 -0.102648 
1.2218 0.00578262 0.120683 
1.20856 0.000927629 -0.0642786 
1.24685 0.0023751 -0.00637773 
1.20779 0.00505761 0.0911821 
1.21978 0.00758743 -0.11139 
1.23182 0.000749148 0.101096 
1.23091 0.00849308 0.103965 
1.20867 0.00160813 -0.02479 
1.24352 0.00748911 -0.0462545 
1.21033 0.000838085 0.113256 
1.20926 0.00869239 0.11618 
1.21266 0.00162563 -0.109521 
1.24007 0.00523997 0.0724148 
1.20841 0.0075867 0.0208021 
1.23619 0.00700892 -0.0806633 
1.21468 0.0068264 0.124942 
1.20931 0.000720739 -0.0911357 
1.21014 0.00857874 -0.0881428 
1.24591 0.00120963 0.0312037 
1.20769 0.00697726 0.0618663 
1.22696 0.00541377 -0.103776 
1.22371 0.000286543 0.117156 
1.22264 0.00807104 0.120019 
1.20894 0.00665337 -0.0574373 
1.24671 0.00765291 -0.00996732 
1.20807 0.00352618 0.0943554 
1.21798 0.0011534 -0.114089 
1.23262 0.00433297 0.0991873 
1.20879 0.0067919 -0.0172996 
1.2426 0.00460068 -0.0522785 
1.21086 0.000525597 0.115186 
1.20977 0.00837702 0.118103 
1.21207 0.00160161 -0.107925 
1.24126 0.00217159 0.066592 
1.20842 0.00485329 0.0252655 
1.23471 0.00311466 -0.0857308 
1.21655 8.26847e-05 0.122594 
1.21542 0.00790387 0.12547 
1.20977 0.00728392 -0.0852413 
