1.13733 0.00280918 -0.256502 
1.28419 0.00721585 0.0306242 
1.14212 0.00010978 0.234187 
1.13983 0.00833042 0.236796 
1.1503 0.00629691 -0.316298 
1.23182 0.00538062 0.239507 
1.17305 0.00334943 0.0305372 
1.21678 0.004755 -0.26001 
1.15909 0.00192887 0.323048 
1.15287 0.0070656 -0.187361 
1.28011 0.00561066 -0.0739051 
1.1301 0.00469894 0.291153 
1.13542 0.00548655 -0.306677 
1.2634 0.00247283 0.159251 
1.16247 0.00652713 0.13009 
1.1848 0.00703363 -0.298085 
1.18727 0.00502283 0.303048 
1.1677 0.00786515 -0.0994627 
1.25922 0.00579989 -0.168549 
1.13331 0.00431585 0.320725 
1.13374 0.00023095 -0.273387 
1.13621 0.00849458 -0.270948 
1.28185 0.0050637 0.0621358 
1.1468 0.00136106 0.212433 
1.15705 0.00574058 -0.315155 
1.22121 0.00479186 0.258659 
1.17367 0.00198449 -0.00188765 
1.22765 0.00588335 -0.242221 
1.15211 3.16632e-05 0.325033 
1.14947 0.00819678 0.327217 
1.14637 0.00102295 -0.212854 
1.28325 0.00372009 -0.0427212 
1.1334 0.000776341 0.275463 
1.13767 0.00280367 -0.312955 
1.25453 0.00356459 0.186792 
1.16718 0.00382117 0.0996417 
1.19457 0.00726255 -0.288626 
1.17736 0.00568796 0.311926 
1.16323 0.00494832 -0.129501 
1.26736 0.00663579 -0.140589 
1.13139 0.00213178 0.313698 
1.13333 0.00408279 -0.285894 
1.2779 0.00320937 0.0931777 
1.15153 0.00382392 0.18908 
1.16414 0.00352346 -0.312643 
1.20997 0.00643484 0.275795 
1.17285 0.000581789 -0.0342267 
1.17318 0.00863333 -0.0309575 
1.23783 0.00482214 -0.222458 
1.14282 0.00804141 0.327774 
1.14188 0.0018938 -0.233872 
1.28478 0.00155731 -0.0111361 
1.13486 0.0069232 0.260262 
1.14326 0.00635485 -0.315219 
1.2443 0.00626312 0.212665 
1.17071 0.00174969 0.0682485 
1.2042 0.00546397 -0.277462 
1.16993 0.000138816 0.31702 
1.16741 0.00819855 0.319241 
1.15779 0.00120239 -0.158298 
1.27401 0.00627181 -0.111312 
1.13029 0.00202986 0.304737 
1.13376 0.00596414 -0.296453 
1.27237 0.00191024 0.123461 
1.15614 0.00733901 0.16431 
1.17389 0.0077412 -0.306505 
1.20046 0.00248404 0.288615 
1.1713 0.00697777 -0.0629011 
1.24721 0.00174305 -0.200802 
1.13936 0.00146934 0.324634 
1.13767 0.00132735 -0.253092 
1.28451 0.00678116 0.0233374 
1.13932 0.00642805 0.240749 
1.14944 0.00797204 -0.315866 
1.23468 0.00314985 0.234196 
1.1729 0.000126801 0.0361877 
1.17247 0.00817911 0.039451 
1.21362 0.00152282 -0.264471 
1.1601 0.00433331 0.322909 
1.15344 0.00464779 -0.182799 
1.27913 0.00503798 -0.0810005 
1.13004 0.00399188 0.293809 
1.13503 0.00579274 -0.305052 
1.26531 0.0014801 0.152687 
1.16194 0.0036573 0.135283 
1.18133 0.00223416 -0.301241 
1.19075 0.000673363 0.299591 
1.18839 0.00861461 0.301873 
1.16811 0.00485811 -0.094124 
1.25707 0.00448258 -0.174801 
1.13384 0.00506116 0.322013 
1.13639 0.00739006 -0.267941 
1.28256 0.00459062 0.0549166 
1.14408 0.0073688 0.219446 
1.15609 0.00778526 -0.315032 
1.22428 0.00207169 0.253799 
1.17361 0.00678894 0.00706841 
1.22466 0.00316612 -0.247136 
1.15304 0.00208498 0.325197 
1.14896 0.00704057 -0.205873 
1.28265 0.00323801 -0.0499439 
1.13062 0.00792852 0.280937 
1.13711 0.00355735 -0.311738 
1.25677 0.00225739 0.180566 
1.16674 0.00080094 0.105031 
1.19116 0.00291895 -0.292155 
1.1809 0.000883838 0.308847 
1.16374 0.00209371 -0.124367 
1.26556 0.00563044 -0.147171 
1.13175 0.00242497 0.3154 
1.13335 0.0033943 -0.283319 
1.27899 0.00264953 0.0860885 
1.15093 0.00138953 0.19371 
1.1631 0.00591608 -0.312816 
1.21321 0.00319718 0.271397 
1.1733 0.00541565 -0.0253257 
1.23506 0.00259066 -0.227817 
1.14633 0.00151556 0.326078 
1.14236 8.8176e-06 -0.229992 
1.14454 0.00822121 -0.22734 
1.28457 0.00111932 -0.0184247 
1.28469 0.00860139 -0.0156678 
1.13448 0.00542331 0.263748 
1.14254 0.00754083 -0.314374 
1.24686 0.00457166 0.206833 
1.16957 0.00667898 0.0769959 
1.20088 0.0016067 -0.281392 
1.171 0.00296905 0.316516 
1.15992 0.00665392 -0.150426 
1.27257 0.0055051 -0.118165 
1.13047 0.00186554 0.306868 
1.13359 0.0057173 -0.294308 
1.27383 0.00120074 0.116567 
1.15554 0.0046919 0.169214 
1.17037 0.00243476 -0.309252 
1.20159 0.00660989 0.286983 
1.17157 0.00383115 -0.0573721 
1.24627 0.00761025 -0.20403 
1.14007 0.00274414 0.32546 
1.14037 0.00800629 -0.247041 
1.28474 0.00635024 0.0160434 
1.13883 0.00459283 0.244623 
1.14602 0.00137195 -0.317606 
1.23747 0.00102592 0.228782 
1.23567 0.00872356 0.231259 
1.17227 0.00496792 0.0450856 
1.21248 0.00599855 -0.266429 
1.16113 0.00681207 0.322703 
1.15402 0.00218149 -0.178175 
1.27806 0.00443762 -0.0880588 
1.13003 0.0033802 0.296371 
1.13467 0.0059996 -0.303335 
1.26712 0.000547829 0.146055 
1.26596 0.00810753 0.148693 
1.16139 0.000823448 0.140433 
1.18021 0.00533379 -0.302019 
1.19187 0.00436118 0.298342 
1.16851 0.00182291 -0.0887492 
1.25485 0.00308657 -0.180972 
1.1344 0.00590376 0.323214 
1.13661 0.0061994 -0.264845 
1.28317 0.00413035 0.0476767 
1.1435 0.00524127 0.223678 
1.15261 0.00160031 -0.317091 
1.22533 0.0072154 0.251265 
1.17356 0.00354619 0.012742 
1.22162 0.000332888 -0.251945 
1.22356 0.00810348 -0.249498 
1.154 0.00421586 0.325293 
1.14951 0.0048124 -0.201557 
1.28196 0.00274057 -0.0571435 
1.13043 0.00689486 0.283922 
1.13658 0.00421439 -0.310433 
1.25893 0.00102697 0.174259 
1.25754 0.00862362 0.176849 
1.16511 0.00589697 0.113503 
1.19001 0.00641244 -0.293268 
1.18201 0.00416489 0.30795 
1.16547 0.00729855 -0.11609 
1.26367 0.00456219 -0.153685 
1.13214 0.00281852 0.31701 
1.13341 0.00261227 -0.28065 
1.27998 0.00211457 0.0789643 
1.14833 0.00717877 0.201061 
1.15958 0.000124067 -0.315174 
1.16208 0.00823512 -0.312922 
1.2164 8.0364e-05 0.266889 
1.21431 0.00788383 0.269272 
1.17341 0.00218866 -0.0196801 
1.23222 0.000251653 -0.233073 
1.23401 0.00796957 -0.230581 
1.14719 0.00327834 0.326487 
1.14503 0.00626825 -0.22337 
1.28426 0.000675244 -0.0257038 
1.28444 0.00815851 -0.0229483 
1.13414 0.00400245 0.267148 
1.13925 0.000402852 -0.315693 
1.14186 0.0086352 -0.313448 
1.24934 0.0029719 0.200908 
1.16921 0.00356606 0.0825035 
1.19972 0.00552733 -0.282872 
1.17208 0.00587556 0.315941 
1.16047 0.0039371 -0.14547 
1.27104 0.00469197 -0.124962 
1.13068 0.00180146 0.308904 
1.13346 0.00537223 -0.292068 
1.2752 0.000531236 0.109624 
1.27432 0.00805521 0.112311 
1.15494 0.00208829 0.174064 
1.1693 0.00509615 -0.309654 
1.20494 0.00296877 0.282933 
1.17183 0.000665972 -0.0518178 
1.17235 0.00872236 -0.0485682 
1.24371 0.00573563 -0.209729 
1.14081 0.00410947 0.326207 
1.14075 0.00637057 -0.24345 
1.28488 0.00592133 0.00874517 
1.13836 0.0028269 0.248417 
1.14521 0.00287356 -0.317036 
1.23844 0.00669066 0.225763 
1.17204 0.00176944 0.0507056 
1.20926 0.00254251 -0.270699 
1.16472 0.00127483 0.320225 
1.15633 0.00781271 -0.170588 
1.2769 0.00380643 -0.0950767 
1.13006 0.00286516 0.29884 
1.13436 0.00610695 -0.301524 
1.26775 0.00722419 0.142009 
1.15932 0.00614272 0.14854 
1.1767 0.000342506 -0.305015 
1.17908 0.00835454 -0.302723 
1.19531 0.000224192 0.294707 
1.193 0.00814022 0.297007 
1.16976 0.0068319 -0.0801486 
1.25255 0.00160853 -0.187059 
1.13499 0.00684263 0.324328 
1.13686 0.00492453 -0.261658 
1.2837 0.00368062 0.0404193 
1.14295 0.00317373 0.227838 
1.15168 0.00348363 -0.316839 
1.22833 0.00471056 0.246211 
1.17349 0.000306297 0.0184138 
1.17326 0.00835537 0.0216913 
1.22051 0.0051684 -0.254221 
1.15497 0.00642326 0.32532 
1.15008 0.0025299 -0.197173 
1.28118 0.00222531 -0.0643171 
1.13028 0.00595108 0.286815 
1.1361 0.00477397 -0.30904 
1.25968 0.00745695 0.170478 
1.16462 0.00293931 0.118811 
1.18657 0.00186311 -0.296627 
1.18313 0.00752973 0.306975 
1.16593 0.00437326 -0.11086 
1.26171 0.00342744 -0.160127 
1.13257 0.00331201 0.318528 
1.1335 0.00173817 -0.277889 
1.28089 0.00160149 0.0718085 
1.14773 0.00484989 0.205551 
1.15857 0.00236299 -0.315223 
1.21749 0.00487091 0.264679 
1.17363 0.00700301 -0.010742 
1.23116 0.00553495 -0.235753 
1.14807 0.00512331 0.326824 
1.14554 0.00425229 -0.219324 
1.28386 0.00022321 -0.0329703 
1.2841 0.00770807 -0.0302168 
1.13383 0.00266276 0.270461 
1.1386 0.00140034 -0.314693 
1.25175 0.00146068 0.194893 
1.16883 0.000476574 0.0879834 
1.16785 0.00855023 0.0911562 
1.19636 0.0014519 -0.28662 
1.17565 0.000832783 0.313059 
1.16101 0.00118086 -0.140465 
1.26943 0.00382876 -0.131702 
1.13093 0.00183795 0.310847 
1.13338 0.00492965 -0.289734 
1.27566 0.00741646 0.10533 
1.1525 0.00768064 0.181726 
1.16823 0.00768394 -0.309988 
1.20606 0.00729511 0.281126 
1.17256 0.00553935 -0.0429861 
1.24108 0.00376255 -0.215331 
1.14158 0.00556383 0.326875 
1.14117 0.00466225 -0.239776 
1.28493 0.00549271 0.00144565 
1.13792 0.00113244 0.25213 
1.14442 0.00428872 -0.31639 
1.24115 0.00475975 0.220167 
1.17117 0.0066438 0.0595465 
1.20811 0.00681739 -0.27248 
1.16577 0.00390821 0.319891 
1.1569 0.00525062 -0.165834 
1.27565 0.00314109 -0.102051 
1.13012 0.00244785 0.301214 
1.13409 0.00611477 -0.29962 
1.26945 0.00639421 0.135262 
1.15874 0.00338784 0.153587 
1.17559 0.00327921 -0.305656 
1.19644 0.00410226 0.293295 
1.1701 0.00374325 -0.0746991 
1.25018 4.51833e-05 -0.193059 
1.25166 0.00767765 -0.190484 
1.13562 0.00787663 0.325357 
1.13715 0.00356747 -0.258384 
1.28413 0.00323934 0.0331473 
1.14242 0.00116815 0.231923 
1.15078 0.00528721 -0.316518 
1.23126 0.00231824 0.241052 
1.17313 0.00512097 0.0273562 
1.2174 0.00211501 -0.258837 
1.15855 0.000579653 0.323086 
1.15595 0.00870631 0.325279 
1.15065 0.000194804 -0.192722 
1.15255 0.00836072 -0.189899 
1.28031 0.00168959 -0.0714613 
1.13016 0.00509891 0.289616 
1.13564 0.00523536 -0.307557 
1.26174 0.00636036 0.164032 
1.16412 1.40174e-05 0.12408 
1.16278 0.0081124 0.127152 
1.18543 0.00517946 -0.29759 
1.18665 0.00301596 0.303659 
1.16639 0.00141598 -0.105589 
1.25966 0.00222262 -0.166495 
1.13304 0.00390489 0.319956 
1.13364 0.000773557 -0.275035 
