1.11961 0.0040062 -0.283136 
1.2922 0.00399575 0.0195719 
1.12002 0.00679535 0.274935 
1.12629 0.0056898 -0.350302 
1.24186 0.00455391 0.241402 
1.16269 0.00439201 0.0792948 
1.19097 0.00388684 -0.314762 
1.16091 0.00123082 0.3478 
1.15192 0.00627276 -0.15204 
1.26996 0.00167239 -0.161103 
1.11002 0.00625546 0.349579 
1.1151 0.00731482 -0.309772 
1.28744 0.00658644 0.0793537 
1.13242 0.000481233 0.234479 
1.13711 0.0012238 -0.35082 
1.22095 0.00605512 0.280154 
1.16691 0.000451468 0.0200761 
1.16665 0.00853498 0.0233889 
1.21035 0.00100315 -0.290472 
1.14331 0.00504771 0.357207 
1.14119 0.00521991 -0.200341 
1.28318 0.00617567 -0.104782 
1.10783 0.00796422 0.333804 
1.11298 0.00459111 -0.330937 
1.2779 0.00180691 0.135005 
1.14253 0.00578959 0.19121 
1.15432 0.00799626 -0.343505 
1.19998 0.00596535 0.310471 
1.16624 0.00489604 -0.0366667 
1.23246 0.00655858 -0.255476 
1.12904 0.00516245 0.360794 
1.12915 0.00109484 -0.244076 
1.29034 0.00129981 -0.0485082 
1.11123 0.00735466 0.310256 
1.1164 0.00433954 -0.344125 
1.26215 0.00754561 0.189968 
1.15324 0.00582506 0.14138 
1.16936 0.00242283 -0.334505 
1.18014 0.00562016 0.332499 
1.16072 0.000536294 -0.0946882 
1.16171 0.00865011 -0.0914883 
1.25182 0.00648089 -0.214574 
1.11884 0.00266199 0.358444 
1.11995 0.00165861 -0.279431 
1.29238 0.00415153 0.0114368 
1.11955 0.00421778 0.278981 
1.12519 0.00669789 -0.349695 
1.2449 0.00320451 0.235066 
1.16228 0.000230235 0.0854077 
1.16131 0.00833855 0.0886196 
1.18945 0.00780761 -0.316511 
1.16237 0.0041163 0.346969 
1.15255 0.00250111 -0.146441 
1.26779 0.00127846 -0.168411 
1.11065 0.00617758 0.351232 
1.11512 0.00574121 -0.306788 
1.28841 0.0068247 0.0713061 
1.12937 0.00567466 0.241887 
1.13581 0.00303682 -0.350757 
1.22444 0.00394764 0.274658 
1.16649 0.0042622 0.0297728 
1.20887 0.00593722 -0.292998 
1.14468 0.00739249 0.356918 
1.1419 0.00182678 -0.19514 
1.28174 0.00630877 -0.112608 
1.10807 0.00706919 0.336269 
1.11263 0.00386772 -0.328719 
1.27958 0.00189464 0.127257 
1.14179 0.00229866 0.19659 
1.15026 0.0022673 -0.346056 
1.20378 0.00285455 0.305863 
1.16643 0.00063989 -0.0303462 
1.16673 0.0087251 -0.0270375 
1.22914 0.00459409 -0.26119 
1.13028 0.00683659 0.361005 
1.13211 0.00640122 -0.23691 
1.28961 0.00150414 -0.0565817 
1.1111 0.00560258 0.313468 
1.11566 0.00441544 -0.342716 
1.26456 0.00702755 0.182798 
1.15261 0.00196415 0.147116 
1.16787 0.00540313 -0.335482 
1.18414 0.00138396 0.328736 
1.16214 0.00454135 -0.0855051 
1.24898 0.00524796 -0.221091 
1.11986 0.00350725 0.359244 
1.1229 0.00756376 -0.273203 
1.29245 0.00430293 0.00330078 
1.11912 0.00172488 0.282924 
1.12413 0.0075896 -0.349 
1.24785 0.00195661 0.228618 
1.16085 0.00420471 0.0946799 
1.18554 0.00363736 -0.320398 
1.16383 0.00708173 0.346052 
1.15464 0.00683564 -0.13775 
1.26552 0.000784373 -0.17563 
1.26684 0.00834218 -0.173047 
1.11134 0.00620955 0.352773 
1.11519 0.00405124 -0.303704 
1.28928 0.00705477 0.0632362 
1.12871 0.00265142 0.246585 
1.13454 0.00474815 -0.350625 
1.22787 0.00196094 0.269035 
1.16589 0.0080833 0.0394349 
1.20515 0.00288804 -0.29772 
1.14881 0.00162546 0.354498 
1.14454 0.0065921 -0.187026 
1.28021 0.00639724 -0.120378 
1.10836 0.00629205 0.338624 
1.11233 0.00302855 -0.326391 
1.28115 0.00203253 0.119451 
1.13898 0.00708577 0.204694 
1.14886 0.00462448 -0.346409 
1.20524 0.00775376 0.303389 
1.16685 0.00445887 -0.0206834 
1.22575 0.00251345 -0.26678 
1.13436 0.000340263 0.359113 
1.13154 0.00861598 0.361142 
1.13276 0.0033582 -0.232241 
1.28878 0.00171723 -0.0646345 
1.11103 0.0039667 0.316581 
1.11497 0.00438225 -0.341197 
1.26686 0.00661099 0.175535 
1.15034 0.00631311 0.155814 
1.16381 0.000216014 -0.338535 
1.16638 0.00830094 -0.336373 
1.18563 0.00526191 0.327046 
1.16256 0.000404614 -0.0794744 
1.16339 0.00850907 -0.076239 
1.24606 0.00391288 -0.227498 
1.12091 0.0044691 0.359953 
1.12331 0.00503562 -0.269286 
1.29242 0.0044538 -0.00483422 
1.11605 0.0076845 0.289109 
1.1203 1.33207e-05 -0.350294 
1.12311 0.00836542 -0.348215 
1.25073 0.000810697 0.222058 
1.24901 0.00844048 0.224528 
1.16038 9.94035e-05 0.100697 
1.15925 0.00821782 0.103869 
1.18402 0.00729164 -0.321946 
1.16793 0.00206172 0.342933 
1.15523 0.00296822 -0.132062 
1.26315 0.000186925 -0.182756 
1.26454 0.00775525 -0.180187 
1.11208 0.00635143 0.354202 
1.1153 0.00224708 -0.300522 
1.29004 0.00727324 0.0551479 
1.12561 0.00799338 0.253716 
1.13329 0.0063537 -0.350421 
1.23122 8.95309e-05 0.263288 
1.2292 0.00781368 0.265662 
1.16565 0.00382812 0.0457668 
1.20366 0.00754829 -0.300024 
1.15021 0.00412451 0.354069 
1.14524 0.0030906 -0.181691 
1.27857 0.00643119 -0.128087 
1.10871 0.00563143 0.340868 
1.11209 0.00207232 -0.323954 
1.28263 0.00221055 0.111592 
1.13824 0.00370506 0.209937 
1.14747 0.00690742 -0.346691 
1.20897 0.00494515 0.29854 
1.16696 0.000185778 -0.0143052 
1.16708 0.00826849 -0.0109874 
1.22229 0.000311116 -0.272246 
1.22434 0.00807408 -0.269871 
1.13565 0.00222877 0.359185 
1.13343 0.000257163 -0.227478 
1.13565 0.00852075 -0.224803 
1.28785 0.00193526 -0.0726624 
1.111 0.00244904 0.319595 
1.11433 0.00423995 -0.339566 
1.26908 0.00629231 0.168183 
1.14968 0.00254936 0.161463 
1.16234 0.00302723 -0.339348 
1.18958 0.00132824 0.323056 
1.16376 0.004345 -0.0701527 
1.24306 0.0024761 -0.233794 
1.122 0.0055479 0.360574 
1.12377 0.00242539 -0.265267 
1.29228 0.00460793 -0.0129661 
1.1157 0.00537761 0.292842 
1.11931 0.000667931 -0.34942 
1.25185 0.00738433 0.217878 
1.15874 0.00414636 0.109833 
1.18006 0.00283405 -0.325615 
1.16941 0.00521177 0.341843 
1.15713 0.00719656 -0.12323 
1.26214 0.00706345 -0.187231 
1.11286 0.00660363 0.355523 
1.11546 0.000331483 -0.297242 
1.11814 0.00870736 -0.294927 
1.29106 2.77372e-05 0.0443305 
1.2907 0.0074782 0.0470448 
1.12499 0.00510129 0.258206 
1.13207 0.00784995 -0.350143 
1.23253 0.00603653 0.259812 
1.16479 0.00767658 0.0553452 
1.19988 0.00419059 -0.30451 
1.15163 0.00669357 0.353565 
1.14774 0.00772988 -0.17339 
1.27684 0.00640098 -0.135731 
1.10911 0.00508588 0.343 
1.1119 0.000997998 -0.32141 
1.284 0.0024188 0.103685 
1.13751 0.000377904 0.215111 
1.13531 0.00862389 0.217823 
1.14341 0.000904453 -0.349017 
1.21265 0.00229008 0.293557 
1.16713 0.00399036 -0.0045904 
1.22087 0.00576176 -0.275232 
1.13695 0.00421387 0.359186 
1.13632 0.00535904 -0.219939 
1.28682 0.002153 -0.0806611 
1.11103 0.00105102 0.322509 
1.11375 0.00398814 -0.337823 
1.2712 0.00606664 0.160746 
1.14723 0.00701489 0.170012 
1.16087 0.00576462 -0.34008 
1.19107 0.00548557 0.321155 
1.16411 0.000158458 -0.0640189 
1.16478 0.00825509 -0.0607536 
1.23998 0.000937473 -0.239976 
1.24178 0.00861311 -0.23752 
1.12312 0.00674349 0.36111 
1.12674 0.00805642 -0.258644 
1.29204 0.00476876 -0.0210927 
1.11539 0.00316885 0.296476 
1.11837 0.00120889 -0.34845 
1.25461 0.00643244 0.211121 
1.15822 0.000108946 0.115756 
1.15693 0.00823894 0.118883 
1.17854 0.00624339 -0.32697 
1.17348 0.000421056 0.338521 
1.17089 0.0084589 0.340658 
1.15767 0.00324113 -0.117452 
1.25965 0.0062658 -0.194178 
1.1137 0.0069669 0.356737 
1.11834 0.00668169 -0.291541 
1.29156 0.000220865 0.0362121 
1.29126 0.00766916 0.0389301 
1.12441 0.00227707 0.262594 
1.1281 0.000930927 -0.351876 
1.23579 0.00436663 0.253842 
1.16448 0.00344913 0.0616025 
1.19606 0.000665172 -0.308866 
1.19837 0.00856649 -0.306595 
1.15575 0.00118869 0.350905 
1.14841 0.00412172 -0.167941 
1.275 0.00629759 -0.143304 
1.10957 0.00465395 0.345018 
1.11453 0.0082067 -0.316556 
1.28528 0.0026478 0.0957358 
1.13457 0.00535553 0.222908 
1.14205 0.00301896 -0.349168 
1.21407 0.00758288 0.290749 
1.16709 0.00779192 0.0051363 
1.21733 0.00331559 -0.280466 
1.13827 0.00629074 0.359118 
1.13702 0.00214234 -0.21499 
1.28568 0.00236383 -0.088626 
1.10824 0.00819047 0.327465 
1.11322 0.00362606 -0.335966 
1.27322 0.00592786 0.153229 
1.14653 0.00335406 0.175567 
1.1568 0.000304351 -0.342874 
1.15942 0.00843101 -0.340732 
1.19497 0.00186703 0.316932 
1.16508 0.004047 -0.0545669 
1.23868 0.0069869 -0.243606 
1.12428 0.00805509 0.361563 
1.12726 0.00529121 -0.254409 
1.29168 0.00493911 -0.0292117 
1.11513 0.00106255 0.300011 
1.11748 0.0016374 -0.347379 
1.25727 0.00558561 0.204259 
1.15637 0.00424109 0.124755 
1.17454 0.00152184 -0.330427 
1.17496 0.00378065 0.337248 
1.15938 0.00737337 -0.108481 
1.25706 0.0053622 -0.201024 
1.11458 0.00744223 0.357847 
1.11859 0.00455125 -0.288056 
1.29194 0.000400382 0.0280855 
1.2917 0.00784695 0.0308065 
1.1213 0.007854 0.269327 
1.12693 0.00219335 -0.351452 
1.23898 0.00280112 0.247752 
1.16337 0.00733706 0.0710717 
1.19454 0.00489366 -0.310849 
1.15719 0.00390628 0.350252 
1.14908 0.000463116 -0.162447 
1.15075 0.00863829 -0.159473 
1.27307 0.00611286 -0.1508 
1.11008 0.00433433 0.346923 
1.11444 0.00689465 -0.313795 
1.28645 0.00288878 0.0877493 
1.13385 0.00214213 0.227912 
1.14072 0.00504678 -0.349252 
1.21768 0.00519751 0.285527 
1.16705 0.00351136 0.0115453 
1.21373 0.000728987 -0.28557 
1.21587 0.00853596 -0.28323 
1.14239 0.000228979 0.356931 
1.13961 0.00845459 0.358979 
1.13982 0.00711011 -0.207205 
1.28444 0.00255993 -0.096552 
1.10836 0.00703345 0.330166 
1.11275 0.00315264 -0.333996 
1.27514 0.00586867 0.145636 
1.14391 0.00794229 0.183953 
1.15536 0.00289263 -0.343456 
1.19645 0.00631244 0.314815 
1.16587 0.00791217 -0.045047 
1.23549 0.00525656 -0.249575 
1.12832 0.00116745 0.359921 
1.12782 0.00245614 -0.250071 
1.29122 0.00512086 -0.0373205 
1.11215 0.00745208 0.305705 
1.11663 0.00195464 -0.346206 
1.25985 0.00484421 0.197296 
1.1558 0.000282437 0.130588 
1.15436 0.00842547 0.133665 
1.17304 0.00471176 -0.331599 
1.17646 0.00725057 0.335875 
1.15987 0.00333943 -0.102609 
1.25439 0.00435317 -0.207767 
1.11551 0.00803076 0.358856 
1.11888 0.00232012 -0.284472 
