0.733654 1.5708 0.0843169 
0.733783 1.5729 0.0836989 
0.733915 1.575 0.0830811 
0.734048 1.5771 0.0824634 
0.734184 1.5792 0.0818458 
0.815937 1.56371 -0.100081 
0.815064 1.57531 -0.103203 
0.952936 1.56256 0.064763 
0.953492 1.5728 0.062699 
0.688628 1.57237 0.0163442 
0.920356 1.57257 -0.0786204 
0.852451 1.56887 0.104411 
0.710709 1.56894 -0.0606704 
0.993362 1.56846 -0.0177506 
0.993234 1.57838 -0.0194519 
0.750533 1.56232 0.0951715 
0.751321 1.5747 0.0915829 
0.794176 1.56828 -0.0991953 
0.969861 1.57171 0.0504284 
0.692089 1.56346 0.0359886 
0.692384 1.57669 0.0319765 
0.899456 1.57057 -0.0873003 
0.874561 1.56584 0.100446 
0.875422 1.5768 0.0977416 
0.70034 1.57368 -0.0481902 
0.984556 1.56407 -0.031082 
0.984279 1.57406 -0.0328586 
0.770412 1.57253 0.0986411 
0.773564 1.56913 -0.0951744 
0.982941 1.56402 0.0384584 
0.983285 1.57402 0.0366599 
0.698732 1.56794 0.0504321 
0.878246 1.56304 -0.0927048 
0.877431 1.57398 -0.0953678 
0.896772 1.56882 0.0926309 
0.69343 1.56487 -0.0299196 
0.693143 1.57808 -0.0339199 
0.971558 1.56668 -0.0448894 
0.971175 1.57678 -0.046781 
0.791014 1.57321 0.102905 
0.754373 1.56704 -0.0883512 
0.753613 1.5794 -0.0919055 
0.992559 1.56935 0.0233934 
0.992805 1.57927 0.0216839 
0.708581 1.57276 0.0631494 
0.855445 1.57146 -0.0997022 
0.917861 1.56648 0.0841034 
0.918602 1.57704 0.0817447 
0.689123 1.56913 -0.0143815 
0.955506 1.56584 -0.0571811 
0.95501 1.57608 -0.0592112 
0.811913 1.56587 0.107237 
0.812824 1.57749 0.104076 
0.737011 1.56257 -0.0788754 
0.736286 1.57516 -0.0825534 
0.99736 1.56681 0.00921328 
0.997463 1.5767 0.00754625 
0.720943 1.56548 0.0775047 
0.721616 1.57827 0.0737061 
0.833936 1.56265 -0.0997907 
0.833059 1.57405 -0.102784 
0.938104 1.56882 0.0730082 
0.938775 1.57919 0.0708215 
0.687723 1.57344 0.00175513 
0.936742 1.5716 -0.0698516 
0.833783 1.56347 0.107784 
0.834678 1.57485 0.104778 
0.72126 1.56899 -0.0705592 
0.997227 1.565 -0.00525405 
0.997189 1.57489 -0.00692113 
0.736787 1.57231 0.0855652 
0.811404 1.57103 -0.101839 
0.956269 1.5648 0.0620748 
0.95682 1.57502 0.0600415 
0.68899 1.56448 0.0219068 
0.689167 1.57775 0.0178709 
0.917218 1.56284 -0.0782539 
0.91652 1.57341 -0.0806052 
0.856386 1.56669 0.104294 
0.857282 1.57783 0.101453 
0.708391 1.57434 -0.0598818 
0.992177 1.56234 -0.0193318 
0.991994 1.57227 -0.0210414 
0.754305 1.56831 0.0947555 
0.790718 1.5631 -0.0971296 
0.78986 1.57499 -0.100429 
0.972251 1.56445 0.0494056 
0.972692 1.57454 0.0475123 
0.693176 1.56884 0.0373547 
0.895515 1.57048 -0.0887617 
0.878554 1.56482 0.0995604 
0.8794 1.57574 0.0968861 
0.699052 1.56592 -0.0431062 
0.698657 1.57905 -0.047063 
0.982364 1.56742 -0.0341852 
0.982082 1.57743 -0.0359827 
0.773686 1.56673 0.101252 
0.774559 1.57882 0.0978246 
0.770326 1.56324 -0.0925072 
0.769503 1.57538 -0.0959494 
0.985104 1.56742 0.0353065 
0.985444 1.5774 0.0335294 
0.700456 1.57332 0.0515402 
0.873467 1.57284 -0.0961816 
0.900735 1.56885 0.0910993 
0.692319 1.57023 -0.0285313 
0.968703 1.56946 -0.047766 
0.794509 1.56814 0.104908 
0.750631 1.57295 -0.0887048 
0.993693 1.56327 0.0217887 
0.993885 1.57318 0.0200869 
0.71036 1.56524 0.0677905 
0.710949 1.57818 0.063915 
0.851543 1.56916 -0.0997472 
0.921709 1.56743 0.0820526 
0.922441 1.57794 0.0797266 
0.688617 1.57451 -0.0128474 
0.952168 1.56798 -0.059788 
0.951665 1.57825 -0.0618484 
0.816494 1.57329 0.105397 
0.733673 1.56822 -0.0788108 
0.99774 1.57088 0.00582052 
0.72387 1.57105 0.0778565 
0.829272 1.57062 -0.102039 
0.941722 1.57051 0.0705834 
0.687748 1.56553 0.00737442 
0.687803 1.57883 0.003329 
0.933704 1.56265 -0.0699455 
0.933074 1.57307 -0.0721592 
0.83851 1.5717 0.105326 
0.718466 1.57448 -0.0700936 
0.996626 1.56904 -0.00862896 
0.996584 1.57893 -0.0103017 
0.739486 1.56552 0.0891759 
0.740254 1.57805 0.0855095 
0.807785 1.56656 -0.100333 
0.806934 1.57826 -0.103513 
0.959523 1.56715 0.0593439 
0.960068 1.57734 0.0573408 
0.689597 1.56987 0.0234104 
0.913365 1.56349 -0.0801248 
0.912656 1.5741 -0.0825083 
0.86034 1.56472 0.104027 
0.861218 1.57582 0.101215 
0.706698 1.56673 -0.0551328 
0.990649 1.56607 -0.0225862 
0.990462 1.57602 -0.0243105 
0.758169 1.57433 0.0942758 
0.786424 1.56968 -0.0982602 
0.974976 1.5674 0.0464276 
0.975412 1.57747 0.0445605 
0.694398 1.57422 0.0386837 
0.891564 1.57021 -0.0901126 
0.88255 1.564 0.0985422 
0.883381 1.57488 0.0958984 
0.697448 1.57127 -0.0419177 
0.980036 1.57067 -0.037256 
0.777861 1.57312 0.10034 
0.766296 1.56939 -0.0931901 
0.987124 1.57091 0.0321268 
0.701823 1.56563 0.0565344 
0.702319 1.5787 0.0525957 
0.869509 1.57148 -0.0968587 
0.904685 1.56905 0.0894629 
0.69159 1.56235 -0.0230961 
0.691341 1.57559 -0.027111 
0.965746 1.57212 -0.0506038 
0.798051 1.56323 0.10678 
0.798936 1.57501 0.103522 
0.747725 1.56638 -0.0853946 
0.746982 1.57883 -0.088996 
0.994854 1.56717 0.0184524 
0.995042 1.57707 0.0167626 
0.712809 1.5707 0.0684752 
0.847663 1.56663 -0.0996408 
0.846821 1.57788 -0.102535 
0.925523 1.56851 0.0799261 
0.926247 1.579 0.0776327 
0.688308 1.56661 -0.00725849 
0.948758 1.57001 -0.0623481 
0.820205 1.56928 0.106574 
0.730446 1.57384 -0.078681 
0.997891 1.56508 0.00408616 
0.997938 1.57496 0.00242409 
0.726224 1.56391 0.0819013 
0.72692 1.57663 0.0781407 
0.825519 1.56697 -0.101143 
0.824666 1.57846 -0.104198 
0.945282 1.57231 0.0681048 
0.687894 1.57093 0.00894346 
0.93 1.56396 -0.0721589 
0.929361 1.57442 -0.0744047 
0.842372 1.56878 0.105721 
0.716376 1.56709 -0.0657346 
0.995943 1.56314 -0.0103149 
0.995847 1.57304 -0.0119925 
0.743009 1.57133 0.0890305 
0.803331 1.57364 -0.101892 
0.962691 1.56961 0.0565718 
0.690336 1.57525 0.0248916 
0.909488 1.56398 -0.0819091 
0.908768 1.57463 -0.0843245 
0.864309 1.56298 0.103613 
0.86517 1.57404 0.100829 
0.704595 1.57211 -0.0542074 
0.988963 1.56974 -0.0258157 
0.761267 1.56815 0.0972466 
0.783039 1.56422 -0.0959676 
0.782198 1.57621 -0.0993207 
0.977584 1.57045 0.0434157 
0.695365 1.56641 0.0439604 
0.887607 1.56975 -0.0913477 
0.886545 1.56339 0.0973959 
0.887364 1.57423 0.094783 
0.696341 1.56346 -0.0367053 
0.695981 1.57663 -0.0406832 
0.977923 1.56378 -0.0384593 
0.977577 1.57383 -0.0402936 
0.781221 1.56757 0.102737 
0.763153 1.56327 -0.0903175 
0.762345 1.57551 -0.0938101 
0.988717 1.56453 0.030667 
0.988996 1.57448 0.0289207 
0.703767 1.57103 0.057521 
0.865562 1.56992 -0.0973954 
0.908617 1.56943 0.0877274 
0.690685 1.56772 -0.02164 
0.963146 1.56451 -0.0514384 
0.96269 1.57469 -0.0534017 
0.802498 1.57024 0.105285 
0.744123 1.57219 -0.0855972 
0.995843 1.57112 0.0151016 
0.714776 1.56329 0.0729377 
0.715391 1.57617 0.0690946 
0.843808 1.56388 -0.0993819 
0.842945 1.57517 -0.102304 
0.9293 1.56974 0.0777285 
0.687999 1.572 -0.00569672 
0.945281 1.57192 -0.0648592 
0.823954 1.56547 0.107603 
0.824864 1.57696 0.104527 
0.727988 1.56674 -0.0747426 
0.727333 1.57946 -0.0784851 
0.997911 1.56917 0.000687411 
0.997954 1.57905 -0.000974084 
0.729344 1.56956 0.0820964 
0.821803 1.56311 -0.100098 
0.820925 1.57465 -0.103178 
0.948191 1.56395 0.0676793 
0.948781 1.57424 0.0655753 
0.688071 1.56303 0.0145478 
0.688169 1.57632 0.0105048 
0.926254 1.56513 -0.0743063 
0.925606 1.57563 -0.0765842 
0.846261 1.56607 0.105963 
0.847164 1.57732 0.103047 
0.713783 1.57253 -0.0651183 
0.994992 1.56709 -0.013656 
0.994892 1.577 -0.0153427 
0.745847 1.56471 0.0924417 
0.746635 1.57716 0.0888202 
0.799774 1.56885 -0.100135 
0.965769 1.57217 0.0537599 
0.690928 1.56738 0.0303686 
0.90559 1.56431 -0.0836013 
0.904859 1.57499 -0.0860486 
0.869136 1.57248 0.100298 
0.703088 1.56442 -0.049298 
0.702627 1.57749 -0.0532243 
0.987368 1.56335 -0.0272674 
0.987121 1.57332 -0.0290191 
0.764433 1.56209 0.100104 
0.765257 1.57429 0.0966129 
0.778838 1.57064 -0.0969298 
0.979695 1.56357 0.0421987 
0.980068 1.5736 0.0403709 
0.696802 1.57178 0.0451968 
0.883647 1.56909 -0.0924618 
0.890537 1.56298 0.0961265 
0.891343 1.57378 0.0935446 
0.694951 1.56881 -0.0354171 
0.975345 1.56682 -0.0414382 
0.974994 1.57689 -0.0432968 
0.784634 1.56217 0.105012 
0.785497 1.57412 0.10166 
0.759238 1.5693 -0.0908475 
0.990439 1.56819 0.0274184 
0.990713 1.57813 0.0256894 
0.705323 1.56341 0.0623625 
0.70585 1.57643 0.0584499 
0.861627 1.56813 -0.0977883 
0.860812 1.57924 -0.10058 
0.912528 1.56998 0.0858981 
0.689912 1.57309 -0.0201586 
0.960006 1.56694 -0.0541665 
0.959544 1.57714 -0.0561586 
0.806105 1.56564 0.106913 
0.807011 1.57733 0.103711 
0.741346 1.56544 -0.0820895 
0.740621 1.57797 -0.0857363 
0.996527 1.56522 0.0134131 
0.996657 1.57511 0.011738 
0.717435 1.5688 0.0734725 
0.839095 1.57224 -0.101919 
0.933036 1.5711 0.0754643 
0.687844 1.5641 -8.3175e-05 
0.687819 1.5774 -0.00412769 
0.942325 1.56336 -0.0651777 
0.941741 1.57371 -0.0673189 
0.828627 1.57332 0.105433 
0.724941 1.5723 -0.0744584 
0.99776 1.56337 -0.0010466 
0.997749 1.57325 -0.00270926 
0.731864 1.56257 0.0859444 
0.73258 1.57521 0.0822241 
0.817222 1.57063 -0.102011 
0.951629 1.56602 0.0650701 
0.952213 1.57628 0.0629974 
0.688413 1.56843 0.0160961 
0.922471 1.56617 -0.0763834 
0.921814 1.5767 -0.0786935 
0.850175 1.56359 0.106052 
0.851058 1.57479 0.103164 
0.711873 1.56503 -0.0605768 
0.71132 1.57797 -0.0644373 
0.993868 1.57099 -0.0169804 
0.749524 1.57062 0.0921418 
0.796262 1.56388 -0.0982452 
0.795402 1.57571 -0.101506 
0.968277 1.56472 0.0528377 
0.968749 1.57484 0.0509095 
0.691873 1.57276 0.0317893 
0.901675 1.56447 -0.0851964 
0.900932 1.57519 -0.0876753 
0.873113 1.57113 0.0996255 
0.7012 1.56977 -0.0482454 
0.985382 1.56684 -0.0304241 
0.98513 1.57682 -0.0321949 
0.768458 1.56832 0.0993789 
0.775533 1.56492 -0.0944197 
0.774709 1.57701 -0.0978254 
0.982054 1.56684 0.0390988 
0.982423 1.57684 0.0372941 
0.69795 1.56402 0.0503549 
0.698377 1.57715 0.0463873 
0.879686 1.56823 -0.0934501 
0.878907 1.57916 -0.0961043 
0.894523 1.56276 0.094739 
0.895316 1.57353 0.0921885 
0.693697 1.57416 -0.0340891 
0.972649 1.56975 -0.0443809 
0.788934 1.56883 0.103834 
0.756198 1.56296 -0.0877739 
0.755408 1.57529 -0.0913154 
0.992002 1.57193 0.0241475 
0.707487 1.56884 0.0632165 
0.857708 1.56612 -0.0980348 
0.856875 1.57727 -0.100855 
0.916415 1.57068 0.0839804 
0.689417 1.5652 -0.0146232 
0.68927 1.57847 -0.018655 
0.956779 1.56926 -0.0568518 
0.956311 1.57948 -0.0588733 
0.810635 1.57287 0.105225 
0.737897 1.57116 -0.0821401 
0.997167 1.56925 0.0100319 
0.997293 1.57914 0.00836356 
0.720225 1.57433 0.0739402 
0.835275 1.56909 -0.101381 
0.936086 1.5622 0.0753465 
0.936725 1.57259 0.0731376 
0.687729 1.56949 0.00149104 
0.938737 1.565 -0.0675518 
0.938145 1.57538 -0.0697247 
0.832424 1.56989 0.106188 
0.722648 1.56506 -0.0703264 
0.722014 1.57784 -0.0741078 
0.99742 1.56744 -0.00443622 
0.997405 1.57733 -0.00610189 
0.735164 1.56829 0.0859825 
0.813558 1.56641 -0.100698 
0.812703 1.57804 -0.103838 
0.954994 1.5682 0.0624151 
0.955573 1.57843 0.0603734 
0.688885 1.57382 0.0176299 
0.918654 1.56706 -0.0783858 
0.917988 1.57762 -0.080728 
0.854976 1.57249 0.103128 
0.709489 1.57043 -0.0598148 
0.992733 1.56492 -0.0185804 
0.992574 1.57484 -0.0202861 
0.752491 1.5642 0.0953528 
0.753297 1.57656 0.0917779 
0.79191 1.57062 -0.0995089 
0.97116 1.56751 0.0499224 
0.971627 1.57761 0.0480217 
0.692633 1.56492 0.0371859 
0.692951 1.57813 0.0331779 
0.897746 1.56445 -0.0866887 
0.89699 1.5752 -0.0891991 
0.877097 1.57 0.0988143 
0.699449 1.57514 -0.0471402 
0.983251 1.57024 -0.0335507 
0.771721 1.56249 0.10203 
0.772563 1.5746 0.0985886 
0.771432 1.57119 -0.0952209 
0.984279 1.57019 0.0359691 
0.699604 1.56941 0.0514849 
0.875728 1.56717 -0.0943079 
0.874934 1.57813 -0.0969921 
0.898498 1.56273 0.0932387 
0.899281 1.57346 0.0907199 
0.692841 1.56631 -0.0287193 
0.970258 1.56248 -0.0453863 
0.969842 1.57259 -0.0472864 
0.792422 1.5637 0.105882 
0.793304 1.57556 0.102585 
0.752409 1.56888 -0.0881529 
0.993186 1.56581 0.022561 
0.993402 1.57573 0.0208556 
0.709788 1.57427 0.0640086 
0.853807 1.56389 -0.0981323 
0.852955 1.57508 -0.100981 
0.920273 1.57154 0.0819797 
0.688845 1.57058 -0.013096 
0.953473 1.57146 -0.0594928 
0.814302 1.5686 0.106597 
0.735261 1.56424 -0.0784358 
0.734554 1.57685 -0.0821262 
0.997554 1.56342 0.00830902 
0.997627 1.57331 0.00664335 
0.722449 1.56708 0.0781287 
0.831486 1.56573 -0.100691 
0.830627 1.57716 -0.103702 
0.939732 1.56385 0.0729288 
0.940364 1.57421 0.0707522 
0.687744 1.57489 0.00306565 
0.935096 1.56652 -0.0698687 
0.934496 1.57693 -0.0720734 
0.836254 1.56667 0.10679 
0.837168 1.57802 0.103802 
0.719791 1.57055 -0.0698887 
0.996899 1.57149 -0.00781801 
0.738576 1.57403 0.085954 
0.809054 1.57368 -0.102407 
0.958283 1.57049 0.0597163 
0.689286 1.56593 0.0231801 
0.689488 1.5792 0.0191464 
0.914809 1.5678 -0.0803087 
0.914132 1.5784 -0.082683 
0.858914 1.57041 0.102942 
