0.726197 1.5708 0.0904024 
0.726335 1.57291 0.0897753 
0.726476 1.57503 0.0891484 
0.726618 1.57714 0.0885217 
0.726763 1.57926 0.0878951 
0.81243 1.57081 -0.109703 
0.963707 1.56379 0.0669872 
0.964295 1.57394 0.0650065 
0.679646 1.57056 0.0220494 
0.919536 1.57091 -0.0870168 
0.862194 1.57036 0.109967 
0.697262 1.56463 -0.058056 
0.696723 1.57778 -0.0620242 
1.00038 1.56812 -0.0272542 
1.00017 1.57798 -0.0289018 
0.757007 1.56576 0.105376 
0.757908 1.57805 0.101829 
0.775925 1.56954 -0.104282 
0.990741 1.5697 0.0433717 
0.688146 1.56216 0.0534473 
0.688586 1.57544 0.0494074 
0.882137 1.56946 -0.100807 
0.900834 1.57174 0.0984236 
0.683582 1.56934 -0.0327506 
0.978589 1.56876 -0.0508427 
0.978169 1.5788 -0.0526837 
0.792912 1.57191 0.111606 
0.742319 1.57141 -0.094073 
1.00667 1.56482 0.0195126 
1.00685 1.57462 0.0179183 
0.705698 1.56775 0.0760047 
0.843263 1.57294 -0.109407 
0.937083 1.56743 0.0826092 
0.937825 1.57781 0.0804009 
0.678316 1.57422 -0.00407673 
0.948125 1.56927 -0.0718855 
0.830238 1.56557 0.115104 
0.83121 1.57698 0.112064 
0.714432 1.56749 -0.0766054 
1.00905 1.56456 -0.00619892 
1.009 1.57435 -0.00776914 
0.731149 1.56301 0.0956771 
0.731952 1.57565 0.0919505 
0.805363 1.57093 -0.109264 
0.969448 1.565 0.0626927 
0.970009 1.5751 0.0607636 
0.680591 1.56583 0.0291673 
0.680847 1.57923 0.0250686 
0.912787 1.5687 -0.0895795 
0.91204 1.57931 -0.0919817 
0.868997 1.56399 0.10997 
0.869919 1.575 0.107211 
0.693714 1.57317 -0.05598 
0.997037 1.57164 -0.0324453 
0.763254 1.56345 0.107961 
0.764155 1.57566 0.104458 
0.76947 1.56759 -0.102114 
0.994451 1.56281 0.0400665 
0.994803 1.57271 0.0383594 
0.691027 1.57077 0.0558118 
0.875343 1.5641 -0.101482 
0.874464 1.57506 -0.104178 
0.90768 1.56871 0.0963311 
0.908539 1.57934 0.0938786 
0.682091 1.56457 -0.0257953 
0.681837 1.57795 -0.029881 
0.973314 1.5705 -0.0553137 
0.799852 1.57134 0.112617 
0.736751 1.56811 -0.0904796 
1.00828 1.56913 0.0139971 
1.00844 1.57892 0.012419 
0.709731 1.56352 0.0811828 
0.710421 1.57647 0.0773031 
0.836743 1.56403 -0.107703 
0.835813 1.57539 -0.110684 
0.943571 1.56699 0.0790879 
0.944281 1.57731 0.0769348 
0.678189 1.5695 0.00320418 
0.941762 1.56902 -0.0754608 
0.941132 1.57937 -0.0776215 
0.8377 1.56768 0.114078 
0.838681 1.57901 0.111092 
0.710161 1.56324 -0.0715895 
0.709496 1.5762 -0.0754618 
1.00783 1.56896 -0.0117316 
1.00776 1.57876 -0.0133132 
0.737378 1.57226 0.0957267 
0.798399 1.57059 -0.108466 
0.974937 1.56655 0.0582529 
0.975471 1.5766 0.0563739 
0.68207 1.57449 0.0321004 
0.906008 1.56595 -0.0918319 
0.90522 1.57661 -0.0942874 
0.876738 1.56927 0.106796 
0.690998 1.56849 -0.0497184 
0.993567 1.56495 -0.0358248 
0.993255 1.57487 -0.0375309 
0.770553 1.57356 0.106802 
0.763153 1.56533 -0.0996579 
0.762286 1.57757 -0.103153 
0.998119 1.56614 0.0349095 
0.998448 1.57601 0.0332379 
0.693763 1.56616 0.0620131 
0.694313 1.57934 0.0580153 
0.867676 1.56908 -0.104452 
0.914505 1.56624 0.0939039 
0.915325 1.57681 0.0915054 
0.680627 1.5732 -0.0228261 
0.967767 1.57189 -0.0596385 
0.806901 1.5712 0.113278 
0.731397 1.56458 -0.0866109 
0.730622 1.57723 -0.0903296 
1.00926 1.56377 0.0100141 
1.00935 1.57356 0.0084438 
0.714745 1.57233 0.0822395 
0.829364 1.56584 -0.108527 
0.828442 1.57728 -0.111561 
0.949926 1.56695 0.0753683 
0.950606 1.57722 0.07327 
0.678299 1.56477 0.0104816 
0.678376 1.57821 0.00636493 
0.935277 1.56834 -0.0788313 
0.934614 1.57875 -0.0810465 
0.845242 1.57035 0.112652 
0.70551 1.57187 -0.0702074 
1.00622 1.56341 -0.0156226 
1.00608 1.57323 -0.0172169 
0.74302 1.5691 0.0992246 
0.791544 1.56983 -0.107324 
0.980144 1.56845 0.0536745 
0.980652 1.57846 0.0518434 
0.683557 1.56975 0.0390167 
0.899214 1.56262 -0.0937454 
0.898385 1.57335 -0.0962535 
0.883607 1.56423 0.105931 
0.884501 1.57509 0.103285 
0.688572 1.56376 -0.043258 
0.688154 1.57704 -0.0472928 
0.989403 1.56784 -0.0407569 
0.989065 1.57779 -0.0425017 
0.777091 1.57178 0.108853 
0.756987 1.56278 -0.0969216 
0.756119 1.57509 -0.10046 
1.00134 1.56975 0.0296564 
0.69736 1.57477 0.0640183 
0.860958 1.56238 -0.104258 
0.860043 1.57349 -0.107062 
0.921288 1.5643 0.0911709 
0.922073 1.57481 0.0888271 
0.679671 1.56846 -0.0156816 
0.96254 1.56274 -0.0618342 
0.96198 1.57291 -0.0638108 
0.814056 1.57152 0.113576 
0.725497 1.57356 -0.0862215 
1.00982 1.56828 0.00443024 
1.00989 1.57806 0.002866 
0.719345 1.56836 0.0868987 
0.822072 1.5671 -0.108956 
0.821157 1.57862 -0.112042 
0.956124 1.5673 0.0714675 
0.956775 1.57751 0.0694234 
0.678747 1.57348 0.0136195 
0.928694 1.56723 -0.081977 
0.927997 1.5777 -0.0842467 
0.851919 1.56242 0.113713 
0.852855 1.5736 0.110827 
0.701811 1.56741 -0.0646914 
1.00397 1.56749 -0.0210261 
1.00381 1.57732 -0.0226415 
0.748864 1.56618 0.102445 
0.749747 1.57858 0.0988419 
0.784802 1.56867 -0.105852 
0.985038 1.57068 0.0489631 
0.685317 1.56504 0.0457957 
0.685715 1.57836 0.0417338 
0.891551 1.56947 -0.0978517 
0.891357 1.57065 0.102046 
0.686028 1.57231 -0.0406708 
0.984862 1.5704 -0.0455633 
0.783758 1.57034 0.110602 
0.750115 1.57235 -0.0974903 
1.00386 1.56379 0.0259381 
1.00409 1.57361 0.0243174 
0.700706 1.57028 0.0697852 
0.853357 1.56614 -0.106432 
0.852456 1.57732 -0.109293 
0.928012 1.56286 0.0881606 
0.928762 1.57331 0.0858719 
0.678962 1.56371 -0.00846975 
0.678856 1.57714 -0.0125808 
0.956572 1.56334 -0.0657941 
0.955982 1.57357 -0.0678231 
0.821312 1.57233 0.113498 
0.720615 1.56969 -0.081835 
1.00982 1.56303 0.000405042 
1.00982 1.57281 -0.00115897 
0.72421 1.56458 0.0912774 
0.724991 1.57731 0.0875016 
0.814874 1.56784 -0.108997 
0.813964 1.57944 -0.112133 
0.962137 1.56801 0.0673992 
0.962759 1.57818 0.0654084 
0.679361 1.56875 0.0208285 
0.922036 1.56565 -0.0848744 
0.921303 1.57617 -0.0871985 
0.859578 1.56632 0.111439 
0.860529 1.57742 0.108611 
0.698404 1.56285 -0.0589249 
0.697842 1.57598 -0.0628847 
1.00123 1.57135 -0.0263513 
0.754892 1.56353 0.105387 
0.755774 1.57584 0.101826 
0.778179 1.56714 -0.104066 
0.777296 1.57918 -0.107457 
0.989182 1.56331 0.045879 
0.989588 1.57326 0.0441247 
0.687773 1.57365 0.0483702 
0.884736 1.56495 -0.0990549 
0.883883 1.57582 -0.101679 
0.898229 1.56686 0.100406 
0.899104 1.57758 0.0978762 
0.68418 1.56755 -0.0338891 
0.980419 1.56259 -0.0484173 
0.979977 1.57261 -0.0502375 
0.790548 1.56927 0.112035 
0.74429 1.56934 -0.0942462 
1.00614 1.56787 0.0205021 
1.00635 1.57768 0.0189041 
0.704352 1.5659 0.0753017 
0.705014 1.57892 0.0713826 
0.845814 1.56931 -0.108217 
0.935373 1.57228 0.0826665 
0.678411 1.57241 -0.00532778 
0.950424 1.56357 -0.069583 
0.949803 1.57385 -0.0716653 
0.827714 1.56223 0.11609 
0.828664 1.57367 0.113032 
0.71599 1.56563 -0.0771708 
0.7153 1.57851 -0.0810002 
1.0093 1.56753 -0.00517146 
1.00928 1.57732 -0.00673993 
0.73011 1.57366 0.0916352 
0.807774 1.56808 -0.108661 
0.967938 1.56909 0.0631744 
0.968532 1.5792 0.0612356 
0.680223 1.56402 0.02797 
0.680451 1.57742 0.0238685 
0.915322 1.56357 -0.087498 
0.914551 1.57415 -0.089876 
0.867286 1.5708 0.108784 
0.694739 1.57138 -0.0569058 
0.998273 1.56509 -0.029922 
0.998014 1.57497 -0.0315867 
0.761971 1.57338 0.104532 
0.771682 1.56527 -0.101978 
0.770798 1.57739 -0.105414 
0.993379 1.56624 0.04088 
0.993762 1.57615 0.0391657 
0.69012 1.56897 0.0548292 
0.877054 1.5707 -0.102511 
0.905102 1.56367 0.098394 
0.905936 1.57433 0.0959171 
0.682602 1.56279 -0.0269691 
0.682321 1.57616 -0.0310509 
0.975249 1.56442 -0.0529067 
0.97478 1.57448 -0.0547737 
0.797452 1.56859 0.113139 
0.738659 1.56609 -0.0907283 
0.737865 1.57865 -0.0943952 
1.00776 1.56234 0.0165938 
1.0079 1.57214 0.0150089 
0.70896 1.57461 0.0766659 
0.838339 1.57192 -0.109605 
0.941883 1.57169 0.0792353 
0.678205 1.56768 0.00195019 
0.944121 1.56341 -0.0731884 
0.943468 1.57374 -0.0753246 
0.835147 1.56419 0.115175 
0.836107 1.57554 0.11217 
0.710946 1.57435 -0.0760933 
1.00832 1.56217 -0.00914465 
1.00823 1.57196 -0.0107205 
0.735466 1.57021 0.0954888 
0.800777 1.56787 -0.107961 
0.973496 1.57051 0.0588014 
0.681589 1.57269 0.0309295 
0.907762 1.5716 -0.0922517 
0.874114 1.56489 0.108484 
0.875033 1.57584 0.105765 
0.691929 1.56671 -0.0507043 
0.994637 1.5684 -0.0350226 
0.994354 1.5783 -0.0367213 
0.768324 1.57121 0.106954 
0.765322 1.56309 -0.0996002 
0.764436 1.57529 -0.10308 
0.99717 1.56948 0.0357711 
0.997529 1.57935 0.0340932 
0.692761 1.56436 0.0610905 
0.693287 1.57756 0.0570854 
0.870275 1.5649 -0.102901 
0.869391 1.57591 -0.105635 
0.912752 1.57166 0.0936145 
0.681026 1.5714 -0.0240258 
0.969798 1.56589 -0.0572505 
0.969301 1.576 -0.0591664 
0.804468 1.56833 0.113899 
0.733237 1.56261 -0.0869357 
0.732442 1.57524 -0.0906415 
1.00902 1.56674 0.0110435 
1.00914 1.57653 0.00947145 
0.713195 1.57045 0.0816797 
0.831882 1.56255 -0.107577 
0.83094 1.57396 -0.110593 
0.948269 1.5715 0.0755997 
0.678236 1.56295 0.00923101 
0.678284 1.57639 0.00511388 
0.93769 1.56284 -0.0765945 
0.937003 1.57322 -0.078785 
0.842662 1.56671 0.11386 
0.843634 1.57798 0.110909 
0.706871 1.57005 -0.0709147 
1.00674 1.56648 -0.0146381 
1.00663 1.57628 -0.0162287 
0.741043 1.567 0.0990633 
0.741907 1.57949 0.0954058 
0.793888 1.56721 -0.106912 
0.792986 1.57906 -0.110195 
0.978296 1.56225 0.0561397 
0.978783 1.57228 0.0542869 
0.682988 1.56796 0.0378813 
0.900952 1.56848 -0.094297 
0.900165 1.5792 -0.0967947 
0.881867 1.57056 0.10506 
0.688967 1.57526 -0.0483272 
0.990584 1.5714 -0.0400091 
0.77482 1.56935 0.109086 
0.758221 1.57289 -0.100463 
1.00024 1.56314 0.0322154 
1.00052 1.57299 0.0305612 
0.696238 1.57297 0.0631528 
0.862626 1.56947 -0.10561 
0.919534 1.56953 0.0909975 
0.679987 1.56665 -0.0169045 
0.964099 1.567 -0.0614429 
0.963573 1.57715 -0.0634096 
0.811589 1.56853 0.114299 
0.727244 1.57161 -0.0866106 
1.00973 1.57123 0.0054675 
0.71771 1.56644 0.0864173 
0.718469 1.57927 0.0825949 
0.824561 1.56395 -0.108116 
0.823626 1.57545 -0.111183 
0.954505 1.57171 0.0717776 
0.678576 1.57166 0.0123776 
0.930433 1.57227 -0.0820272 
0.850251 1.56979 0.112145 
0.703081 1.56561 -0.0654718 
0.702487 1.57868 -0.0693962 
1.00465 1.57062 -0.020072 
0.746826 1.56402 0.10236 
0.747689 1.57644 0.0987427 
0.78711 1.56615 -0.10553 
0.786208 1.57808 -0.108859 
0.983305 1.56441 0.051443 
0.983766 1.5744 0.0496367 
0.684658 1.56324 0.0447019 
0.68503 1.57657 0.0406351 
0.89414 1.56476 -0.0959836 
0.89331 1.57554 -0.0985333 
0.888739 1.56596 0.103922 
0.889632 1.57677 0.101316 
0.686749 1.57053 -0.0417548 
0.986529 1.56411 -0.043106 
0.986145 1.57408 -0.0448736 
0.781448 1.56782 0.110919 
0.752166 1.5702 -0.0975688 
1.00315 1.56693 0.0268858 
1.00342 1.57677 0.0252603 
0.699489 1.56846 0.0689886 
0.855943 1.56231 -0.105105 
0.85502 1.57346 -0.107946 
0.926264 1.56792 0.0880947 
0.927052 1.57838 0.0857953 
0.679063 1.57532 -0.0138188 
0.95818 1.56774 -0.0654771 
0.957625 1.57795 -0.0674958 
0.818813 1.56921 0.114327 
0.722285 1.56779 -0.0823017 
1.00987 1.56598 0.0014432 
1.0099 1.57576 -0.000120553 
0.722494 1.56261 0.0908748 
0.723255 1.57537 0.0870869 
0.817331 1.56483 -0.108264 
0.816402 1.57641 -0.111382 
0.959967 1.5621 0.0697988 
0.960566 1.57229 0.0677838 
0.679109 1.56694 0.0196021 
0.92378 1.57087 -0.0850287 
0.856975 1.56233 0.112883 
0.857904 1.57346 0.110035 
0.698996 1.57418 -0.0637263 
1.00225 1.56472 -0.0238044 
1.00205 1.57456 -0.0254338 
0.753662 1.57365 0.101803 
0.780449 1.56472 -0.103829 
0.779547 1.57673 -0.107204 
0.987979 1.5669 0.0466189 
0.988415 1.57685 0.0448565 
0.686996 1.57186 0.0473186 
0.886467 1.57125 -0.0998848 
0.896483 1.57275 0.099821 
0.684811 1.56577 -0.0350165 
0.684485 1.57911 -0.0390805 
0.981762 1.56641 -0.0477978 
0.981352 1.57642 -0.0496091 
0.7882 1.56665 0.11244 
0.789161 1.57854 0.109108 
0.746284 1.56726 -0.0943997 
1.00558 1.57095 0.0214809 
0.70304 1.56406 0.0745777 
0.703679 1.5771 0.0706491 
0.848377 1.56564 -0.106998 
0.847467 1.57688 -0.109895 
0.93292 1.56678 0.0849335 
0.933675 1.57719 0.0826893 
0.678538 1.57059 -0.00657694 
0.95207 1.56811 -0.069344 
0.951485 1.57837 -0.0714157 
0.826134 1.5704 0.113969 
0.717579 1.56377 -0.0777152 
0.716868 1.57662 -0.0815332 
1.00951 1.57049 -0.0041403 
0.728297 1.57167 0.0912987 
0.8102 1.56521 -0.108031 
0.809274 1.57687 -0.1112 
0.965852 1.56309 0.0655922 
0.966423 1.57323 0.0636298 
0.679887 1.56221 0.0267653 
0.680088 1.57562 0.0226612 
0.917065 1.56897 -0.0877643 
0.864665 1.56665 0.110331 
0.865611 1.57769 0.107541 
0.695798 1.5696 -0.0578138 
0.999194 1.5684 -0.029053 
0.998965 1.57827 -0.0307113 
0.759808 1.57112 0.104585 
0.773912 1.56293 -0.101822 
0.77301 1.57502 -0.105243 
0.992286 1.56972 0.0416737 
0.689249 1.56718 0.0538305 
0.879652 1.56631 -0.100823 
0.878796 1.57723 -0.103487 
0.903339 1.56935 0.0979449 
0.682839 1.57436 -0.0322114 
0.976673 1.56836 -0.0523519 
0.976237 1.57842 -0.0542095 
0.795069 1.56586 0.113637 
0.796032 1.57768 0.110352 
0.740591 1.56407 -0.090957 
0.739778 1.57659 -0.0946104 
