1.06173 0.00140123 -0.353153 
1.31456 0.00122292 -0.014723 
1.31464 0.00855991 -0.0120844 
1.05316 0.00561032 0.37584 
1.05112 0.00321484 -0.433185 
1.27606 0.0052122 0.225866 
1.11179 0.000163628 0.219937 
1.1094 0.00855772 0.22265 
1.10514 0.00564997 -0.436428 
1.1837 0.00144358 0.388668 
1.1479 0.000116446 -0.00635016 
1.14793 0.00829871 -0.00291838 
1.19062 0.00436103 -0.374364 
1.09816 0.00269201 0.447037 
1.10993 0.00688292 -0.225112 
1.28213 0.00699863 -0.206154 
1.04529 0.0079154 0.439811 
1.05633 0.00780487 -0.373778 
1.31408 0.00272395 0.0329852 
1.06218 0.00365277 0.352487 
1.05743 0.00286069 -0.43835 
1.26083 0.0049615 0.263563 
1.12153 0.00628465 0.184377 
1.11752 0.000549474 -0.431507 
1.16625 0.00120893 0.406119 
1.14581 0.000764603 -0.0507215 
1.20966 0.00751469 -0.350707 
1.08641 0.000195832 0.449577 
1.09693 0.00198214 -0.260059 
1.29384 0.00433336 -0.16639 
1.04438 0.00129676 0.429854 
1.04886 0.00279419 -0.393871 
1.31034 0.00424313 0.0802091 
1.07204 0.00325622 0.326908 
1.0647 0.00027027 -0.441855 
1.24345 0.00683409 0.299125 
1.13179 0.00566112 0.144028 
1.13319 0.00212202 -0.423081 
1.14813 0.00499149 0.420728 
1.1409 0.00143298 -0.0940717 
1.22768 0.00729722 -0.323587 
1.07505 0.000415506 0.450462 
1.08624 0.00386972 -0.29007 
1.30385 0.00729281 -0.122298 
1.042 0.00653829 0.418661 
1.04607 0.00328563 -0.409512 
1.30335 0.00604706 0.126255 
1.08259 0.0039207 0.299088 
1.07571 0.00386141 -0.442343 
1.22662 0.00322439 0.329849 
1.13978 0.00600129 0.10192 
1.14887 0.00156749 -0.412797 
1.13251 0.00383902 0.431177 
1.13344 0.0018068 -0.135923 
1.24452 0.00445506 -0.293361 
1.06404 0.00348704 0.449851 
1.0759 0.00460882 -0.317813 
1.31007 0.0018111 -0.0791094 
1.04475 0.00633096 0.403012 
1.04508 0.00034137 -0.422242 
1.29439 0.00137242 0.168173 
1.09359 0.00575473 0.268948 
1.08707 0.00452975 -0.441384 
1.20865 0.00213502 0.357448 
1.1452 0.00666254 0.0583843 
1.16706 0.00615342 -0.398423 
1.11686 0.00499439 0.439682 
1.12374 0.00125208 -0.175998 
1.26181 0.00700398 -0.258254 
1.05679 0.000329345 0.446228 
1.06618 0.00438104 -0.343353 
1.31396 0.00334295 -0.0320474 
1.05227 0.000726999 0.382961 
1.04926 0.00330133 -0.430556 
1.2813 0.00573922 0.210847 
1.10708 0.000772277 0.233863 
1.09882 0.00239998 -0.438823 
1.18965 0.00432773 0.381538 
1.14775 0.00731207 0.0139343 
1.18461 0.00686651 -0.381322 
1.10142 0.00805291 0.446346 
1.11444 0.0074571 -0.211266 
1.27693 0.00733485 -0.221006 
1.04716 0.00823884 0.442481 
1.05726 0.00275683 -0.366702 
1.3146 0.00484306 0.015634 
1.05766 0.00674425 0.362271 
1.05506 0.00379988 -0.436488 
1.26698 0.00468035 0.249266 
1.11727 0.00616986 0.199092 
1.11405 0.00646212 -0.432808 
1.17245 0.00252924 0.400191 
1.14729 0.007948 -0.0306506 
1.20146 0.00358942 -0.361053 
1.08948 0.00468125 0.449541 
1.1018 0.00332796 -0.247172 
1.28962 0.00546989 -0.181922 
1.04559 0.00065534 0.433496 
1.05253 0.00768386 -0.385946 
1.31198 0.0063489 0.063128 
1.06724 0.00581676 0.337585 
1.06202 0.00208529 -0.440581 
1.2504 0.0057322 0.285705 
1.12827 0.00498996 0.159481 
1.12665 0.000323243 -0.426837 
1.12958 0.00864237 -0.425017 
1.15455 0.00484068 0.41582 
1.14302 0.00043621 -0.0778738 
1.14389 0.00864403 -0.0745341 
1.21994 0.00461287 -0.335274 
1.07796 0.00385188 0.451029 
1.09114 0.00580645 -0.278109 
1.29974 0.00165252 -0.141073 
1.04249 0.00468367 0.423401 
1.04589 0.000644964 -0.404373 
1.30693 0.000624345 0.107101 
1.30611 0.00799335 0.109679 
1.07758 0.00606957 0.310684 
1.07285 0.00670316 -0.441588 
1.23414 0.00126033 0.317501 
1.13713 0.00505067 0.117999 
1.14238 0.000682913 -0.417298 
1.13903 0.00256818 0.427097 
1.13646 0.000981025 -0.120328 
1.23733 0.00274074 -0.306209 
1.06678 0.00587771 0.45096 
1.08067 0.00696074 -0.306767 
1.30798 0.0038642 -0.0959249 
1.04458 0.00311649 0.408838 
1.04745 0.00788432 -0.416593 
1.29816 0.00289269 0.152217 
1.0885 0.00738687 0.281494 
1.08405 0.00847155 -0.441182 
1.21421 0.00687727 0.348502 
1.14352 0.00565167 0.0749532 
1.16073 0.0065601 -0.403828 
1.12337 0.00290135 0.436335 
1.12755 0.000865493 -0.161099 
1.25537 0.00616046 -0.272064 
1.05929 0.00181592 0.447894 
1.07073 0.00714254 -0.333193 
1.31298 0.00546576 -0.0492824 
1.04827 0.00508773 0.391483 
1.04764 0.00303046 -0.427572 
1.28618 0.00656647 0.19557 
1.10223 0.00168168 0.247429 
1.09562 0.00733253 -0.43924 
1.19551 0.00777021 0.373914 
1.14716 0.00632292 0.0307688 
1.17584 0.000783413 -0.389807 
1.10784 0.00521481 0.443714 
1.11876 0.00773354 -0.197088 
1.27137 0.00734494 -0.235588 
1.05256 2.75134e-05 0.443294 
1.06151 0.00616568 -0.357435 
1.31474 0.00696239 -0.001743 
1.05651 0.00133497 0.369887 
1.05287 0.0044206 -0.434355 
1.2728 0.00471405 0.234678 
1.11277 0.00632836 0.213497 
1.10764 0.00371042 -0.435629 
1.17857 0.00444964 0.393824 
1.14781 0.00695187 -0.0138691 
1.19562 0.00699523 -0.368795 
1.09574 0.00097483 0.447598 
1.10656 0.0043908 -0.233912 
1.28502 0.00631447 -0.197193 
1.04706 0.000416789 0.436743 
1.05317 0.00326714 -0.379404 
1.31359 0.00112566 0.0432872 
1.31324 0.00846739 0.0459137 
1.06252 0.00856488 0.347896 
1.05944 0.00355344 -0.439095 
1.25705 0.0049507 0.271922 
1.12445 0.00449988 0.174673 
1.12309 0.0065972 -0.428528 
1.1609 0.00521933 0.410546 
1.14548 0.00762543 -0.0581055 
1.21199 0.00147339 -0.346442 
1.08092 0.00769281 0.451371 
1.09602 0.00753124 -0.265765 
1.29614 0.00319589 -0.157022 
1.04325 0.00332266 0.427713 
1.04922 0.00636537 -0.397133 
1.30919 0.00266773 0.0903015 
1.07262 0.00839029 0.321898 
1.06687 0.0004064 -0.442266 
1.23923 0.00732131 0.306919 
1.13414 0.00417501 0.133857 
1.13874 0.00766243 -0.419649 
1.14552 0.00169467 0.42271 
1.13917 6.37409e-05 -0.104494 
1.14034 0.00829248 -0.101229 
1.22989 0.000664503 -0.318621 
1.23212 0.00837596 -0.31641 
1.0696 0.00865142 0.451864 
1.08261 0.000574837 -0.297622 
1.30549 0.00583965 -0.112527 
1.04464 0.000428598 0.414259 
1.04683 0.00605649 -0.412137 
1.30155 0.0046132 0.136014 
1.08631 0.000685495 0.291375 
1.07797 0.00334501 -0.442434 
1.22209 0.00425911 0.336955 
1.14148 0.00464592 0.0913589 
1.15434 0.00644241 -0.40887 
1.12989 0.00110886 0.432707 
1.13108 0.000278921 -0.145927 
1.1327 0.00855272 -0.142815 
1.24863 0.00498988 -0.285531 
1.0619 0.00363449 0.449336 
1.07233 0.00106304 -0.324781 
1.31113 0.000233119 -0.0690072 
1.31162 0.00758294 -0.0663878 
1.04775 0.00106697 0.39792 
1.04629 0.00237178 -0.424206 
1.29199 0.000246754 0.177551 
1.29067 0.00767728 0.180037 
1.09727 0.00288269 0.260619 
1.08941 0.00334531 -0.441121 
1.20384 0.00387437 0.363749 
1.14616 0.0053251 0.0475381 
1.16963 0.00208664 -0.395847 
1.11429 0.00268092 0.440802 
1.12286 0.00772733 -0.182597 
1.26546 0.00702723 -0.24989 
1.05482 0.00100761 0.445361 
1.06274 0.000542441 -0.349756 
1.31436 0.0017477 -0.0217395 
1.05226 0.00503991 0.378996 
1.05087 0.00471606 -0.431922 
1.27826 0.00506056 0.219817 
1.10808 0.00678031 0.22757 
1.10127 0.000648475 -0.438176 
1.18459 0.00696725 0.386993 
1.14793 0.00596514 0.00297334 
1.18709 0.00191948 -0.378084 
1.09895 0.00616011 0.447062 
1.1112 0.00515592 -0.220293 
1.28004 0.00684742 -0.212202 
1.04879 0.000546686 0.439623 
1.05719 0.00725147 -0.370703 
1.31434 0.0032499 0.025972 
1.06113 0.00277612 0.355976 
1.05699 0.00469191 -0.437381 
1.2634 0.00448524 0.257809 
1.12037 0.004231 0.189585 
1.11661 0.00427817 -0.431769 
1.16717 0.00616675 0.40488 
1.14668 0.00661219 -0.0415136 
1.20632 0.00568007 -0.354982 
1.08712 0.00331895 0.449857 
1.09825 0.000539486 -0.255571 
1.29215 0.00449832 -0.172711 
1.04429 0.00242309 0.431603 
1.04953 0.00270192 -0.391181 
1.31106 0.00476137 0.0733168 
1.07085 0.00219806 0.330717 
1.06414 0.00244698 -0.441113 
1.24634 0.00602746 0.293733 
1.13083 0.00341291 0.149478 
1.13222 0.00608003 -0.423587 
1.15196 0.00127014 0.417998 
1.14254 0.00730667 -0.0851221 
1.22453 0.00594692 -0.328393 
1.07569 0.00313108 0.450973 
1.08752 0.00263604 -0.285908 
1.30167 0.000306673 -0.131458 
1.30262 0.00769374 -0.128894 
1.04162 0.00717428 0.420851 
1.04649 0.00372735 -0.407251 
1.30454 0.006491 0.119574 
1.0813 0.00271741 0.303225 
1.07507 0.00644061 -0.4418 
1.22974 0.00206512 0.324898 
1.13907 0.00366551 0.107576 
1.14788 0.00584722 -0.413575 
1.13345 0.00791346 0.430589 
1.13578 0.00778973 -0.127322 
1.2416 0.00348559 -0.298622 
1.0646 0.00580405 0.450569 
1.07709 0.00351748 -0.313974 
1.30926 0.00231911 -0.0859382 
1.04412 0.00642055 0.40564 
1.04521 0.00129094 -0.420433 
1.29599 0.00163284 0.161744 
1.09223 0.00435672 0.273422 
1.08636 0.00753387 -0.441058 
1.21196 0.000528582 0.353023 
1.20948 0.00834156 0.355107 
1.14476 0.0043176 0.0642001 
1.16333 0.00281413 -0.401475 
1.12077 0.000436804 0.437611 
1.12671 0.00746436 -0.167812 
1.25921 0.00638277 -0.263891 
1.05724 0.00230189 0.447171 
1.06725 0.00344104 -0.339828 
1.31361 0.00387348 -0.0390334 
1.05144 0.000313702 0.385989 
1.04911 0.0046688 -0.429154 
1.28335 0.00571375 0.204693 
1.10322 0.00753455 0.241292 
1.09803 0.00577613 -0.438742 
1.19315 0.0021443 0.377678 
1.14763 0.00498023 0.0198288 
1.18103 0.00418444 -0.384848 
1.10533 0.00314967 0.444587 
1.11566 0.00561945 -0.206329 
1.27469 0.00705752 -0.226947 
1.05075 0.00101698 0.442165 
1.05818 0.00207335 -0.363501 
1.31471 0.00537312 0.00860489 
1.05666 0.00597323 0.365633 
1.05469 0.00551048 -0.435414 
1.26942 0.00433484 0.243392 
