1.0526 0.778828 -0.0733599 
1.04909 0.787545 -0.0714133 
1.14952 0.781202 0.161953 
1.14717 0.789663 0.162144 
0.71343 0.786175 0.321761 
1.12891 0.782758 -0.157155 
1.12673 0.791045 -0.154344 
1.0317 0.783128 0.29705 
1.02916 0.792449 0.295915 
0.756863 0.779978 0.2289 
0.752224 0.79108 0.226018 
1.18392 0.780732 -0.166828 
1.18233 0.788751 -0.164092 
0.905961 0.784679 0.382964 
0.841973 0.778362 0.127655 
0.837028 0.788502 0.125899 
1.22301 0.777633 -0.112135 
1.22142 0.785495 -0.10987 
1.2198 0.793368 -0.107633 
0.800595 0.785143 0.404993 
0.953826 0.781272 0.0271468 
0.949192 0.790584 0.0272695 
1.21382 0.77827 0.0208308 
1.21178 0.78627 0.0221447 
0.729743 0.782598 0.382341 
1.06294 0.777184 -0.0853549 
1.0596 0.785839 -0.0832368 
1.13837 0.78288 0.177607 
1.13599 0.79142 0.177654 
0.717629 0.779809 0.314609 
0.713453 0.791583 0.311205 
1.1358 0.780094 -0.161979 
1.13373 0.788345 -0.15914 
1.01913 0.781679 0.308536 
1.01657 0.791096 0.30728 
0.760669 0.787574 0.216636 
1.18934 0.777978 -0.165027 
1.18779 0.785971 -0.162316 
1.1862 0.793975 -0.159631 
0.894443 0.782683 0.388467 
0.891707 0.793128 0.386121 
0.852441 0.778581 0.117464 
0.847489 0.788627 0.115863 
1.22375 0.782923 -0.100332 
1.22211 0.79079 -0.0981604 
0.792751 0.780499 0.405796 
0.789636 0.791864 0.402724 
0.965331 0.782128 0.0162292 
0.960783 0.791369 0.0165671 
1.20948 0.778589 0.0367082 
1.2074 0.786623 0.0379042 
0.724631 0.783537 0.377352 
1.06987 0.783545 -0.0950103 
1.06665 0.792163 -0.092795 
1.12664 0.784971 0.192902 
1.12424 0.793596 0.192802 
0.718077 0.785524 0.30373 
1.14067 0.784879 -0.163457 
1.13866 0.793108 -0.160627 
1.00625 0.781092 0.319455 
1.00367 0.790608 0.318076 
0.769313 0.784765 0.20696 
1.19321 0.782601 -0.160087 
1.19166 0.790579 -0.157428 
0.882843 0.782059 0.3929 
0.880075 0.792605 0.390466 
0.863112 0.779122 0.107301 
0.858161 0.789078 0.105863 
1.22567 0.7794 -0.0899885 
1.224 0.787263 -0.0878852 
0.782001 0.787846 0.402886 
0.976917 0.782576 0.00517697 
0.972467 0.791746 0.00573387 
1.20448 0.778668 0.0527022 
1.20235 0.786739 0.0537789 
0.720124 0.784784 0.371746 
1.0799 0.780476 -0.106651 
1.07686 0.789034 -0.104284 
1.11686 0.77877 0.207985 
1.11442 0.78746 0.207772 
0.723208 0.779725 0.295953 
0.718912 0.791374 0.292638 
1.14757 0.78067 -0.167369 
1.14566 0.788862 -0.16452 
0.9931 0.78135 0.329771 
0.990511 0.79097 0.328268 
0.778103 0.78261 0.197031 
0.77335 0.793436 0.194408 
1.19858 0.778714 -0.157399 
1.19705 0.786667 -0.154769 
0.871174 0.782799 0.396286 
0.868376 0.793449 0.393763 
0.873937 0.780018 0.0971462 
0.868994 0.789886 0.095877 
1.22544 0.782911 -0.076804 
1.22371 0.790786 -0.0748011 
0.774618 0.784491 0.402409 
0.98854 0.782641 -0.00602737 
0.984201 0.79174 -0.0052499 
1.19874 0.778573 0.0688146 
1.19658 0.786686 0.0697699 
0.716287 0.786387 0.365472 
1.08684 0.784964 -0.115563 
1.08393 0.793484 -0.113112 
1.10421 0.781573 0.22252 
1.10176 0.790355 0.222157 
0.724488 0.785636 0.284699 
1.15261 0.783849 -0.168069 
1.15074 0.792017 -0.165235 
0.97973 0.782432 0.339435 
0.977132 0.79216 0.337808 
0.787023 0.781017 0.186907 
0.782229 0.791735 0.184397 
1.20235 0.782241 -0.151648 
1.20081 0.79018 -0.149072 
0.859458 0.784806 0.398688 
0.884875 0.781254 0.0869751 
0.87995 0.791039 0.0858808 
1.22643 0.777864 -0.0649537 
1.22466 0.78574 -0.0630242 
1.22288 0.79363 -0.0611256 
0.767459 0.781862 0.401282 
0.76421 0.793461 0.398037 
1.00014 0.782384 -0.0174004 
0.995922 0.791414 -0.0164033 
1.19221 0.778406 0.0850361 
1.19001 0.786566 0.0858674 
0.713145 0.788432 0.358484 
1.09659 0.779836 -0.126533 
1.09385 0.788298 -0.123954 
1.09118 0.784838 0.236509 
1.08872 0.793717 0.235997 
0.730605 0.780018 0.276557 
0.726197 0.791525 0.273346 
1.15952 0.77802 -0.171305 
1.15775 0.786152 -0.168457 
0.96618 0.784343 0.348379 
0.796087 0.77987 0.176652 
0.791256 0.790482 0.17426 
1.20755 0.777238 -0.148049 
1.20604 0.785153 -0.145504 
1.20449 0.793078 -0.142984 
0.850623 0.777091 0.402855 
0.847729 0.78792 0.400196 
0.895898 0.782773 0.0767649 
0.890999 0.792476 0.0758511 
1.22515 0.780128 -0.0505504 
1.22334 0.788022 -0.0487279 
0.760501 0.779973 0.399518 
0.757194 0.791632 0.396234 
1.01163 0.781887 -0.0289481 
1.00755 0.790848 -0.0277352 
1.18483 0.778309 0.101334 
1.18259 0.786521 0.102038 
0.714559 0.779066 0.354282 
0.710683 0.791022 0.350762 
1.10353 0.782006 -0.134399 
1.10092 0.79043 -0.131753 
1.08028 0.77973 0.250514 
1.07778 0.788685 0.249886 
0.732786 0.785959 0.265088 
1.16471 0.779422 -0.171365 
1.16299 0.787529 -0.168536 
0.955133 0.777213 0.35835 
0.952483 0.787137 0.356511 
0.805328 0.779055 0.16633 
0.800464 0.789564 0.16406 
1.21112 0.779442 -0.141422 
1.20959 0.787344 -0.138934 
0.838944 0.781019 0.403654 
0.836029 0.791958 0.400902 
0.906992 0.784475 0.0664971 
0.902127 0.7941 0.0657693 
1.22334 0.781957 -0.0357255 
1.22147 0.789871 -0.0340133 
0.753736 0.778792 0.397148 
0.750373 0.790509 0.393824 
1.02295 0.781217 -0.0406595 
1.01901 0.790111 -0.0392373 
1.17658 0.778438 0.117649 
1.17431 0.786708 0.118222 
0.712777 0.782297 0.345835 
1.11049 0.782998 -0.14161 
1.10801 0.791383 -0.138906 
1.06652 0.784209 0.263365 
1.06402 0.79327 0.262585 
0.7399 0.780652 0.256608 
0.73539 0.792003 0.253517 
1.16999 0.779868 -0.171092 
1.16831 0.787951 -0.168282 
0.941313 0.780872 0.365685 
0.938659 0.790914 0.363722 
0.814789 0.778486 0.155993 
0.809896 0.788893 0.153851 
1.21453 0.780793 -0.134314 
1.21299 0.788683 -0.131885 
0.827339 0.785698 0.403734 
0.922973 0.776719 0.0565932 
0.91816 0.78623 0.0561577 
1.22101 0.783432 -0.0205799 
1.21909 0.791369 -0.0189804 
0.747186 0.778241 0.394208 
0.743767 0.790012 0.390845 
1.03403 0.780398 -0.0525085 
1.03024 0.789226 -0.0508855 
1.16747 0.77892 0.133905 
1.16517 0.787255 0.134343 
0.711551 0.786207 0.3367 
1.11745 0.782881 -0.148141 
1.11509 0.791229 -0.145387 
1.05491 0.780423 0.27638 
1.05238 0.789567 0.275482 
0.742924 0.786973 0.244871 
1.17533 0.779361 -0.170449 
1.17369 0.787418 -0.167659 
0.927374 0.785646 0.371989 
0.824511 0.778108 0.145677 
0.819594 0.788416 0.143669 
1.21774 0.781164 -0.126652 
1.21618 0.789043 -0.124283 
0.818857 0.77987 0.406039 
0.815857 0.790993 0.403148 
0.934177 0.778453 0.045971 
0.929421 0.78789 0.0457348 
1.21815 0.784591 -0.00520141 
1.21619 0.792553 -0.00371659 
0.740902 0.778209 0.390727 
0.737429 0.790031 0.387325 
1.04484 0.779384 -0.0644576 
1.04121 0.788148 -0.0626438 
1.15756 0.779828 0.150015 
1.15522 0.788232 0.150314 
0.714882 0.778896 0.330419 
0.710813 0.790755 0.326959 
1.12438 0.781754 -0.154006 
1.12213 0.790064 -0.15121 
1.04294 0.777421 0.288895 
1.0404 0.786652 0.287877 
0.750881 0.782459 0.235933 
0.746282 0.793644 0.232977 
1.18071 0.777949 -0.169401 
1.17912 0.785981 -0.166633 
1.17749 0.794024 -0.163892 
0.916017 0.781426 0.379333 
0.913322 0.791683 0.37716 
0.834516 0.777913 0.135402 
0.82958 0.788122 0.133537 
1.22069 0.780465 -0.118355 
1.2191 0.788335 -0.116048 
0.807553 0.785601 0.404904 
0.945486 0.77995 0.0352476 
0.940796 0.789315 0.035217 
1.21678 0.777468 0.00894255 
1.21477 0.785444 0.0103456 
1.21277 0.793435 0.0117143 
0.734966 0.778584 0.386718 
0.731439 0.790454 0.383279 
1.05537 0.778069 -0.0764595 
1.05191 0.786769 -0.0744657 
1.1469 0.781178 0.165898 
1.14454 0.789658 0.166055 
0.714621 0.784001 0.320165 
1.13127 0.77972 -0.159254 
1.12913 0.787993 -0.156425 
1.02806 0.784578 0.299747 
1.02552 0.793928 0.298575 
0.759181 0.778564 0.226679 
0.754527 0.789635 0.223826 
1.18457 0.783737 -0.165178 
1.18297 0.791754 -0.16246 
0.904581 0.778401 0.385672 
0.901847 0.788753 0.383413 
0.844798 0.777934 0.125173 
0.83985 0.788048 0.123459 
1.22332 0.77868 -0.109344 
1.22171 0.786542 -0.107101 
0.79952 0.780594 0.406138 
0.796438 0.791897 0.403112 
0.956908 0.781106 0.024412 
0.952295 0.790399 0.0245928 
1.21289 0.777995 0.0247371 
1.21084 0.786001 0.0260233 
1.20879 0.794025 0.0272747 
0.729474 0.779289 0.382167 
0.725892 0.791199 0.378695 
1.06235 0.784936 -0.0862913 
1.05901 0.7936 -0.0841953 
1.1356 0.782959 0.181476 
1.13321 0.791519 0.181487 
0.718951 0.777753 0.312902 
0.714753 0.789502 0.309519 
1.13811 0.776871 -0.163958 
1.13608 0.785108 -0.161102 
1.13401 0.79336 -0.15828 
1.0154 0.783366 0.311069 
1.01285 0.792813 0.309775 
0.76303 0.78631 0.214363 
1.19 0.780814 -0.163275 
1.18844 0.788805 -0.160582 
0.893061 0.776692 0.390954 
0.890292 0.787142 0.388609 
0.855322 0.778233 0.114983 
0.850369 0.788254 0.113427 
1.22394 0.783721 -0.0973763 
1.22228 0.79159 -0.0952275 
0.788618 0.78743 0.40374 
0.968431 0.781864 0.0134525 
0.963908 0.791085 0.0138495 
1.20839 0.778248 0.0406491 
1.2063 0.786289 0.0418171 
0.724522 0.780293 0.377036 
0.720885 0.792237 0.373535 
1.07254 0.782468 -0.0980467 
1.06938 0.79107 -0.0957894 
1.12374 0.785148 0.196676 
1.12133 0.793793 0.196541 
0.719507 0.783524 0.301957 
1.14298 0.781467 -0.165317 
1.14101 0.789682 -0.162473 
1.00245 0.783014 0.321815 
0.999877 0.792562 0.320398 
0.771716 0.783676 0.204614 
1.19539 0.777324 -0.160916 
1.19387 0.78529 -0.15825 
1.1923 0.793267 -0.15561 
0.878659 0.786911 0.392736 
0.866035 0.778867 0.104817 
0.861085 0.788798 0.103425 
1.22575 0.779978 -0.0868429 
1.22406 0.787844 -0.084763 
0.781067 0.783551 0.403756 
0.980027 0.782215 0.00235419 
0.975605 0.791366 0.00297076 
1.20321 0.778274 0.0566784 
1.20108 0.786355 0.0577266 
0.720194 0.781616 0.371275 
0.716501 0.793586 0.36775 
1.08251 0.779181 -0.109647 
1.07952 0.787723 -0.107241 
1.11384 0.77902 0.211687 
1.1114 0.787732 0.211438 
0.724769 0.777778 0.294112 
0.720453 0.7894 0.290818 
1.14984 0.77708 -0.169143 
1.14796 0.785259 -0.16628 
1.14604 0.793451 -0.163449 
0.989239 0.783502 0.331947 
0.986655 0.793155 0.330406 
0.780541 0.781678 0.194625 
0.775776 0.792474 0.192033 
1.19922 0.781266 -0.15546 
1.19768 0.789217 -0.152848 
0.869793 0.777372 0.398348 
0.866963 0.788029 0.395828 
0.876891 0.779855 0.0946528 
0.871952 0.7897 0.0934311 
1.22538 0.783306 -0.0734986 
1.22364 0.791184 -0.07152 
0.773761 0.780356 0.403128 
0.770541 0.791896 0.399928 
0.991645 0.782196 -0.00890082 
0.987337 0.791277 -0.0080638 
1.19729 0.778149 0.0728255 
1.19511 0.786272 0.0737517 
0.716547 0.783317 0.36483 
1.08943 0.7834 -0.118458 
1.08657 0.791904 -0.115971 
1.1011 0.781927 0.226097 
1.09864 0.790733 0.225699 
0.726167 0.783697 0.282823 
1.15488 0.780058 -0.169753 
1.15305 0.788213 -0.166906 
0.975819 0.784813 0.341413 
0.789497 0.780213 0.184457 
0.784692 0.790902 0.181979 
1.20449 0.776717 -0.152205 
1.20298 0.784644 -0.149623 
1.20143 0.792582 -0.147066 
0.858084 0.779615 0.400567 
0.855228 0.790379 0.397955 
0.887852 0.781174 0.084466 
0.882932 0.790936 0.0834207 
1.22624 0.778106 -0.0614804 
1.22447 0.785986 -0.0595759 
1.22267 0.793879 -0.0577026 
0.766672 0.777896 0.40185 
0.763393 0.789496 0.398612 
1.00322 0.781875 -0.0203273 
0.999036 0.790886 -0.0192715 
1.19055 0.777983 0.0890761 
1.18834 0.786155 0.0898775 
0.713595 0.785487 0.357663 
1.09911 0.777999 -0.129339 
1.09643 0.786446 -0.126728 
1.08798 0.785321 0.239946 
0.732422 0.778118 0.274628 
0.727995 0.789595 0.27144 
1.16002 0.782147 -0.170055 
1.15824 0.790278 -0.167225 
0.964866 0.777117 0.351891 
0.962228 0.786961 0.350137 
0.798602 0.779164 0.174174 
0.793762 0.789748 0.171815 
1.20815 0.779471 -0.145914 
1.20663 0.787385 -0.143388 
0.84637 0.782919 0.401915 
0.843492 0.793793 0.399211 
0.898891 0.782753 0.0742347 
0.893999 0.792435 0.0733714 
1.22484 0.780251 -0.0469567 
1.22301 0.788148 -0.0451601 
0.756442 0.787832 0.396665 
1.01467 0.781333 -0.031927 
1.01062 0.790276 -0.030657 
1.18295 0.777927 0.105391 
1.18071 0.786152 0.106064 
0.711312 0.788229 0.349758 
1.10602 0.779881 -0.137064 
1.10346 0.78829 -0.134389 
1.07698 0.780354 0.253831 
1.07449 0.789334 0.253166 
0.734721 0.784088 0.263126 
1.16525 0.7833 -0.170044 
1.16352 0.791407 -0.167232 
0.951139 0.780055 0.359901 
0.948495 0.790015 0.358024 
0.807895 0.778423 0.163839 
0.803023 0.788904 0.161603 
1.21169 0.781472 -0.139184 
1.21015 0.789373 -0.136716 
0.834695 0.787101 0.402485 
0.910001 0.784486 0.0639417 
0.905145 0.794089 0.0632659 
1.2229 0.781985 -0.032037 
1.22101 0.789904 -0.0303513 
0.749688 0.786859 0.394121 
1.02592 0.780629 -0.0436849 
1.02202 0.789505 -0.0422078 
1.17449 0.778132 0.121705 
1.17221 0.786417 0.122246 
0.713593 0.779696 0.344638 
0.709639 0.791625 0.341131 
1.11295 0.780598 -0.144122 
1.11052 0.788969 -0.141391 
1.06313 0.785037 0.266509 
1.06063 0.794123 0.265693 
0.741963 0.778873 0.25458 
0.737436 0.790192 0.251515 
1.17057 0.783495 -0.16969 
1.16888 0.791577 -0.166897 
0.937288 0.784005 0.366963 
0.934641 0.794084 0.364961 
0.817419 0.777911 0.153498 
0.812519 0.78829 0.151392 
1.21505 0.782587 -0.131956 
1.21349 0.790476 -0.129547 
0.826074 0.780939 0.405194 
0.823109 0.791996 0.402351 
0.925986 0.776744 0.0539555 
0.921188 0.786235 0.0535738 
1.22043 0.783378 -0.0168203 
1.2185 0.791321 -0.0152479 
0.74316 0.786487 0.391015 
1.03693 0.779771 -0.0555714 
1.03318 0.788582 -0.0538961 
1.16517 0.778714 0.137938 
1.16286 0.787065 0.138344 
0.71251 0.783777 0.335342 
1.11987 0.78023 -0.150496 
1.11755 0.788564 -0.147719 
1.05142 0.781458 0.279377 
1.0489 0.790629 0.278443 
0.745085 0.785286 0.242795 
1.17594 0.782744 -0.168958 
1.1743 0.7908 -0.166186 
0.926008 0.778937 0.375054 
0.92332 0.789106 0.372966 
0.827211 0.777583 0.143184 
0.822288 0.787863 0.141216 
1.21819 0.782694 -0.124155 
1.21661 0.790573 -0.121807 
0.814637 0.786314 0.404498 
0.937212 0.778435 0.0433001 
0.932472 0.787852 0.0431194 
1.21745 0.784459 -0.00138925 
1.21547 0.792428 6.81821e-05 
0.736916 0.786603 0.387375 
1.04766 0.778697 -0.0675468 
1.04408 0.787444 -0.0656835 
1.15506 0.77973 0.154006 
1.15272 0.788152 0.154271 
0.711898 0.788477 0.325462 
1.12675 0.778877 -0.156212 
1.12455 0.787174 -0.153396 
1.03937 0.778681 0.291738 
1.03682 0.78794 0.290684 
0.753139 0.780924 0.233774 
0.748525 0.792078 0.230846 
1.18136 0.781108 -0.167814 
1.17975 0.789138 -0.165064 
0.911925 0.785216 0.380026 
0.837288 0.777441 0.132915 
0.832348 0.787624 0.131091 
1.22106 0.781721 -0.115699 
1.21946 0.789591 -0.113413 
0.806419 0.780995 0.406138 
0.803372 0.792234 0.403158 
0.948545 0.779858 0.0325405 
0.943875 0.789203 0.0325669 
1.21595 0.777254 0.012823 
1.21394 0.785236 0.0141984 
1.21192 0.793235 0.0155395 
0.731044 0.787099 0.383206 
1.05812 0.777287 -0.0795606 
1.0547 0.785971 -0.0775203 
1.14424 0.781187 0.169826 
1.14187 0.789686 0.169948 
0.715843 0.781867 0.318538 
0.711705 0.79368 0.315106 
1.13151 0.784903 -0.158478 
1.12936 0.793177 -0.155667 
1.02697 0.776748 0.303569 
1.0244 0.7861 0.302394 
0.761512 0.777202 0.224436 
0.756845 0.788242 0.221612 
1.18678 0.778696 -0.166234 
1.18522 0.786701 -0.163509 
0.900451 0.782555 0.386065 
0.897729 0.792947 0.383766 
0.847635 0.777531 0.12269 
0.842685 0.787619 0.121018 
1.22359 0.779669 -0.10651 
1.22197 0.787532 -0.104289 
0.795362 0.787383 0.404226 
0.95999 0.780921 0.0216656 
0.9554 0.790195 0.0219047 
1.21192 0.777708 0.028653 
1.20986 0.785722 0.0299113 
1.2078 0.793754 0.0311348 
0.725639 0.787908 0.378491 
1.06507 0.784 -0.0893431 
1.06177 0.792646 -0.0872025 
1.13279 0.783069 0.185322 
1.13039 0.791649 0.185299 
0.716084 0.787451 0.307807 
1.13841 0.781836 -0.163039 
1.13638 0.790074 -0.160201 
1.01166 0.785126 0.313549 
0.765401 0.785097 0.212069 
1.19066 0.783616 -0.161503 
1.18909 0.791606 -0.158829 
0.888895 0.781234 0.39104 
0.886138 0.791725 0.388654 
0.858211 0.777914 0.112501 
0.853257 0.78791 0.110988 
1.2241 0.784468 -0.0943771 
1.22243 0.792338 -0.0922512 
0.78763 0.783034 0.404717 
0.971531 0.781579 0.0106634 
0.967033 0.790782 0.0111197 
1.20726 0.777898 0.0445996 
1.20515 0.785948 0.0457393 
1.20305 0.794016 0.0468441 
