0.6479 1.5708 0.1543 
0.648133 1.57309 0.153587 
0.648369 1.57538 0.152874 
0.648607 1.57768 0.152162 
0.777238 1.56811 -0.187133 
1.07999 1.56468 0.0851038 
1.08076 1.57386 0.0840499 
0.59674 1.56246 0.0898509 
0.597548 1.57719 0.0851599 
0.889956 1.57056 -0.178289 
0.977755 1.57127 0.146079 
0.586726 1.57176 -0.00939597 
0.999832 1.56362 -0.130886 
0.998679 1.57339 -0.132695 
0.865736 1.56949 0.187782 
0.604875 1.57204 -0.102801 
1.09768 1.56688 -0.0680179 
1.09713 1.57594 -0.0688884 
0.752054 1.56581 0.190278 
0.753615 1.57802 0.186665 
0.66603 1.5749 -0.161381 
1.13469 1.56344 0.00392136 
1.13475 1.57224 0.00337333 
0.658 1.56568 0.161822 
0.659409 1.57929 0.157616 
0.761957 1.57261 -0.186844 
1.09231 1.56953 0.0753945 
1.09301 1.57862 0.074471 
0.60046 1.56397 0.100917 
0.60138 1.57862 0.0962642 
0.875611 1.5653 -0.180927 
0.874135 1.57613 -0.183774 
0.991672 1.56714 0.139591 
0.992911 1.57695 0.137678 
0.58642 1.57648 0.00235522 
0.984822 1.57029 -0.139562 
0.880304 1.56382 0.185661 
0.881797 1.57457 0.182822 
0.600565 1.57338 -0.0920982 
1.08664 1.56311 -0.0766795 
1.08598 1.57225 -0.0776418 
0.767215 1.57034 0.190731 
0.655283 1.57415 -0.155555 
1.13434 1.56429 -0.00610024 
1.13432 1.5731 -0.00664912 
0.669082 1.56538 0.167366 
0.670523 1.57881 0.163236 
0.748578 1.56456 -0.182479 
0.74705 1.57686 -0.186097 
1.10292 1.56664 0.0663785 
1.10352 1.57566 0.0655451 
0.605048 1.56559 0.111257 
0.859908 1.56905 -0.185076 
1.00568 1.56481 0.132289 
1.00685 1.57451 0.130506 
0.586638 1.5662 0.0189295 
0.971098 1.56526 -0.145565 
0.969847 1.57525 -0.147649 
0.896469 1.57061 0.179444 
0.597024 1.57471 -0.0807306 
1.07402 1.56716 -0.0860168 
1.0733 1.57639 -0.0871094 
0.78121 1.56345 0.19408 
0.782764 1.57529 0.190639 
0.645109 1.57324 -0.149181 
1.13278 1.56507 -0.016067 
1.13269 1.57389 -0.0166279 
0.680676 1.56567 0.172264 
0.682149 1.57891 0.16821 
0.734086 1.56847 -0.181218 
1.11224 1.56512 0.0570662 
1.11275 1.57407 0.0563142 
0.610643 1.56728 0.120786 
0.844376 1.57087 -0.18782 
1.01976 1.56406 0.124284 
1.02086 1.57367 0.122638 
0.587535 1.57045 0.0307878 
0.956181 1.56839 -0.152869 
0.954904 1.5785 -0.155091 
0.911277 1.56825 0.174922 
0.912745 1.57871 0.172309 
0.594087 1.57619 -0.0688828 
1.06072 1.57014 -0.0951799 
1.05993 1.57947 -0.0964085 
0.797109 1.56943 0.19317 
0.635618 1.57254 -0.142287 
1.12989 1.56569 -0.0259251 
1.12972 1.57453 -0.02651 
0.692802 1.56678 0.176411 
0.720148 1.57205 -0.179431 
1.11999 1.56465 0.0475356 
1.12042 1.57355 0.0468525 
0.617315 1.56874 0.129519 
0.829096 1.57051 -0.189059 
1.03385 1.56455 0.115749 
1.03488 1.57405 0.114244 
0.589006 1.57397 0.0427987 
0.941317 1.56988 -0.159518 
0.926204 1.5673 0.169469 
0.927633 1.57763 0.166973 
0.592167 1.56327 -0.0520205 
0.59163 1.57811 -0.0567702 
1.04791 1.56282 -0.102822 
1.047 1.57224 -0.104155 
0.811857 1.56521 0.194565 
0.813418 1.57669 0.191301 
0.626946 1.57232 -0.134839 
1.12551 1.56603 -0.0356363 
1.12525 1.57489 -0.0362585 
0.70551 1.5688 0.179752 
0.708352 1.56214 -0.173102 
0.706844 1.575 -0.176967 
1.12603 1.56485 0.0378497 
1.12637 1.57371 0.0372213 
0.625045 1.56969 0.137538 
0.814146 1.56792 -0.188812 
0.812633 1.57941 -0.192041 
1.04784 1.56595 0.106854 
1.04881 1.57535 0.105491 
0.590961 1.57666 0.0549218 
0.926537 1.56986 -0.165484 
0.941229 1.56769 0.163257 
0.942626 1.5779 0.160886 
0.58999 1.56582 -0.0398311 
1.03402 1.56404 -0.111426 
1.03304 1.57356 -0.1129 
0.827006 1.56307 0.194607 
0.828548 1.57437 0.191433 
0.619214 1.57272 -0.126772 
1.11948 1.56591 -0.0451769 
1.11914 1.57482 -0.0458505 
0.718849 1.57167 0.182294 
0.695667 1.56402 -0.169771 
0.694191 1.57708 -0.173716 
1.13036 1.56544 0.0280418 
1.13063 1.57427 0.0274532 
0.633748 1.57001 0.144935 
0.799569 1.56329 -0.187223 
0.798023 1.57495 -0.190539 
1.0616 1.56816 0.0977105 
1.06251 1.57747 0.0964888 
0.592711 1.56383 0.0717482 
0.593365 1.57864 0.0670107 
0.911872 1.5684 -0.170685 
0.910483 1.5789 -0.173272 
0.956326 1.56949 0.156384 
0.588251 1.56924 -0.0277541 
1.02006 1.5644 -0.119698 
1.019 1.57403 -0.12131 
0.842521 1.56322 0.193148 
0.844053 1.57435 0.190067 
0.612505 1.5737 -0.118004 
1.11179 1.5651 -0.0545174 
1.11136 1.57406 -0.0552566 
0.731292 1.56273 0.187859 
0.732822 1.57523 0.184124 
0.68359 1.56495 -0.165621 
0.682144 1.57819 -0.169644 
1.13313 1.56624 0.018129 
1.13332 1.57505 0.0175663 
0.643302 1.5698 0.151782 
0.783782 1.56886 -0.187915 
1.07494 1.57129 0.0883691 
0.595495 1.56544 0.0835622 
0.89734 1.56549 -0.174965 
0.895902 1.57611 -0.177659 
0.970177 1.56282 0.151012 
0.97146 1.5728 0.14889 
0.587043 1.57341 -0.0158475 
1.00612 1.56358 -0.127469 
1.005 1.57331 -0.129216 
0.858321 1.5656 0.190166 
0.859854 1.57656 0.187182 
0.606842 1.57502 -0.108457 
1.10255 1.56325 -0.0636067 
1.10202 1.57228 -0.0644235 
0.745801 1.56689 0.189024 
0.747366 1.57919 0.185374 
0.672066 1.56497 -0.160692 
0.67065 1.57839 -0.164793 
1.13451 1.56711 0.00813793 
1.13461 1.57591 0.00758847 
0.653566 1.56929 0.158121 
0.768352 1.57362 -0.187898 
1.08687 1.56638 0.0798352 
1.0876 1.57551 0.0788515 
0.59891 1.56691 0.0949098 
0.881467 1.57169 -0.180909 
0.98534 1.56785 0.142771 
0.986607 1.57771 0.140799 
0.586503 1.5631 0.000745741 
0.586471 1.57805 -0.00406931 
0.991093 1.571 -0.136429 
0.874315 1.56994 0.185763 
0.602161 1.5764 -0.0981057 
1.0914 1.56918 -0.0732837 
1.0908 1.57829 -0.0742183 
0.760786 1.57127 0.189709 
0.661062 1.56429 -0.15508 
0.659675 1.57788 -0.159256 
1.13465 1.56799 -0.00188669 
1.13467 1.57679 -0.00243427 
0.66442 1.5688 0.163939 
0.754803 1.56579 -0.183786 
0.75328 1.578 -0.187365 
1.09799 1.56289 0.0709219 
1.09862 1.57194 0.0700331 
0.603118 1.56846 0.1056 
0.867196 1.56543 -0.182812 
0.865709 1.57634 -0.185715 
0.999316 1.56474 0.13581 
1.00051 1.5745 0.133966 
0.586465 1.56784 0.0124896 
0.977316 1.56683 -0.142814 
0.976097 1.57678 -0.144843 
0.888955 1.56529 0.182899 
0.890443 1.57595 0.18012 
0.599144 1.56304 -0.0823545 
0.598325 1.57774 -0.0870252 
1.07982 1.56466 -0.0817807 
1.07912 1.57385 -0.0828114 
0.774616 1.56402 0.193379 
0.776173 1.57595 0.189899 
0.650597 1.56327 -0.148888 
0.649243 1.57704 -0.153138 
1.1336 1.56882 -0.0118879 
1.13355 1.57762 -0.0124446 
0.675794 1.56874 0.169157 
0.740108 1.56981 -0.182742 
1.10851 1.5698 0.0608836 
1.10908 1.57878 0.0601095 
0.608274 1.57012 0.115506 
0.85158 1.56811 -0.186181 
0.850092 1.57918 -0.189184 
1.01337 1.56334 0.128088 
1.0145 1.57299 0.126378 
0.587113 1.57231 0.0242946 
0.962373 1.57077 -0.150455 
0.903735 1.56232 0.178792 
0.905177 1.57286 0.176119 
0.595868 1.56437 -0.0706688 
0.595166 1.57914 -0.075375 
1.0668 1.56809 -0.0910105 
1.06603 1.57737 -0.092175 
0.790351 1.56953 0.192843 
0.640757 1.56232 -0.142174 
0.639441 1.57625 -0.146494 
1.13129 1.56953 -0.0218084 
1.13116 1.57835 -0.0223857 
0.687686 1.56942 0.173668 
0.725917 1.57362 -0.181228 
1.11695 1.56888 0.0514759 
1.11743 1.5778 0.050775 
0.614485 1.57169 0.124599 
0.836178 1.56872 -0.188078 
1.02747 1.56333 0.119754 
1.02853 1.57288 0.118182 
0.588378 1.57619 0.0362391 
0.948806 1.56285 -0.155167 
0.947471 1.57302 -0.157446 
0.920039 1.57125 0.171097 
0.593113 1.56602 -0.0586236 
1.05324 1.57055 -0.10006 
0.804924 1.56456 0.194756 
0.806484 1.57611 0.191452 
0.630398 1.57584 -0.139317 
1.12755 1.57002 -0.0316027 
1.12734 1.57887 -0.0322133 
0.700135 1.57098 0.177391 
0.713835 1.56416 -0.175274 
0.712333 1.57694 -0.179105 
1.12372 1.56881 0.0418821 
1.12412 1.57768 0.0412405 
0.62177 1.57286 0.132939 
0.821076 1.56708 -0.188465 
0.81956 1.57849 -0.191653 
1.04153 1.56436 0.110988 
1.04253 1.57381 0.109559 
0.589676 1.56436 0.0531034 
0.590161 1.57923 0.048329 
0.934008 1.56341 -0.161361 
0.932637 1.57371 -0.163768 
0.935011 1.57099 0.165249 
0.590788 1.56825 -0.046438 
1.04032 1.56273 -0.107495 
1.03936 1.57221 -0.108903 
0.821436 1.57287 0.192192 
0.622249 1.57599 -0.131551 
1.12223 1.57015 -0.0412426 
1.12193 1.57904 -0.0419002 
0.713197 1.57345 0.180303 
0.70087 1.5665 -0.172323 
0.6994 1.57947 -0.176234 
1.12877 1.56924 0.0321481 
1.12908 1.57808 0.0315509 
0.630068 1.57343 0.140618 
0.806336 1.56329 -0.187433 
0.804791 1.57486 -0.190709 
1.05542 1.56622 0.101933 
1.05635 1.57557 0.100646 
0.591778 1.56666 0.0652124 
0.919315 1.56251 -0.166842 
0.917903 1.57293 -0.169367 
0.950069 1.57211 0.158708 
0.58888 1.57129 -0.0343025 
1.02638 1.5635 -0.11592 
1.02536 1.57307 -0.117468 
0.836785 1.57185 0.191486 
0.616231 1.56238 -0.118611 
0.615094 1.57676 -0.123122 
1.11524 1.56971 -0.0507044 
1.11485 1.57865 -0.0514232 
0.725367 1.5641 0.186228 
0.7269 1.57668 0.182456 
0.688536 1.5679 -0.168557 
1.13218 1.56995 0.022295 
1.13241 1.57876 0.0217277 
0.639272 1.57339 0.14772 
0.790394 1.56941 -0.188539 
1.06898 1.56893 0.0926635 
1.06984 1.57818 0.091516 
0.594354 1.56841 0.0771716 
0.903293 1.57073 -0.174121 
0.963868 1.56466 0.153713 
0.965182 1.57469 0.151537 
0.587459 1.57516 -0.0223243 
1.01243 1.56324 -0.123926 
1.01133 1.57292 -0.125611 
0.85095 1.56208 0.192283 
0.852467 1.57312 0.189254 
0.61004 1.5635 -0.109379 
0.608989 1.578 -0.113943 
1.10662 1.56839 -0.0599467 
1.10615 1.57739 -0.0607398 
0.739642 1.56807 0.187656 
0.676779 1.56836 -0.163986 
1.13412 1.5708 0.0123435 
0.649247 1.57294 0.1543 
0.776364 1.56259 -0.185381 
0.774814 1.57452 -0.188834 
1.08123 1.56348 0.0842554 
1.08198 1.57265 0.08321 
0.597499 1.56989 0.0887613 
0.888824 1.56698 -0.177839 
0.887381 1.57768 -0.180595 
0.979023 1.56893 0.145791 
0.980318 1.57884 0.143761 
0.586711 1.5647 -0.00568862 
0.997383 1.57136 -0.133142 
0.866867 1.56562 0.188475 
0.868389 1.5765 0.185546 
0.604861 1.56481 -0.0993478 
0.603907 1.57941 -0.103959 
1.09658 1.56587 -0.0689069 
1.09602 1.57494 -0.0697849 
0.754435 1.57231 0.18857 
0.665552 1.56799 -0.158684 
1.1347 1.56288 0.00287848 
1.13476 1.57168 0.00233086 
0.659859 1.57235 0.160375 
0.761105 1.56694 -0.184993 
0.759587 1.57908 -0.188534 
1.09346 1.56847 0.0745058 
1.09415 1.57756 0.07359 
0.60136 1.57137 0.0997747 
0.873012 1.57232 -0.183158 
0.992964 1.56502 0.139189 
0.994184 1.57482 0.137284 
0.586401 1.56943 0.00605986 
0.983554 1.56804 -0.139897 
0.982365 1.57794 -0.14187 
0.882937 1.57095 0.183338 
0.600588 1.5661 -0.0885453 
1.08477 1.57109 -0.0784926 
0.768096 1.56477 0.192531 
0.769656 1.57677 0.189013 
0.654847 1.56712 -0.152759 
1.13423 1.56373 -0.00714033 
1.13421 1.57254 -0.00768964 
0.671013 1.57201 0.165891 
0.746226 1.57108 -0.184156 
1.10395 1.56575 0.0654472 
1.10454 1.57476 0.064621 
0.606102 1.57297 0.110051 
0.858826 1.56497 -0.184267 
0.857326 1.57597 -0.187225 
1.00699 1.56289 0.13178 
1.00815 1.57259 0.130006 
0.586787 1.57407 0.0178264 
0.96986 1.56278 -0.145782 
0.968588 1.57278 -0.147873 
0.89764 1.56722 0.179795 
0.899126 1.5778 0.177079 
0.597061 1.5674 -0.0770975 
1.07275 1.56585 -0.0868178 
1.07201 1.57509 -0.087919 
0.783669 1.56989 0.192325 
0.644723 1.56614 -0.146293 
1.13254 1.5645 -0.0170972 
1.13244 1.57332 -0.0176594 
0.682679 1.57228 0.170749 
0.733336 1.56256 -0.179177 
0.731804 1.57506 -0.182887 
1.11312 1.56437 0.0561013 
1.11362 1.57331 0.0553555 
0.611858 1.57459 0.119516 
0.843319 1.5665 -0.186814 
0.841813 1.57766 -0.189868 
1.02109 1.56232 0.123684 
1.02218 1.57191 0.122047 
0.587528 1.56332 0.0345057 
0.587826 1.57824 0.0297049 
0.954954 1.5657 -0.152976 
0.953656 1.57582 -0.155206 
0.912474 1.56505 0.17513 
0.913917 1.57551 0.172525 
0.59412 1.56889 -0.0651941 
1.05941 1.56871 -0.0959372 
1.0586 1.57805 -0.0971747 
0.798072 1.56425 0.194709 
0.799631 1.57589 0.191366 
0.635292 1.5654 -0.139306 
0.634021 1.57944 -0.143665 
1.12951 1.5651 -0.0269395 
1.12932 1.57394 -0.0275267 
0.694882 1.5734 0.17485 
0.719446 1.56598 -0.177282 
0.717948 1.57869 -0.181076 
1.12069 1.56399 0.046546 
1.12111 1.57288 0.045868 
0.618687 1.57595 0.128194 
0.828076 1.56584 -0.187852 
0.826556 1.57717 -0.190999 
1.03518 1.56293 0.115077 
1.0362 1.57243 0.11358 
0.588982 1.56678 0.0465236 
0.940107 1.56699 -0.159516 
0.938776 1.57723 -0.161875 
0.927423 1.56429 0.169554 
0.928829 1.57461 0.167066 
0.591643 1.57084 -0.0530519 
1.04566 1.57071 -0.104866 
0.814405 1.57178 0.192677 
0.626688 1.56517 -0.131762 
0.625472 1.57936 -0.136186 
1.12496 1.56539 -0.0366309 
1.12469 1.57426 -0.0372566 
0.706171 1.56256 0.182031 
0.707673 1.57542 0.178141 
0.706196 1.56875 -0.174696 
1.12655 1.56425 0.0368415 
1.12689 1.57311 0.0362169 
0.625327 1.56258 0.14061 
0.626562 1.57676 0.136171 
0.813175 1.56295 -0.187416 
0.81163 1.57444 -0.190652 
1.04917 1.56445 0.106125 
1.05013 1.57384 0.10477 
0.590915 1.5694 0.05864 
0.925349 1.56677 -0.16537 
0.92398 1.57714 -0.167849 
0.942468 1.56486 0.16323 
0.943842 1.57506 0.160868 
0.589579 1.57351 -0.0408809 
1.0327 1.5624 -0.112073 
1.0317 1.57193 -0.113555 
0.829586 1.56978 0.192615 
0.61903 1.56557 -0.123593 
1.11876 1.56521 -0.0461481 
1.1184 1.57413 -0.0468266 
0.719562 1.56563 0.184449 
0.721099 1.57829 0.180641 
0.693594 1.57063 -0.171317 
1.13072 1.56488 0.0270182 
1.13097 1.5737 0.0264321 
