0.744839 1.5708 0.0751887 
0.744955 1.57287 0.0745844 
0.745073 1.57495 0.0739803 
0.745193 1.57703 0.0733764 
0.745316 1.57911 0.0727726 
0.819948 1.56472 -0.0887629 
0.819178 1.57629 -0.0918474 
0.937502 1.56725 0.059627 
0.938044 1.57764 0.0574496 
0.702613 1.56292 0.0123607 
0.70269 1.57601 0.00842698 
0.920081 1.57242 -0.0658002 
0.839649 1.57038 0.0940596 
0.731854 1.56317 -0.0590624 
0.731304 1.57584 -0.0627766 
0.979306 1.57136 -0.00525882 
0.744846 1.56693 0.0764189 
0.745517 1.57941 0.0727935 
0.819668 1.56514 -0.0888661 
0.8189 1.57672 -0.0919526 
0.937743 1.56798 0.0593381 
0.938288 1.57837 0.0571633 
0.702628 1.56319 0.0124766 
0.702709 1.57627 0.00854306 
0.920395 1.56256 -0.0637607 
0.919819 1.57312 -0.0660717 
0.83994 1.57086 0.0939134 
0.731681 1.56345 -0.0590132 
0.731134 1.57613 -0.0627287 
0.979321 1.56214 -0.00376392 
0.979274 1.57219 -0.00557641 
0.74505 1.56724 0.0764384 
0.819387 1.56556 -0.0889689 
0.818623 1.57714 -0.0920576 
0.937983 1.56871 0.0590492 
0.938532 1.57909 0.056877 
0.702645 1.56345 0.0125925 
0.702728 1.57654 0.00865908 
0.92013 1.56325 -0.0640296 
0.919557 1.57381 -0.0663432 
0.840231 1.57134 0.0937667 
0.731509 1.56374 -0.0589638 
0.730964 1.57641 -0.0626805 
0.979286 1.56297 -0.00408129 
0.979242 1.57302 -0.00589415 
0.745255 1.56754 0.0764575 
0.819107 1.56599 -0.0890715 
0.818345 1.57756 -0.0921622 
0.938224 1.56944 0.0587602 
0.702661 1.56372 0.0127084 
0.702748 1.5768 0.00877506 
0.919865 1.56394 -0.0642986 
0.919294 1.5745 -0.0666148 
0.840523 1.57182 0.0936195 
0.731336 1.56402 -0.058914 
0.730795 1.5767 -0.062632 
0.97925 1.5638 -0.00439879 
0.979209 1.57384 -0.00621202 
0.745461 1.56784 0.0764763 
0.818827 1.56641 -0.0891737 
0.818067 1.57799 -0.0922665 
0.938465 1.57017 0.058471 
0.702678 1.56399 0.0128242 
0.702769 1.57707 0.00889098 
0.919599 1.56463 -0.0645677 
0.919032 1.57519 -0.0668865 
0.840814 1.57231 0.0934718 
0.731165 1.5643 -0.058864 
0.730626 1.57698 -0.0625832 
0.979213 1.56463 -0.00471644 
0.979175 1.57467 -0.00653005 
0.745667 1.56815 0.0764947 
0.818547 1.56683 -0.0892756 
0.81779 1.57841 -0.0923705 
0.938705 1.5709 0.0581818 
0.702696 1.56425 0.0129399 
0.70279 1.57734 0.00900685 
0.919334 1.56532 -0.0648369 
0.918769 1.57588 -0.0671583 
0.841107 1.57279 0.0933236 
0.730993 1.56459 -0.0588138 
0.730458 1.57727 -0.0625342 
0.979176 1.56546 -0.00503424 
0.979141 1.5755 -0.00684822 
0.745873 1.56845 0.0765128 
0.818267 1.56725 -0.0893772 
0.817513 1.57884 -0.0924741 
0.938946 1.57163 0.0578924 
0.702715 1.56452 0.0130556 
0.702812 1.5776 0.00912267 
0.919068 1.566 -0.0651062 
0.918507 1.57657 -0.0674301 
0.841399 1.57327 0.0931749 
0.730822 1.56487 -0.0587632 
0.730289 1.57756 -0.0624849 
0.979138 1.56629 -0.00535217 
0.979106 1.57633 -0.00716654 
0.74608 1.56876 0.0765305 
0.817987 1.56767 -0.0894784 
0.817235 1.57926 -0.0925775 
0.939186 1.57237 0.0576029 
0.702733 1.56479 0.0131712 
0.702834 1.57787 0.00923843 
0.918802 1.56669 -0.0653756 
0.918244 1.57726 -0.0677021 
0.840902 1.56243 0.0959693 
0.841692 1.57376 0.0930257 
0.730652 1.56516 -0.0587124 
0.730122 1.57784 -0.0624353 
0.9791 1.56712 -0.00567026 
0.97907 1.57716 -0.00748502 
0.746288 1.56906 0.0765479 
0.817707 1.56809 -0.0895794 
0.938919 1.56272 0.0594815 
0.939426 1.5731 0.0573133 
0.702753 1.56506 0.0132868 
0.702857 1.57814 0.00935414 
0.918536 1.56738 -0.065645 
0.917981 1.57796 -0.0679741 
0.841192 1.56292 0.0958173 
0.841985 1.57424 0.0928759 
0.730482 1.56544 -0.0586614 
0.729955 1.57813 -0.0623855 
0.979061 1.56795 -0.0059885 
0.979034 1.57799 -0.00780364 
0.746496 1.56937 0.0765649 
0.817427 1.56851 -0.08968 
0.939156 1.56346 0.0591893 
0.939667 1.57384 0.0570236 
0.702773 1.56533 0.0134023 
0.702881 1.57841 0.00946979 
0.918269 1.56807 -0.0659146 
0.917717 1.57865 -0.0682462 
0.841483 1.56341 0.0956648 
0.842279 1.57473 0.0927257 
0.730312 1.56572 -0.05861 
0.729788 1.57842 -0.0623354 
0.979021 1.56878 -0.00630688 
0.978997 1.57883 -0.00812242 
0.746705 1.56967 0.0765815 
0.817148 1.56893 -0.0897803 
0.939393 1.5642 0.058897 
0.939907 1.57457 0.0567338 
0.702793 1.56559 0.0135177 
0.702905 1.57868 0.00958539 
0.918003 1.56876 -0.0661842 
0.917454 1.57934 -0.0685184 
0.841774 1.5639 0.0955118 
0.842573 1.57521 0.092575 
0.730143 1.56601 -0.0585584 
0.729622 1.5787 -0.062285 
0.978981 1.56961 -0.00662542 
0.746914 1.56998 0.0765978 
0.816868 1.56935 -0.0898804 
0.93963 1.56494 0.0586046 
0.940147 1.57531 0.0564439 
0.702814 1.56586 0.0136331 
0.702929 1.57894 0.00970092 
0.917736 1.56945 -0.0664539 
0.842065 1.56439 0.0953583 
0.842867 1.5757 0.0924237 
0.729974 1.56629 -0.0585066 
0.729456 1.57899 -0.0622343 
0.97894 1.57044 -0.0069441 
0.747124 1.57028 0.0766138 
0.816589 1.56977 -0.0899801 
0.939867 1.56568 0.0583121 
0.940387 1.57605 0.0561539 
0.702836 1.56613 0.0137484 
0.702954 1.57921 0.0098164 
0.91747 1.57014 -0.0667237 
0.842356 1.56489 0.0952042 
0.843161 1.57619 0.0922719 
0.729806 1.56658 -0.0584544 
0.729291 1.57928 -0.0621834 
0.978899 1.57128 -0.00726294 
0.747334 1.57059 0.0766293 
0.816309 1.57019 -0.0900794 
0.940104 1.56642 0.0580194 
0.940627 1.57678 0.0558637 
0.702858 1.5664 0.0138637 
0.70298 1.57948 0.00993181 
0.917203 1.57083 -0.0669936 
0.842648 1.56538 0.0950497 
0.843456 1.57668 0.0921197 
0.729638 1.56687 -0.058402 
0.978856 1.57211 -0.00758193 
0.747545 1.5709 0.0766446 
0.81603 1.5706 -0.0901785 
0.940341 1.56716 0.0577267 
0.940867 1.57752 0.0555735 
0.70288 1.56667 0.0139789 
0.916935 1.57152 -0.0672636 
0.842941 1.56587 0.0948946 
0.843751 1.57717 0.0919669 
0.729471 1.56715 -0.0583493 
0.978876 1.5629 -0.00608489 
0.978814 1.57294 -0.00790108 
0.747757 1.57121 0.0766594 
0.815751 1.57102 -0.0902772 
0.940578 1.5679 0.0574338 
0.941107 1.57826 0.0552831 
0.702904 1.56694 0.014094 
0.916668 1.57221 -0.0675336 
0.843233 1.56637 0.094739 
0.844047 1.57766 0.0918136 
0.729304 1.56744 -0.0582964 
0.97883 1.56373 -0.0064037 
0.97877 1.57378 -0.00822038 
0.747969 1.57152 0.0766739 
0.815472 1.57144 -0.0903757 
0.940815 1.56864 0.0571408 
0.941347 1.579 0.0549927 
0.702927 1.56721 0.014209 
0.916994 1.56231 -0.0654648 
0.916401 1.5729 -0.0678037 
0.843526 1.56686 0.0945829 
0.844343 1.57815 0.0916598 
0.729137 1.56772 -0.0582432 
0.978783 1.56456 -0.00672266 
0.978726 1.57461 -0.00853983 
0.748181 1.57183 0.0766881 
0.815193 1.57186 -0.0904738 
0.941051 1.56938 0.0568478 
0.702952 1.56748 0.014324 
0.916723 1.563 -0.0657324 
0.916133 1.57359 -0.0680739 
0.843819 1.56736 0.0944262 
0.844639 1.57865 0.0915055 
0.728971 1.56801 -0.0581897 
0.978735 1.5654 -0.00704177 
0.978682 1.57544 -0.00885944 
0.748394 1.57213 0.0767019 
0.814915 1.57228 -0.0905716 
0.941288 1.57013 0.0565546 
0.702976 1.56775 0.0144389 
0.916452 1.56369 -0.066 
0.915866 1.57428 -0.0683442 
0.844113 1.56786 0.0942691 
0.844935 1.57914 0.0913507 
0.728805 1.56829 -0.058136 
0.978687 1.56623 -0.00736102 
0.978636 1.57628 -0.00917919 
0.748608 1.57244 0.0767153 
0.814636 1.5727 -0.0906691 
0.941524 1.57087 0.0562613 
0.703002 1.56802 0.0145538 
0.916182 1.56437 -0.0662678 
0.915598 1.57497 -0.0686146 
0.844407 1.56836 0.0941114 
0.72864 1.56858 -0.0580819 
0.978639 1.56706 -0.00768043 
0.978591 1.57711 -0.00949911 
0.748822 1.57276 0.0767284 
0.814357 1.57312 -0.0907663 
0.941761 1.57161 0.0559678 
0.703028 1.5683 0.0146685 
0.91591 1.56506 -0.0665356 
0.91533 1.57566 -0.068885 
0.844701 1.56886 0.0939533 
0.728475 1.56887 -0.0580276 
0.978589 1.5679 -0.00799999 
0.978544 1.57795 -0.00981917 
0.749036 1.57307 0.0767411 
0.814079 1.57353 -0.0908631 
0.941997 1.57236 0.0556743 
0.703054 1.56857 0.0147832 
0.915639 1.56575 -0.0668034 
0.915061 1.57635 -0.0691555 
0.844995 1.56936 0.0937946 
0.728311 1.56915 -0.0579731 
0.978539 1.56873 -0.00831969 
0.978497 1.57878 -0.0101394 
0.749251 1.57338 0.0767535 
0.814585 1.56232 -0.0878371 
0.813801 1.57395 -0.0909597 
0.941742 1.56275 0.0575247 
0.942233 1.57311 0.0553807 
0.703081 1.56884 0.0148978 
0.915368 1.56644 -0.0670714 
0.914793 1.57704 -0.069426 
0.84529 1.56986 0.0936354 
0.728147 1.56944 -0.0579183 
0.978489 1.56957 -0.00863954 
0.749467 1.57369 0.0767655 
0.814304 1.56274 -0.0879312 
0.813523 1.57437 -0.0910559 
0.941975 1.5635 0.0572286 
0.94247 1.57385 0.055087 
0.703109 1.56911 0.0150124 
0.915096 1.56713 -0.0673394 
0.914525 1.57773 -0.0696966 
0.845585 1.57036 0.0934757 
0.727983 1.56973 -0.0578632 
0.978437 1.57041 -0.00895954 
0.749683 1.574 0.0767772 
0.814023 1.56315 -0.088025 
0.813245 1.57479 -0.0911518 
0.942208 1.56425 0.0569323 
0.942706 1.5746 0.0547932 
0.703137 1.56938 0.0151269 
0.914825 1.56781 -0.0676074 
0.914256 1.57842 -0.0699673 
0.845881 1.57087 0.0933155 
0.727821 1.57002 -0.0578078 
0.978386 1.57124 -0.00927968 
0.7499 1.57431 0.0767885 
0.813742 1.56357 -0.0881185 
0.812967 1.5752 -0.0912473 
0.942441 1.565 0.0566359 
0.942942 1.57535 0.0544993 
0.703166 1.56966 0.0152413 
0.914553 1.5685 -0.0678756 
0.913988 1.57911 -0.070238 
0.846177 1.57137 0.0931548 
0.727658 1.5703 -0.0577521 
0.978333 1.57208 -0.00959997 
0.749454 1.56221 0.0803919 
0.750117 1.57463 0.0767994 
0.813462 1.56398 -0.0882117 
0.812689 1.57562 -0.0913426 
0.942673 1.56575 0.0563395 
0.943177 1.5761 0.0542053 
0.703195 1.56993 0.0153556 
0.914281 1.56919 -0.0681438 
0.846473 1.57188 0.0929935 
0.727496 1.57059 -0.0576962 
0.978361 1.56286 -0.00809995 
0.97828 1.57292 -0.0099204 
0.749669 1.56253 0.080401 
0.750335 1.57494 0.07681 
0.813181 1.56439 -0.0883045 
0.812411 1.57604 -0.0914375 
0.942906 1.5665 0.0560429 
0.943413 1.57685 0.0539112 
0.703225 1.5702 0.0154698 
0.914009 1.56988 -0.068412 
0.846769 1.57238 0.0928318 
0.727334 1.57088 -0.05764 
0.978304 1.5637 -0.00841991 
0.978226 1.57375 -0.010241 
0.749885 1.56284 0.0804097 
0.750553 1.57525 0.0768202 
0.812901 1.56481 -0.0883971 
0.812134 1.57646 -0.0915321 
0.943139 1.56725 0.0557462 
0.943649 1.5776 0.053617 
0.703255 1.57048 0.015584 
0.913736 1.57056 -0.0686803 
0.847066 1.57289 0.0926696 
0.727173 1.57117 -0.0575836 
0.978247 1.56454 -0.00874001 
0.978172 1.57459 -0.0105617 
0.750101 1.56316 0.080418 
0.750772 1.57557 0.0768301 
0.812621 1.56522 -0.0884893 
0.811856 1.57687 -0.0916264 
0.943371 1.56801 0.0554495 
0.943884 1.57835 0.0533227 
0.703286 1.57075 0.015698 
0.913464 1.57125 -0.0689486 
0.846579 1.56214 0.095409 
0.847363 1.5734 0.0925068 
0.727013 1.57146 -0.0575268 
0.978189 1.56538 -0.00906024 
0.978117 1.57543 -0.0108825 
0.750317 1.56348 0.080426 
0.750991 1.57588 0.0768396 
0.812341 1.56563 -0.0885812 
0.811579 1.57729 -0.0917203 
0.943603 1.56876 0.0551526 
0.94412 1.5791 0.0530284 
0.703317 1.57102 0.015812 
0.913192 1.57194 -0.069217 
0.846873 1.56265 0.0952434 
0.84766 1.57391 0.0923436 
0.726853 1.57175 -0.0574698 
0.97813 1.56621 -0.00938061 
0.978061 1.57627 -0.0112035 
0.750534 1.5638 0.0804336 
0.751211 1.5762 0.0768487 
0.812061 1.56605 -0.0886727 
0.811302 1.57771 -0.091814 
0.943835 1.56952 0.0548557 
0.703349 1.5713 0.0159259 
0.912919 1.57263 -0.0694854 
0.847168 1.56316 0.0950773 
0.847958 1.57441 0.0921799 
0.726693 1.57203 -0.0574125 
0.978071 1.56705 -0.0097011 
0.978005 1.5771 -0.0115246 
0.750752 1.56412 0.0804409 
0.751431 1.57651 0.0768575 
0.811781 1.56646 -0.088764 
0.811025 1.57812 -0.0919073 
0.944068 1.57027 0.0545587 
0.703382 1.57157 0.0160397 
0.913253 1.56269 -0.0673839 
0.912646 1.57331 -0.0697538 
0.847463 1.56368 0.0949108 
0.848255 1.57493 0.0920156 
0.726534 1.57232 -0.057355 
0.978012 1.56789 -0.0100217 
0.977948 1.57794 -0.0118459 
0.75097 1.56443 0.0804478 
0.751652 1.57683 0.076866 
0.811502 1.56687 -0.0888549 
0.810748 1.57854 -0.0920002 
0.9443 1.57103 0.0542616 
0.703415 1.57185 0.0161535 
0.912977 1.56338 -0.0676497 
0.912374 1.574 -0.0700223 
0.847758 1.56419 0.0947437 
0.848554 1.57544 0.0918509 
0.726375 1.57261 -0.0572971 
0.977951 1.56873 -0.0103425 
0.977891 1.57878 -0.0121673 
0.751188 1.56475 0.0804543 
0.751873 1.57714 0.0768741 
0.811222 1.56728 -0.0889455 
0.810472 1.57895 -0.0920929 
0.944531 1.57178 0.0539645 
0.703449 1.57212 0.0162671 
0.912701 1.56406 -0.0679156 
0.912101 1.57469 -0.0702908 
0.848053 1.56471 0.0945761 
0.848852 1.57595 0.0916857 
0.726217 1.5729 -0.057239 
0.97789 1.56957 -0.0106633 
0.751407 1.56507 0.0804605 
0.752095 1.57746 0.0768818 
0.810943 1.5677 -0.0890357 
0.810195 1.57937 -0.0921852 
0.94429 1.5622 0.0557898 
0.944763 1.57254 0.0536673 
0.703483 1.5724 0.0163807 
0.912425 1.56475 -0.0681815 
0.911828 1.57538 -0.0705593 
0.848349 1.56522 0.094408 
0.849151 1.57646 0.09152 
0.726059 1.57319 -0.0571806 
0.977829 1.5704 -0.0109843 
0.751627 1.56539 0.0804663 
0.752318 1.57778 0.0768892 
0.810664 1.56811 -0.0891256 
0.944518 1.56296 0.0554901 
0.944995 1.5733 0.05337 
0.703518 1.57267 0.0164942 
0.912148 1.56543 -0.0684473 
0.911555 1.57607 -0.0708278 
0.848645 1.56574 0.0942395 
0.84945 1.57698 0.0913538 
0.725902 1.57348 -0.0571219 
0.977767 1.57124 -0.0113055 
0.751847 1.56571 0.0804718 
0.75254 1.5781 0.0768963 
0.810385 1.56852 -0.0892152 
0.944747 1.56372 0.0551903 
0.945226 1.57405 0.0530726 
