1.1336 0.0052642 -0.262698 
1.28638 0.000604715 0.0258751 
1.28616 0.0080785 0.0286196 
1.13686 0.00161287 0.244497 
1.14309 0.00201051 -0.32625 
1.2348 0.00244469 0.239715 
1.17081 0.00353351 0.0423282 
1.21071 0.00448941 -0.274363 
1.15947 0.00066677 0.329625 
1.15098 0.00102368 -0.181851 
1.27854 0.00173939 -0.096604 
1.12491 0.00327209 0.306897 
1.12956 0.00702747 -0.309347 
1.27027 0.00278097 0.141315 
1.15575 0.00581643 0.15747 
1.1719 0.00263218 -0.314608 
1.19406 0.00675535 0.301502 
1.16881 0.00648618 -0.0718251 
1.24825 0.000184492 -0.204115 
1.24981 0.00782466 -0.201567 
1.132 0.00798695 0.33478 
1.13272 8.4758e-05 -0.261162 
1.13514 0.00835381 -0.258662 
1.28653 0.00269003 0.020899 
1.13521 0.00438744 0.248962 
1.14377 0.00756628 -0.32472 
1.23649 0.00324923 0.236162 
1.17037 0.00513193 0.0485529 
1.20876 0.00426738 -0.277022 
1.15895 0.00693206 0.330544 
1.15242 0.00322685 -0.176583 
1.27779 0.00367037 -0.101356 
1.12353 0.00724149 0.309967 
1.12807 0.00302952 -0.30891 
1.27127 0.00459476 0.136723 
1.15437 0.00784604 0.163023 
1.16982 0.00105399 -0.316137 
1.19609 0.00616101 0.299196 
1.16871 8.40484e-05 -0.0689574 
1.16942 0.00815631 -0.0657268 
1.24672 0.00128485 -0.207984 
1.13389 0.0049983 0.33444 
1.13429 0.0031292 -0.257083 
1.28665 0.00477631 0.0159198 
1.13354 0.00721099 0.253354 
1.14184 0.00485141 -0.325349 
1.23816 0.00411336 0.232552 
1.16985 0.00674053 0.0547598 
1.2068 0.00397555 -0.279622 
1.16105 0.00513009 0.329252 
1.15382 0.00539623 -0.171259 
1.277 0.00558133 -0.106081 
1.12491 0.0029485 0.310743 
1.12926 0.00727282 -0.306146 
1.27224 0.0064361 0.132098 
1.15469 0.0017574 0.165603 
1.17022 0.00748373 -0.31538 
1.19812 0.00563537 0.296831 
1.16934 0.00174175 -0.0628446 
1.24518 0.00233132 -0.211799 
1.13579 0.00207439 0.334045 
1.13586 0.00612029 -0.252929 
1.28673 0.00686303 0.0109388 
1.13431 0.00181779 0.255174 
1.13992 0.0020747 -0.325927 
1.2398 0.00503592 0.228884 
1.16994 0.000292685 0.0577037 
1.16928 0.0083606 0.0609466 
1.20483 0.00361402 -0.282164 
1.16315 0.00338214 0.327914 
1.15518 0.00753262 -0.16588 
1.27619 0.00747063 -0.110779 
1.12358 0.00704243 0.313686 
1.12784 0.00314895 -0.305597 
1.27417 0.000775887 0.124781 
1.27317 0.00830323 0.127441 
1.15329 0.0038418 0.17108 
1.16815 0.005808 -0.31683 
1.20014 0.00517892 0.294407 
1.1699 0.00338475 -0.0567056 
1.2436 0.00332268 -0.21556 
1.13497 0.00746749 0.335738 
1.13506 0.000804132 -0.251253 
1.28682 0.00147805 0.00320781 
1.13267 0.00473288 0.259452 
1.14066 0.00747576 -0.324262 
1.24142 0.00601576 0.22516 
1.16937 0.00192246 0.0638806 
1.20285 0.00318299 -0.284646 
1.16524 0.00168841 0.326531 
1.15485 0.00149329 -0.163403 
1.27444 0.00181366 -0.118135 
1.12501 0.00287447 0.31435 
1.12907 0.0072678 -0.302706 
1.27505 0.00267079 0.120092 
1.15184 0.00595836 0.176504 
1.16608 0.00407815 -0.318235 
1.20214 0.00479202 0.291925 
1.1704 0.00501426 -0.0505426 
1.242 0.00425774 -0.219267 
1.13691 0.00465961 0.335252 
1.13665 0.00370094 -0.246983 
1.28681 0.00356403 -0.00177358 
1.13101 0.00770013 0.263655 
1.13877 0.0045849 -0.324752 
1.24302 0.00705167 0.221381 
1.16874 0.00356586 0.0700344 
1.20086 0.00268276 -0.287071 
1.16733 4.92014e-05 0.325102 
1.16477 0.00812385 0.327291 
1.15619 0.00357315 -0.157946 
1.27353 0.00365076 -0.122771 
1.12373 0.00709379 0.317165 
1.12771 0.00301906 -0.302046 
1.27589 0.00458786 0.115375 
1.15035 0.0081079 0.181874 
1.16401 0.00229449 -0.319595 
1.20413 0.00447497 0.289383 
1.17084 0.00663151 -0.0443576 
1.24038 0.00513536 -0.222918 
1.13886 0.00191459 0.334714 
1.13823 0.00654758 -0.242639 
1.28676 0.00564876 -0.00675313 
1.13186 0.00243868 0.265339 
1.1369 0.00163026 -0.32519 
1.24628 0.000488204 0.215044 
1.24459 0.00814244 0.217548 
1.16804 0.00522407 0.0761628 
1.19885 0.00211374 -0.289438 
1.16688 0.00652739 0.325827 
1.15748 0.00562215 -0.152438 
1.27259 0.00546097 -0.127376 
1.12522 0.00305217 0.317718 
1.12899 0.00701409 -0.299027 
1.2767 0.0065254 0.110632 
1.15074 0.00212037 0.184347 
1.16193 0.000457191 -0.320911 
1.16444 0.00855413 -0.31868 
1.20611 0.00422793 0.286781 
1.17079 0.00017559 -0.0414238 
1.1712 0.00823773 -0.0381529 
1.23874 0.00595438 -0.226512 
1.1381 0.00746558 0.336266 
1.13752 0.00110466 -0.240828 
1.28658 0.000259359 -0.014479 
1.28667 0.00773172 -0.0117296 
1.13023 0.00550381 0.269426 
1.1377 0.0068696 -0.323382 
1.2478 0.00163974 0.211152 
1.16728 0.00689827 0.0822638 
1.19684 0.0014764 -0.291747 
1.16898 0.0049864 0.324317 
1.15873 0.00764107 -0.146881 
1.27162 0.00724256 -0.131948 
1.12398 0.00739722 0.320406 
1.12768 0.00264205 -0.298256 
1.27831 0.000972505 0.103176 
1.27748 0.00848173 0.105864 
1.14923 0.00433006 0.189634 
1.16239 0.00667541 -0.319965 
1.20808 0.00405099 0.284119 
1.17116 0.00177386 -0.0352089 
1.23707 0.0067137 -0.23005 
1.14008 0.00483229 0.335642 
1.13911 0.00386333 -0.236372 
1.28643 0.00233943 -0.019451 
1.13114 0.000337333 0.271012 
1.1286 0.00862426 0.273436 
1.13586 0.00379691 -0.323727 
1.2493 0.00284346 0.207207 
1.16741 0.000508428 0.0851477 
1.16646 0.00858962 0.0883354 
1.19481 0.000771338 -0.294001 
1.19706 0.00868185 -0.291674 
1.17108 0.00350146 0.322759 
1.15846 0.00150625 -0.144301 
1.26956 0.00144977 -0.139144 
1.12553 0.00348271 0.320848 
1.12901 0.00651441 -0.29511 
1.27903 0.00294901 0.0983822 
1.14769 0.00657499 0.194862 
1.16033 0.00474321 -0.321206 
1.21003 0.00394411 0.281396 
1.17147 0.00336334 -0.0289775 
1.23538 0.00741224 -0.23353 
1.14207 0.00225974 0.334967 
1.14069 0.006575 -0.231845 
1.28625 0.00441647 -0.0244175 
1.12954 0.00350452 0.274979 
1.13404 0.000658791 -0.324016 
1.25077 0.00409805 0.203211 
1.1666 0.00221378 0.0912054 
1.19505 0.00792079 -0.293881 
1.17318 0.00207322 0.321154 
1.15968 0.00347373 -0.138673 
1.2685 0.00316446 -0.143643 
1.12434 0.00795335 0.323409 
1.12776 0.00202117 -0.294229 
1.27972 0.00494096 0.0935659 
1.14812 0.000670393 0.197244 
1.15827 0.00275741 -0.322403 
1.21196 0.00390715 0.278612 
1.17171 0.00494535 -0.0227321 
1.23184 0.000330318 -0.239424 
1.23367 0.00804896 -0.236952 
1.14137 0.00796122 0.336385 
1.14005 0.00101506 -0.229906 
1.28603 0.00648985 -0.0293771 
1.12794 0.00672903 0.278869 
1.13491 0.00573012 -0.322058 
1.25222 0.00540219 0.199164 
1.16572 0.00393817 0.0972312 
1.19303 0.00709349 -0.296033 
1.17527 0.000702411 0.319499 
1.16085 0.00541326 -0.132998 
1.2674 0.0048453 -0.148103 
1.12594 0.00416625 0.32374 
1.12913 0.00577255 -0.290956 
1.28037 0.00694686 0.088729 
1.14657 0.00297974 0.202383 
1.15621 0.000717824 -0.323556 
1.21389 0.00393989 0.275768 
1.17188 0.00652122 -0.0164752 
1.23008 0.000895558 -0.242782 
1.23194 0.00862284 -0.240316 
1.14339 0.00549589 0.335628 
1.14164 0.00364491 -0.225271 
1.28551 0.00108233 -0.0370736 
1.28578 0.00855887 -0.0343286 
1.12893 0.00171095 0.280312 
1.13313 0.0024707 -0.32225 
1.25363 0.00675452 0.195067 
1.16479 0.00568266 0.103223 
1.191 0.00620072 -0.298131 
1.17487 0.00740626 0.320017 
1.16196 0.00732565 -0.127279 
1.26628 0.00649063 -0.152525 
1.12756 0.000447663 0.324009 
1.12794 0.00116071 -0.289965 
1.28165 0.00147054 0.0811641 
1.14498 0.00532674 0.207459 
1.15672 0.00676703 -0.322459 
1.21579 0.00404197 0.272862 
1.17187 3.52133e-05 -0.0135001 
1.17198 0.00809229 -0.0102094 
1.22831 0.00139685 -0.24608 
1.14541 0.00308914 0.334823 
1.1432 0.00623081 -0.220567 
1.2852 0.00314502 -0.0420152 
1.12736 0.00504346 0.28408 
1.13404 0.00742516 -0.320178 
1.25651 0.00054713 0.188364 
1.25502 0.00815365 0.190922 
1.1638 0.00744829 0.10918 
1.18896 0.00524333 -0.300175 
1.17697 0.00614081 0.318275 
1.16175 0.00110434 -0.124609 
1.26391 0.00052987 -0.159535 
1.26513 0.00809884 -0.156907 
1.12646 0.00510196 0.326399 
1.12936 0.00479329 -0.286566 
1.2822 0.00350237 0.0762888 
1.14337 0.00771231 0.212473 
1.15469 0.00463112 -0.323538 
1.21769 0.00421296 0.269895 
1.17198 0.0016033 -0.00722949 
1.22652 0.00183328 -0.249319 
1.14744 0.00074027 0.33397 
1.14264 0.000563044 -0.218506 
1.28485 0.00520167 -0.0469461 
1.12841 0.000131429 0.285419 
1.12579 0.00843607 0.287771 
1.13231 0.00404257 -0.320269 
1.25785 0.00199769 0.184167 
1.16398 0.00113684 0.111985 
1.18691 0.00422218 -0.302166 
1.17906 0.00493534 0.316482 
1.16283 0.00297051 -0.118826 
1.2627 0.00209404 -0.163872 
1.12813 0.00151054 0.326559 
1.12822 6.59141e-05 -0.285467 
1.13077 0.00836311 -0.283088 
1.28273 0.00554391 0.0713974 
1.14389 0.00192763 0.214723 
1.15265 0.00244038 -0.324572 
1.21956 0.00445234 0.266866 
1.17202 0.00316899 -0.000953763 
1.2247 0.002204 -0.252498 
1.1468 0.00662985 0.335228 
1.14421 0.00307293 -0.213699 
1.28447 0.00725137 -0.0518648 
1.12688 0.00357567 0.289065 
1.1306 0.000592663 -0.320301 
1.25916 0.003492 0.179925 
1.16295 0.00294226 0.117887 
1.18485 0.00313818 -0.304105 
1.18115 0.00379075 0.314638 
1.16386 0.00481181 -0.113001 
1.26146 0.00361778 -0.168166 
1.12708 0.00628819 0.328827 
1.12968 0.00358236 -0.281943 
1.28374 0.000108438 0.0637664 
1.28322 0.00759395 0.0664912 
1.14227 0.00438401 0.219639 
1.15061 0.000194307 -0.325562 
1.1532 0.00835841 -0.323354 
1.22142 0.00475948 0.263777 
1.17199 0.00473363 0.00532447 
1.22287 0.00250821 -0.255618 
1.14886 0.00438253 0.334297 
1.14576 0.00554177 -0.208826 
1.28362 0.0018089 -0.0595059 
1.12535 0.00708165 0.292633 
1.13159 0.00537066 -0.318069 
1.26044 0.00502856 0.175637 
1.16186 0.00477145 0.123751 
1.18279 0.00199223 -0.305992 
1.18322 0.00270797 0.312742 
1.16483 0.00662913 -0.107137 
1.26019 0.00509957 -0.172417 
1.1288 0.0028231 0.32888 
1.13114 0.00703744 -0.278341 
1.28416 0.00216762 0.0588457 
1.14062 0.00688163 0.224489 
