0.692641 1.5708 0.117787 
0.69282 1.57299 0.117121 
0.693001 1.57517 0.116455 
0.693184 1.57736 0.115789 
0.798088 1.5671 -0.142942 
0.7969 1.57885 -0.146223 
1.01395 1.57063 0.0748476 
0.642517 1.57025 0.0492574 
0.908372 1.56895 -0.126762 
0.911296 1.56823 0.130062 
0.912426 1.57878 0.127573 
0.642735 1.56845 -0.0425004 
1.01072 1.5704 -0.0738306 
0.799316 1.56421 0.149797 
0.800548 1.57592 0.146509 
0.691628 1.5739 -0.113673 
1.06295 1.56776 -0.00364974 
1.06295 1.57711 -0.00477571 
0.701257 1.5668 0.123943 
0.785811 1.57212 -0.143228 
1.02307 1.56691 0.0683482 
1.02371 1.57655 0.0668499 
0.645159 1.57054 0.0587303 
0.89667 1.56451 -0.13 
0.895562 1.57522 -0.132589 
0.923289 1.56555 0.125858 
0.924368 1.576 0.123464 
0.640446 1.56923 -0.0328258 
1.00104 1.56616 -0.0800076 
1.00034 1.57598 -0.0816986 
0.812138 1.57094 0.148506 
0.683134 1.57484 -0.108515 
1.06177 1.57066 -0.012398 
0.710856 1.56844 0.128124 
0.774589 1.56587 -0.139947 
0.773406 1.57791 -0.143382 
1.03199 1.56558 0.0611488 
1.03256 1.57516 0.0597313 
0.648443 1.57228 0.0676386 
0.88344 1.57138 -0.135673 
0.935854 1.56591 0.120496 
0.936899 1.57624 0.118208 
0.638517 1.57233 -0.0233822 
0.990595 1.56338 -0.0864436 
0.989824 1.57328 -0.0882266 
0.824588 1.56925 0.149055 
0.675741 1.56458 -0.0992496 
0.674832 1.57801 -0.103362 
1.05948 1.56661 -0.0205099 
1.05933 1.57598 -0.0216667 
0.72147 1.57272 0.131279 
0.761781 1.5734 -0.140115 
1.04058 1.56803 0.052939 
1.04108 1.57754 0.0516044 
0.652018 1.56279 0.0799332 
0.65271 1.57659 0.0756349 
0.870709 1.56862 -0.138534 
0.949122 1.5703 0.113716 
0.637248 1.56447 -0.00991255 
0.637131 1.57855 -0.014339 
0.979167 1.56254 -0.0932373 
0.978331 1.57254 -0.0951235 
0.838095 1.57175 0.147726 
0.667755 1.57029 -0.093978 
1.05571 1.56501 -0.0290809 
1.05547 1.57441 -0.0302706 
0.73209 1.5674 0.136932 
0.749893 1.57044 -0.136659 
1.04794 1.56485 0.0450189 
1.04836 1.5743 0.0437485 
0.657445 1.56963 0.0868164 
0.857503 1.56619 -0.140746 
0.856331 1.57728 -0.143627 
0.961863 1.56828 0.107733 
0.962833 1.5784 0.105674 
0.636523 1.57314 -0.00120372 
0.966878 1.56264 -0.100065 
0.965985 1.57274 -0.102062 
0.851235 1.56694 0.147425 
0.852471 1.57806 0.144483 
0.661376 1.56413 -0.0841026 
0.660587 1.57779 -0.088324 
1.05026 1.5644 -0.037736 
1.04994 1.57384 -0.0389743 
0.743642 1.56447 0.141316 
0.744826 1.57688 0.137666 
0.738187 1.56774 -0.132591 
1.05402 1.56409 0.0363721 
1.05435 1.5735 0.0351578 
0.66335 1.56388 0.0969591 
0.664197 1.57748 0.0927501 
0.84433 1.56225 -0.14161 
0.843118 1.57348 -0.144582 
0.974515 1.56848 0.100813 
0.975432 1.5785 0.0988684 
0.636659 1.56826 0.0118538 
0.953274 1.57175 -0.108382 
0.864702 1.56461 0.145455 
0.865906 1.5756 0.142608 
0.655294 1.57146 -0.0776049 
1.04334 1.56238 -0.0458945 
1.04293 1.57188 -0.047193 
0.755638 1.56214 0.144841 
0.756826 1.57439 0.14127 
0.727209 1.56345 -0.127431 
0.726083 1.57611 -0.131181 
1.05843 1.56336 0.027595 
1.05868 1.57274 0.0264221 
0.671036 1.57087 0.102261 
0.83055 1.56622 -0.143596 
0.829355 1.5776 -0.146662 
0.986466 1.56861 0.0936754 
0.987327 1.57854 0.09184 
0.637673 1.57581 0.0207018 
0.940834 1.56744 -0.113414 
0.939872 1.57775 -0.115644 
0.877889 1.56269 0.142533 
0.879058 1.57355 0.139781 
0.651159 1.56309 -0.0657563 
0.65052 1.57692 -0.0700609 
1.03499 1.56647 -0.05441 
1.03452 1.57603 -0.0557898 
0.768727 1.57084 0.144507 
0.71617 1.56894 -0.124736 
1.06137 1.56998 0.0180371 
1.06157 1.57934 0.0168966 
0.67837 1.56207 0.111479 
0.679319 1.57544 0.107382 
0.817772 1.56602 -0.143651 
0.816574 1.57754 -0.146803 
0.997409 1.56705 0.0868277 
0.998203 1.57689 0.0850912 
0.639043 1.56633 0.0343545 
0.928081 1.56922 -0.119153 
0.89159 1.57059 0.136597 
0.647387 1.56582 -0.0571673 
1.02613 1.56655 -0.0618706 
1.0256 1.57618 -0.0633315 
0.780246 1.56556 0.14766 
0.781477 1.5775 0.144248 
0.706244 1.57147 -0.120897 
1.06274 1.56458 0.0101897 
1.06285 1.57393 0.00906023 
0.686847 1.56417 0.116558 
0.687852 1.5774 0.112521 
0.804752 1.57367 -0.145281 
1.00742 1.5636 0.0803571 
1.00814 1.57336 0.0787085 
0.641044 1.56809 0.0439091 
0.916013 1.56734 -0.123581 
0.914975 1.57788 -0.126018 
0.903585 1.56669 0.133243 
0.904724 1.5773 0.130691 
0.644392 1.56648 -0.0478473 
1.01708 1.56347 -0.0684507 
1.01647 1.57317 -0.0699902 
0.792675 1.57099 0.147325 
0.697139 1.57202 -0.116234 
1.06317 1.5667 0.00160364 
1.06321 1.57605 0.000479396 
0.695543 1.56471 0.121564 
0.696591 1.5778 0.117589 
0.79355 1.5674 -0.142636 
0.792366 1.5792 -0.145946 
1.01747 1.56913 0.0724013 
1.01816 1.57882 0.0708544 
0.643405 1.56837 0.053526 
0.90433 1.56331 -0.127105 
0.903233 1.57394 -0.129632 
0.915439 1.56302 0.129483 
0.916524 1.57354 0.127023 
0.641876 1.56663 -0.0381853 
1.00708 1.56878 -0.0761979 
1.00644 1.57856 -0.077837 
0.803975 1.56492 0.14987 
0.805212 1.57657 0.146613 
0.688492 1.57224 -0.111152 
1.06263 1.56873 -0.00695801 
1.06261 1.57808 -0.00808702 
0.704683 1.56539 0.126182 
0.705771 1.57835 0.12227 
0.781264 1.57251 -0.142814 
1.02651 1.56611 0.0656874 
1.02712 1.57572 0.0642198 
0.646244 1.56903 0.0628268 
0.891403 1.56961 -0.132805 
0.92867 1.57177 0.122489 
0.6397 1.56813 -0.0285642 
0.997147 1.56495 -0.0824397 
0.996421 1.57481 -0.0841647 
0.817083 1.57264 0.148141 
0.680058 1.57389 -0.105976 
1.06113 1.56309 -0.014743 
1.06101 1.57245 -0.0158833 
0.714628 1.56795 0.130001 
0.769901 1.56683 -0.13952 
0.768728 1.57893 -0.142985 
1.03534 1.56612 0.0581229 
1.03588 1.57567 0.0567371 
0.649848 1.57169 0.0714161 
0.879078 1.56614 -0.135792 
0.877941 1.57702 -0.138516 
0.940479 1.56325 0.118916 
0.941492 1.57354 0.116664 
0.637931 1.5724 -0.019263 
0.986336 1.56294 -0.0890238 
0.985539 1.57288 -0.0908452 
0.829933 1.57247 0.148026 
0.672748 1.5646 -0.0966817 
0.671861 1.57808 -0.100816 
1.05816 1.56943 -0.0242028 
1.05798 1.57881 -0.0253736 
0.725682 1.57341 0.132684 
0.75815 1.56288 -0.136156 
0.756965 1.57512 -0.139699 
1.04368 1.57011 0.0495142 
0.653838 1.56326 0.0832854 
0.654564 1.57703 0.0790019 
0.866141 1.56363 -0.138441 
0.864965 1.57463 -0.141259 
0.953971 1.56922 0.111562 
0.954977 1.57941 0.109434 
0.636876 1.56563 -0.0059392 
0.974541 1.56266 -0.0958926 
0.973683 1.5727 -0.0978209 
0.842588 1.5653 0.148967 
0.843821 1.57652 0.145966 
0.665006 1.57115 -0.0913046 
1.05371 1.56847 -0.0328815 
1.05346 1.57789 -0.0340924 
0.736701 1.56914 0.137838 
0.745081 1.5725 -0.136089 
1.05059 1.56809 0.0412767 
1.05099 1.57752 0.0400348 
0.659767 1.57073 0.0897675 
0.851675 1.57195 -0.143101 
0.966758 1.56832 0.105139 
0.967708 1.57839 0.103124 
0.636495 1.57477 0.0026998 
0.962038 1.56258 -0.102571 
0.961124 1.57272 -0.104611 
0.857141 1.57281 0.14501 
0.659004 1.56516 -0.0811443 
0.65825 1.57886 -0.0853843 
1.04762 1.56763 -0.0414389 
1.04728 1.5771 -0.0427047 
0.748491 1.56663 0.141853 
0.749697 1.57897 0.138234 
0.733595 1.56946 -0.131672 
1.05602 1.56762 0.0325289 
1.05635 1.57701 0.0313368 
0.666072 1.56489 0.0996108 
0.66695 1.57845 0.0954222 
0.838656 1.56698 -0.143331 
0.837471 1.57827 -0.146343 
0.979202 1.56875 0.0980563 
0.980099 1.57873 0.0961544 
0.636931 1.5695 0.0158098 
0.948443 1.57067 -0.110506 
0.870544 1.57078 0.142648 
0.653412 1.57194 -0.0742559 
1.04023 1.5645 -0.0492838 
1.0398 1.57402 -0.0506131 
0.760509 1.56401 0.145205 
0.761714 1.57619 0.141665 
0.723004 1.56415 -0.126024 
0.721894 1.57688 -0.129802 
1.05975 1.56629 0.0238615 
1.05999 1.57566 0.0227034 
0.674028 1.57109 0.104795 
0.825239 1.56943 -0.144595 
0.990781 1.56835 0.0909913 
0.991618 1.57824 0.0891954 
0.638216 1.57598 0.0247992 
0.936249 1.56474 -0.114935 
0.935254 1.5751 -0.117201 
0.88349 1.56852 0.139598 
0.884686 1.57933 0.136891 
0.649692 1.56252 -0.0619825 
0.649081 1.57638 -0.0662997 
1.03163 1.56705 -0.0573986 
1.03114 1.57663 -0.0588098 
0.773478 1.57195 0.144873 
0.712404 1.56845 -0.122857 
1.06194 1.56252 0.0156674 
1.06209 1.57188 0.0145289 
0.682423 1.57462 0.109907 
0.812857 1.5677 -0.143985 
0.81167 1.57928 -0.147169 
1.00134 1.566 0.0843023 
1.00211 1.57581 0.0826007 
0.639722 1.56534 0.03859 
0.640066 1.57936 0.0341854 
0.923788 1.56496 -0.120101 
0.922756 1.57542 -0.122472 
0.895803 1.56517 0.136317 
0.896951 1.57586 0.133703 
0.646245 1.56432 -0.0530683 
0.64573 1.57824 -0.0574148 
1.02268 1.56575 -0.0644849 
1.02212 1.57541 -0.0659763 
0.784849 1.56609 0.148014 
0.786087 1.57797 0.144633 
0.702829 1.57004 -0.118648 
1.06302 1.56561 0.00686601 
1.06311 1.57496 0.00573979 
0.690004 1.56265 0.11905 
0.691016 1.57583 0.115036 
0.801347 1.56261 -0.141907 
0.80013 1.57431 -0.145166 
1.01108 1.56209 0.0779141 
1.01177 1.57182 0.0762972 
0.641847 1.56634 0.0482052 
0.910852 1.57258 -0.126556 
0.908801 1.5718 0.130296 
0.643449 1.56457 -0.0435661 
0.643022 1.57853 -0.0479373 
1.01292 1.57163 -0.0724043 
0.797258 1.57138 0.147582 
0.693934 1.57022 -0.113769 
1.06308 1.56747 -0.00166077 
1.06309 1.57681 -0.00278565 
0.698827 1.56304 0.123945 
0.699878 1.57609 0.119993 
0.789029 1.56765 -0.142264 
0.787848 1.57951 -0.145604 
1.02096 1.56781 0.0698951 
1.02161 1.57747 0.0683786 
0.644354 1.56655 0.0577461 
0.899155 1.56826 -0.129918 
0.898078 1.57895 -0.13249 
0.920699 1.56862 0.126321 
0.921806 1.57909 0.123909 
0.641056 1.56501 -0.0338752 
0.640722 1.57902 -0.0382676 
1.00336 1.56725 -0.0785733 
1.00268 1.57705 -0.0802445 
0.808721 1.56594 0.149798 
0.809966 1.57753 0.146572 
0.68538 1.57079 -0.108614 
1.06215 1.56996 -0.0103221 
1.0621 1.57932 -0.0114558 
0.708225 1.56428 0.128296 
0.709319 1.57719 0.124409 
0.776674 1.57308 -0.142395 
1.02992 1.56576 0.0628995 
1.0305 1.57535 0.061463 
0.647432 1.56782 0.0668152 
0.887193 1.56412 -0.132975 
0.88606 1.57492 -0.135637 
0.933095 1.5681 0.121293 
0.934163 1.57846 0.118984 
0.639001 1.56745 -0.0243497 
0.993122 1.56403 -0.084927 
0.992368 1.57392 -0.0866878 
0.820947 1.56342 0.150694 
0.822177 1.57487 0.147548 
0.677008 1.57331 -0.103438 
1.06018 1.56528 -0.0183055 
1.06003 1.57465 -0.0194553 
0.71856 1.5679 0.131701 
0.765152 1.56808 -0.139101 
1.03862 1.56726 0.0549401 
1.03914 1.57679 0.0535864 
0.651407 1.57151 0.0750406 
0.873465 1.57195 -0.138596 
0.946202 1.57149 0.114878 
0.637426 1.57292 -0.0152048 
0.981927 1.56277 -0.0916517 
0.981106 1.57275 -0.093513 
0.834205 1.56499 0.149783 
0.835441 1.5763 0.146725 
0.669824 1.56499 -0.0940875 
0.668961 1.57852 -0.0982437 
1.0568 1.56318 -0.0267846 
1.05657 1.57258 -0.0279629 
0.730063 1.57454 0.133897 
0.753299 1.56475 -0.135679 
0.752131 1.57706 -0.139254 
1.04621 1.56324 0.0472471 
1.04664 1.57271 0.0459587 
0.655845 1.56406 0.0864737 
0.656605 1.57779 0.0822061 
0.860327 1.56961 -0.141043 
0.958868 1.56866 0.109212 
0.959852 1.57881 0.107126 
0.636622 1.56707 -0.00200603 
0.969806 1.56282 -0.0985241 
0.968928 1.57289 -0.100495 
0.8484 1.5706 0.146917 
0.662392 1.57219 -0.0885463 
1.05176 1.56253 -0.0354592 
1.05145 1.57196 -0.036682 
0.741433 1.57112 0.138589 
0.741498 1.56208 -0.131761 
0.740333 1.57454 -0.135415 
1.05266 1.56213 0.0387068 
1.05301 1.57155 0.0374778 
0.662265 1.57189 0.0925901 
0.847078 1.56626 -0.142311 
0.845895 1.57746 -0.145265 
0.9716 1.56854 0.102449 
0.972531 1.57858 0.100478 
0.63654 1.56228 0.0110423 
0.636599 1.57636 0.00660947 
0.95718 1.56222 -0.104946 
0.956244 1.5724 -0.107029 
0.861842 1.56784 0.145304 
0.863071 1.57885 0.142437 
0.656812 1.56606 -0.0780446 
1.04477 1.57054 -0.045056 
0.753379 1.56874 0.142308 
0.729141 1.57086 -0.130584 
1.05776 1.571 0.0287139 
0.668916 1.56567 0.102196 
0.669822 1.57918 0.0980287 
0.833113 1.57118 -0.14479 
0.983758 1.56888 0.0953058 
0.984634 1.57882 0.0934459 
0.637313 1.57039 0.0198128 
0.943686 1.56901 -0.112412 
0.942744 1.57931 -0.114619 
0.87513 1.56596 0.142565 
0.876326 1.57684 0.139794 
0.651707 1.57205 -0.0707436 
1.037 1.56605 -0.0525268 
1.03656 1.57559 -0.0538876 
0.765345 1.56562 0.145554 
0.766565 1.57774 0.142046 
0.71897 1.5644 -0.124428 
0.717873 1.57718 -0.128234 
1.06082 1.56884 0.0202101 
1.06104 1.5782 0.0190638 
0.677075 1.57091 0.107316 
0.820088 1.57205 -0.145332 
0.994943 1.56779 0.0883672 
0.995755 1.57764 0.0866089 
0.638828 1.5757 0.0289557 
0.930758 1.5718 -0.118517 
0.887847 1.56335 0.13936 
0.889 1.57412 0.136683 
0.647777 1.57545 -0.0623975 
1.02823 1.56705 -0.0602341 
1.02771 1.57666 -0.0616765 
0.778168 1.57279 0.145248 
0.708787 1.56754 -0.120817 
1.06249 1.56404 0.0122352 
1.06261 1.57339 0.0111029 
0.685548 1.57347 0.112431 
0.808072 1.56891 -0.144118 
1.00515 1.56472 0.0818244 
1.00589 1.57449 0.0801562 
0.640448 1.564 0.0428609 
0.640818 1.57801 0.038463 
0.918534 1.57071 -0.12325 
0.901081 1.57034 0.1334 
0.645189 1.56259 -0.04888 
0.644696 1.57652 -0.0532362 
1.01921 1.56457 -0.0669906 
1.01862 1.57425 -0.0685121 
0.789425 1.5665 0.148347 
0.790668 1.57832 0.144995 
0.699511 1.56838 -0.116294 
1.06316 1.56645 0.00358335 
1.06322 1.5758 0.00245882 
0.694214 1.57414 0.117521 
0.796783 1.56298 -0.141646 
0.795569 1.57474 -0.144935 
1.01533 1.57027 0.0738726 
0.642695 1.56448 0.052489 
0.643158 1.57844 0.048111 
0.906785 1.56704 -0.126965 
0.905719 1.57766 -0.129476 
