0.71874 1.5708 0.0964879 
0.718887 1.57293 0.0958519 
0.719037 1.57506 0.0952161 
0.719188 1.57719 0.0945804 
0.719342 1.57932 0.0939448 
0.809721 1.56626 -0.116149 
0.808739 1.57792 -0.119327 
0.974693 1.56563 0.0689058 
0.975314 1.57568 0.0670116 
0.670958 1.56933 0.027986 
0.917909 1.57037 -0.0957782 
0.871807 1.56287 0.11718 
0.872778 1.57383 0.114431 
0.683703 1.57412 -0.0586531 
1.00542 1.57078 -0.037704 
0.765188 1.57113 0.114578 
0.757127 1.57031 -0.108025 
1.01038 1.5647 0.0353626 
1.0107 1.57447 0.0337901 
0.686871 1.56324 0.0703701 
0.687471 1.57652 0.0663232 
0.86285 1.56685 -0.112614 
0.861904 1.57792 -0.115415 
0.927391 1.56635 0.0960746 
0.928235 1.5768 0.0937705 
0.670084 1.56769 -0.0147761 
0.966732 1.56564 -0.069144 
0.966129 1.57577 -0.0710973 
0.818397 1.56785 0.12242 
0.819446 1.57938 0.119289 
0.712701 1.57226 -0.0884654 
1.02159 1.56916 -0.0025198 
1.0216 1.57885 -0.00398716 
0.720772 1.57266 0.0970168 
0.806625 1.57309 -0.117858 
0.976727 1.56549 0.0674837 
0.977335 1.57553 0.0656075 
0.671466 1.57559 0.0280973 
0.915539 1.56886 -0.0965101 
0.914734 1.57944 -0.0989018 
0.875139 1.5711 0.114463 
0.682979 1.56691 -0.0547075 
1.00402 1.57137 -0.0394079 
0.767084 1.56535 0.116815 
0.768073 1.57749 0.113334 
0.755324 1.56427 -0.10559 
0.754396 1.57659 -0.109142 
1.01153 1.56548 0.0335733 
1.01184 1.57524 0.0320118 
0.688306 1.56938 0.0701339 
0.860537 1.56366 -0.112299 
0.859568 1.57476 -0.115116 
0.929759 1.5652 0.095143 
0.930587 1.57563 0.0928578 
0.669762 1.57397 -0.0146265 
0.964594 1.56524 -0.070432 
0.963977 1.57539 -0.0724037 
0.820578 1.56341 0.123623 
0.821599 1.57492 0.120506 
0.711374 1.56543 -0.0852182 
0.710612 1.57836 -0.0890802 
1.0214 1.57026 -0.00442321 
0.722251 1.56605 0.100045 
0.72312 1.57879 0.0962546 
0.804536 1.56818 -0.11633 
0.978733 1.5654 0.0660425 
0.979328 1.57541 0.0641841 
0.671734 1.56831 0.0323662 
0.913168 1.56729 -0.0972016 
0.912346 1.57789 -0.0996116 
0.87751 1.56844 0.114437 
0.878506 1.57935 0.111734 
0.681776 1.57304 -0.0548117 
1.00294 1.56208 -0.0394667 
1.00258 1.57191 -0.0410962 
0.769966 1.57175 0.115539 
0.752592 1.57052 -0.106677 
1.01262 1.56629 0.0317722 
1.01292 1.57604 0.0302213 
0.689188 1.56226 0.0739092 
0.68981 1.57551 0.0698798 
0.857245 1.5715 -0.114754 
0.932121 1.56411 0.0941776 
0.932933 1.57452 0.0919114 
0.669604 1.56668 -0.0102915 
0.962435 1.5648 -0.0716986 
0.961804 1.57497 -0.0736887 
0.823776 1.57055 0.121662 
0.709297 1.57151 -0.0858003 
1.02114 1.57136 -0.00632417 
0.724608 1.5722 0.0992503 
0.802472 1.5632 -0.114746 
0.801474 1.57494 -0.117974 
0.980709 1.56534 0.0645824 
0.981292 1.57535 0.0627416 
0.672321 1.57455 0.032458 
0.910799 1.56565 -0.0978515 
0.909958 1.57627 -0.10028 
0.87989 1.56588 0.114354 
0.880865 1.57676 0.111668 
0.681112 1.56581 -0.0508124 
0.680643 1.5792 -0.0549011 
1.00146 1.56257 -0.0411254 
1.00108 1.57241 -0.0427684 
0.771889 1.56607 0.117696 
0.77289 1.57816 0.114247 
0.750821 1.5644 -0.104167 
0.749904 1.57678 -0.10775 
1.01366 1.56713 0.02996 
1.01395 1.57687 0.0284191 
0.690708 1.5684 0.0736267 
0.854938 1.56816 -0.114332 
0.85399 1.57932 -0.117191 
0.934477 1.56309 0.0931798 
0.935274 1.57348 0.0909327 
0.669358 1.57296 -0.0101325 
0.960258 1.56431 -0.0729433 
0.959612 1.57449 -0.0749521 
0.825975 1.56626 0.122756 
0.827013 1.5777 0.119678 
0.708028 1.56462 -0.0824775 
0.70728 1.5776 -0.0863639 
1.02087 1.56275 -0.00674942 
1.02081 1.57244 -0.00822211 
0.726139 1.56565 0.102202 
0.727022 1.57835 0.0984388 
0.799406 1.5699 -0.116347 
0.982656 1.56534 0.0631036 
0.983226 1.57532 0.0612803 
0.672639 1.56727 0.036699 
0.908431 1.56393 -0.0984585 
0.907572 1.57457 -0.100905 
0.882278 1.5634 0.114215 
0.883232 1.57427 0.111546 
0.679994 1.57196 -0.0508793 
0.999929 1.56301 -0.0427671 
0.999543 1.57287 -0.0444241 
0.774809 1.57251 0.11637 
0.748134 1.57062 -0.105209 
1.01464 1.568 0.0281373 
1.01492 1.57774 0.0266059 
0.692297 1.57452 0.0733258 
0.852647 1.56472 -0.113847 
0.851674 1.5759 -0.116722 
0.936826 1.56212 0.0921506 
0.937608 1.57249 0.0899226 
0.669243 1.56567 -0.00578622 
0.669178 1.57925 -0.00997074 
0.958062 1.56377 -0.0741658 
0.957403 1.57398 -0.0761932 
0.829207 1.57348 0.120724 
0.706024 1.5707 -0.0830085 
1.0205 1.56382 -0.00864033 
1.02042 1.57352 -0.0101164 
0.728561 1.57183 0.101358 
0.797363 1.56479 -0.114665 
0.796378 1.57659 -0.117929 
0.98457 1.56537 0.0616063 
0.985128 1.57534 0.0598002 
0.673306 1.5735 0.0367686 
0.906066 1.56214 -0.0990215 
0.905188 1.5728 -0.101486 
0.885608 1.57185 0.111368 
0.679388 1.56471 -0.04683 
0.678945 1.57812 -0.0509323 
0.998358 1.56341 -0.0443917 
0.997959 1.57328 -0.046063 
0.776757 1.56693 0.118445 
0.777771 1.57895 0.115029 
0.746399 1.56442 -0.102625 
0.745494 1.57686 -0.106239 
1.01556 1.5689 0.0263047 
1.01583 1.57863 0.0247822 
0.693259 1.56745 0.0770062 
0.849374 1.57239 -0.11619 
0.939934 1.57155 0.0888824 
0.669071 1.57196 -0.00562069 
0.955851 1.56319 -0.0753655 
0.955176 1.57341 -0.0774115 
0.831424 1.56935 0.121708 
0.704814 1.56376 -0.0796107 
0.704082 1.57679 -0.0835208 
1.02005 1.56488 -0.0105264 
1.01997 1.57458 -0.0120065 
0.730141 1.56535 0.104234 
0.731037 1.57799 0.100498 
0.79433 1.57143 -0.116206 
0.986451 1.56545 0.0600907 
0.986997 1.57541 0.0583016 
0.673675 1.56623 0.0409779 
0.902807 1.57095 -0.102021 
0.887991 1.56952 0.111136 
0.678354 1.57086 -0.046862 
0.996744 1.56377 -0.0459987 
0.996333 1.57365 -0.0476847 
0.779714 1.57341 0.117069 
0.743761 1.57062 -0.103623 
1.01642 1.56983 0.0244628 
0.694932 1.57357 0.0766568 
0.847091 1.5688 -0.115596 
0.942252 1.57068 0.087813 
0.668998 1.56468 -0.00126688 
0.668966 1.57825 -0.00545352 
0.953623 1.56256 -0.0765417 
0.952934 1.5728 -0.0786065 
0.833662 1.5653 0.122629 
0.834691 1.57666 0.119604 
0.702885 1.56983 -0.0800907 
1.01955 1.56593 -0.0124069 
1.01945 1.57563 -0.0138918 
0.732624 1.57154 0.103342 
0.792308 1.56619 -0.114429 
0.791336 1.57805 -0.117728 
0.988299 1.56558 0.0585569 
0.988832 1.57552 0.0567846 
0.674423 1.57245 0.0410226 
0.900429 1.56903 -0.10251 
0.89038 1.56727 0.110851 
0.891341 1.57806 0.108247 
0.677806 1.5636 -0.0427662 
0.677388 1.57704 -0.0468812 
0.995088 1.56409 -0.0475879 
0.994665 1.57398 -0.0492889 
0.781685 1.56794 0.119058 
0.742065 1.56433 -0.100964 
0.741171 1.57683 -0.104609 
1.01722 1.57078 0.0226123 
0.695958 1.56653 0.0802682 
0.844826 1.56511 -0.114939 
0.843848 1.57637 -0.11787 
0.944561 1.56985 0.0867156 
0.668901 1.57097 -0.00109771 
0.950678 1.57213 -0.0797775 
0.836924 1.57269 0.120477 
0.701736 1.56285 -0.076619 
0.70102 1.57592 -0.0805518 
1.01897 1.56696 -0.0142814 
1.01887 1.57666 -0.0157716 
0.734251 1.56514 0.106141 
0.73516 1.57772 0.102434 
0.789309 1.57277 -0.115912 
0.99011 1.56575 0.0570052 
0.990632 1.57567 0.0552493 
0.674845 1.56518 0.0451966 
0.675241 1.57865 0.0410566 
0.898054 1.56703 -0.102952 
0.897185 1.57776 -0.105483 
0.892775 1.56511 0.110514 
0.893717 1.57587 0.107927 
0.676854 1.56977 -0.0427661 
0.993392 1.56435 -0.049159 
0.992957 1.57426 -0.0508753 
0.783684 1.56252 0.120998 
0.784679 1.57446 0.117629 
0.739477 1.57051 -0.101918 
1.01796 1.57176 0.0207538 
0.697713 1.57265 0.0798691 
0.841575 1.57261 -0.117165 
0.946859 1.56908 0.085591 
0.947641 1.57936 0.0834555 
0.66887 1.56369 0.00325972 
0.668871 1.57726 -0.000928054 
0.948408 1.57142 -0.0809237 
0.839176 1.5688 0.121286 
0.699884 1.56892 -0.0770483 
1.01834 1.56797 -0.0161492 
1.01823 1.57768 -0.0176453 
0.736793 1.57135 0.105202 
0.787308 1.56742 -0.114043 
0.786349 1.57934 -0.117376 
0.991885 1.56596 0.0554357 
0.992394 1.57587 0.053696 
0.675676 1.57139 0.0452137 
0.895685 1.56495 -0.103345 
0.894796 1.57571 -0.105894 
0.895176 1.56303 0.110125 
0.896098 1.57377 0.107556 
0.676362 1.5625 -0.0386275 
0.675971 1.57596 -0.0427542 
0.991657 1.56458 -0.0507118 
0.991209 1.5745 -0.0524437 
0.786673 1.5691 0.119531 
0.737822 1.56414 -0.0991843 
0.73694 1.5767 -0.102858 
1.01846 1.56305 0.0203864 
1.01864 1.57275 0.0188878 
0.698803 1.56565 0.0834095 
0.699534 1.57875 0.0794509 
0.839322 1.56876 -0.116397 
0.949144 1.56836 0.0844403 
0.949913 1.57862 0.0823239 
0.668847 1.56998 0.00342965 
0.946127 1.57066 -0.0820444 
0.841449 1.56501 0.122033 
0.842471 1.57629 0.119063 
0.698096 1.575 -0.0774587 
1.01764 1.56896 -0.0180096 
1.01752 1.57867 -0.0195123 
0.738465 1.56502 0.107925 
0.739386 1.57755 0.104248 
0.784343 1.57394 -0.11547 
0.993622 1.56622 0.0538486 
0.994119 1.57611 0.0521248 
0.676154 1.56413 0.0493486 
0.676577 1.57758 0.045219 
0.893321 1.56279 -0.103688 
0.892411 1.57357 -0.106254 
0.898484 1.57174 0.107134 
0.675492 1.56868 -0.038598 
0.989885 1.56475 -0.0522461 
0.989425 1.57469 -0.0539939 
0.788693 1.5638 0.121382 
0.789701 1.57567 0.118047 
0.735288 1.5703 -0.100093 
1.01908 1.56407 0.0185074 
1.01925 1.57377 0.0170151 
0.700639 1.57177 0.0829596 
0.837089 1.56482 -0.115566 
0.836103 1.57617 -0.118553 
0.951418 1.56769 0.0832642 
0.952171 1.57793 0.081167 
0.668858 1.5627 0.00778682 
0.668891 1.57628 0.00359889 
0.943834 1.56984 -0.0831388 
0.844737 1.57256 0.119761 
0.697022 1.56796 -0.0738832 
1.01689 1.56993 -0.0198621 
0.741062 1.57125 0.10694 
0.782365 1.56848 -0.113513 
0.995319 1.56652 0.0522441 
0.995804 1.5764 0.050536 
0.677068 1.57033 0.0493354 
0.890033 1.57135 -0.106564 
0.900874 1.5698 0.106664 
0.674691 1.57488 -0.0385577 
0.988077 1.56488 -0.0537616 
0.987604 1.57484 -0.0555257 
0.791717 1.57042 0.119859 
0.733676 1.56386 -0.0972843 
0.732806 1.57647 -0.100988 
1.01964 1.5651 0.0166229 
1.01981 1.5748 0.0151362 
0.701792 1.56482 0.0864271 
0.702541 1.57787 0.0824904 
0.833863 1.57216 -0.117673 
0.953677 1.56707 0.0820637 
0.954416 1.57729 0.0799855 
0.668909 1.56899 0.00795463 
0.941531 1.56897 -0.0842058 
0.940826 1.57931 -0.0863803 
0.847022 1.56893 0.120396 
0.695314 1.57405 -0.0742438 
1.01607 1.57087 -0.021706 
0.742776 1.56501 0.109588 
0.743709 1.57747 0.105941 
0.780414 1.56296 -0.111506 
0.779434 1.57496 -0.114886 
0.996976 1.56686 0.0506226 
0.997449 1.57673 0.0489298 
0.677603 1.56308 0.0534275 
0.678053 1.57651 0.0493093 
0.887661 1.56904 -0.106821 
0.903267 1.56793 0.106145 
0.904199 1.57859 0.103644 
0.674266 1.5676 -0.034364 
0.986233 1.56497 -0.0552583 
0.985747 1.57494 -0.0570388 
0.793759 1.56524 0.121617 
0.794781 1.57705 0.118317 
0.731199 1.57 -0.0981471 
1.02014 1.56616 0.0147335 
1.02029 1.57585 0.0132518 
0.703708 1.57094 0.0859258 
0.831645 1.56806 -0.116731 
0.830676 1.57947 -0.119757 
0.955921 1.5665 0.0808394 
0.956646 1.5767 0.0787803 
0.669027 1.57529 0.00812057 
0.93922 1.56805 -0.0852447 
0.938499 1.57841 -0.0874381 
0.849324 1.56539 0.120967 
0.850342 1.57658 0.118054 
0.694302 1.56697 -0.0705982 
1.01519 1.57179 -0.0235407 
0.745426 1.57126 0.108557 
0.777478 1.56939 -0.112843 
0.99859 1.56725 0.0489842 
0.999052 1.57711 0.0473064 
0.678602 1.56927 0.0533813 
0.885296 1.56666 -0.107026 
0.884391 1.57751 -0.109657 
0.905664 1.56614 0.10558 
0.906577 1.57678 0.103096 
0.673546 1.57381 -0.0342981 
0.984357 1.56501 -0.0567359 
0.983858 1.57499 -0.0585331 
0.796818 1.57192 0.120035 
0.729633 1.56348 -0.0952631 
0.728775 1.57615 -0.0989949 
1.02058 1.56722 0.0128397 
1.02072 1.57691 0.0113624 
0.704922 1.56404 0.089319 
0.705688 1.57704 0.0854051 
0.829448 1.56387 -0.115726 
0.828451 1.5753 -0.118767 
0.958149 1.56597 0.0795921 
0.95886 1.57616 0.077552 
0.669087 1.568 0.0124705 
0.936901 1.56707 -0.0862544 
0.936164 1.57745 -0.0884667 
0.852637 1.57311 0.118578 
0.692675 1.57306 -0.0709101 
1.01446 1.56295 -0.0238374 
1.01425 1.57269 -0.0253655 
0.747179 1.5651 0.11113 
0.748124 1.5775 0.107513 
0.775551 1.56376 -0.110752 
0.774583 1.57582 -0.114165 
1.00016 1.56768 0.0473293 
1.00061 1.57753 0.0456661 
0.679671 1.57544 0.0533214 
0.882938 1.56419 -0.107176 
0.882013 1.57506 -0.109825 
0.908062 1.56442 0.104969 
0.908958 1.57504 0.102504 
0.673172 1.56652 -0.0300709 
0.982447 1.565 -0.0581943 
0.981936 1.575 -0.0600084 
0.798881 1.56686 0.121698 
0.799917 1.57861 0.118433 
0.727215 1.56961 -0.096079 
1.02095 1.5683 0.0109423 
1.02108 1.57799 0.00946865 
0.706916 1.57016 0.0887657 
0.826249 1.57105 -0.117714 
0.960359 1.56549 0.0783224 
0.961057 1.57566 0.0763012 
0.669279 1.57429 0.0126303 
0.934574 1.56603 -0.0872339 
0.933822 1.57643 -0.089465 
0.854948 1.56973 0.119039 
0.691725 1.56594 -0.0671967 
0.691116 1.57916 -0.0712037 
1.01348 1.5638 -0.0256426 
1.01325 1.57355 -0.0271799 
0.749879 1.57137 0.110054 
0.772651 1.57015 -0.11204 
1.00169 1.56816 0.0456583 
1.00213 1.57799 0.0440093 
0.68028 1.56822 0.0573454 
0.879642 1.57253 -0.109937 
0.910462 1.56278 0.104314 
0.91134 1.57338 0.101867 
0.672532 1.57275 -0.0299821 
0.980507 1.56495 -0.0596333 
0.979982 1.57497 -0.0614646 
0.801975 1.57361 0.120055 
0.725697 1.56302 -0.0931194 
0.724851 1.57574 -0.0968791 
1.02125 1.56939 0.00904169 
1.02137 1.57907 0.00757117 
0.70819 1.56332 0.0920835 
0.708972 1.57627 0.0881933 
0.824069 1.56671 -0.1166 
0.823089 1.5782 -0.119679 
0.962551 1.56506 0.0770308 
0.963235 1.57521 0.0750284 
