0.823136 1.5708 0.011291 
0.823159 1.57273 0.010786 
0.823185 1.57465 0.0102811 
0.823212 1.57658 0.00977622 
0.823241 1.57851 0.00927141 
0.834147 1.57088 -0.00942972 
0.845637 1.56214 0.0132301 
0.845721 1.57347 0.0103697 
0.816843 1.57084 -0.00024909 
0.850519 1.56318 -0.00114122 
0.850488 1.57446 -0.00396325 
0.826785 1.56381 0.0145563 
0.826893 1.57534 0.0115532 
0.829833 1.56984 -0.00881471 
0.848748 1.56598 0.0102212 
0.848839 1.57728 0.00738493 
0.816457 1.56517 0.00407474 
0.816486 1.57682 0.000994866 
0.848026 1.56761 -0.00456755 
0.848002 1.57892 -0.00740855 
0.831015 1.57338 0.0128828 
0.825807 1.56751 -0.00719242 
0.825758 1.57906 -0.0102017 
0.851005 1.57065 0.0066188 
0.817125 1.57119 0.00528071 
0.844726 1.57112 -0.00733656 
0.835363 1.57274 0.0131907 
0.822299 1.56402 -0.00465035 
0.822242 1.5756 -0.00768603 
0.852225 1.5646 0.00544343 
0.852264 1.57586 0.00263408 
0.818765 1.56593 0.00927228 
0.818846 1.57755 0.00620942 
0.840913 1.56211 -0.00638466 
0.840827 1.57349 -0.00927965 
0.839686 1.57346 0.0124694 
0.819442 1.57118 -0.00439006 
0.852392 1.57003 0.00130363 
0.821387 1.57291 0.00968588 
0.836653 1.56315 -0.00734536 
0.836566 1.57458 -0.0102727 
0.84362 1.56414 0.013649 
0.843725 1.57549 0.0107733 
0.817513 1.56604 -0.000507075 
0.817509 1.57768 -0.00357883 
0.851478 1.56407 6.92883e-05 
0.851465 1.57534 -0.00274547 
0.824698 1.56916 0.01243 
0.832288 1.56283 -0.00728524 
0.832199 1.57431 -0.0102456 
0.847126 1.56739 0.0110612 
0.847236 1.5787 0.00821259 
0.816548 1.57212 0.000651959 
0.849511 1.5689 -0.0036426 
0.828592 1.56654 0.0142838 
0.828722 1.57805 0.0112944 
0.827981 1.5727 -0.00918866 
0.849884 1.57162 0.00777243 
0.816617 1.56644 0.00498964 
0.816665 1.57809 0.00191094 
0.84664 1.57296 -0.00680862 
0.832847 1.56518 0.015145 
0.832973 1.57665 0.0121876 
0.824155 1.56985 -0.00715473 
0.851661 1.56529 0.00679209 
0.851717 1.57656 0.00397835 
0.817751 1.57258 0.00610043 
0.843114 1.56464 -0.00636142 
0.843049 1.576 -0.00923977 
0.837216 1.56518 0.0149728 
0.837341 1.5766 0.0120484 
0.820939 1.56591 -0.00425688 
0.820901 1.57752 -0.00730281 
0.852441 1.57065 0.00270636 
0.819805 1.56756 0.00988865 
0.819904 1.57917 0.00683359 
0.839023 1.56643 -0.00787578 
0.83896 1.57784 -0.0107852 
0.841444 1.56652 0.0137886 
0.84157 1.57789 0.0108965 
0.818466 1.57275 -0.00372684 
0.85212 1.56481 0.00138679 
0.852124 1.57607 -0.00142313 
0.822712 1.5633 0.0130496 
0.822803 1.57488 0.010016 
0.834685 1.56689 -0.00840076 
0.83462 1.57834 -0.0113431 
0.845276 1.56912 0.0116736 
0.816957 1.56739 0.000339835 
0.816972 1.57904 -0.0027361 
0.850719 1.56994 -0.00254061 
0.826395 1.5716 0.0123915 
0.830354 1.56599 -0.00789378 
0.830287 1.57749 -0.0108688 
0.848478 1.57282 0.00876191 
0.81646 1.57339 0.00157299 
0.848384 1.56317 -0.0032041 
0.848335 1.57447 -0.00604234 
0.830476 1.56951 0.0138255 
0.826285 1.56379 -0.00637404 
0.826211 1.57533 -0.00937969 
0.850775 1.56611 0.00805049 
0.850848 1.57739 0.0052299 
0.816984 1.56774 0.00587508 
0.81705 1.57939 0.00279911 
0.845166 1.56679 -0.00604996 
0.845123 1.57812 -0.00891273 
0.834812 1.56873 0.0142417 
0.822628 1.57199 -0.00695521 
0.852151 1.57128 0.00409473 
0.818515 1.56242 0.00990959 
0.818571 1.57405 0.00684474 
0.841324 1.56928 -0.00808572 
0.839151 1.5693 0.0136265 
0.819738 1.56765 -0.00373292 
0.819721 1.57927 -0.00678787 
0.852429 1.56545 0.00276896 
0.852451 1.57671 -3.86536e-05 
0.821017 1.56933 0.0103872 
0.837092 1.57051 -0.00918218 
0.843235 1.5712 0.0120276 
0.817706 1.56258 9.87174e-05 
0.817678 1.57421 -0.0029716 
0.851624 1.57079 -0.00130058 
0.82425 1.56548 0.0132168 
0.824361 1.57705 0.0101948 
0.832725 1.57038 -0.00926328 
0.846733 1.56298 0.0124019 
0.846818 1.5743 0.00955 
0.816603 1.56869 0.00123288 
0.849807 1.56441 -0.00224382 
0.849776 1.5757 -0.00507126 
0.828089 1.56273 0.01517 
0.828194 1.57426 0.0121766 
0.828478 1.56891 -0.00831285 
0.849585 1.56712 0.0091771 
0.849676 1.57841 0.00634738 
0.816556 1.563 0.00557185 
0.816579 1.57465 0.00249262 
0.84703 1.56856 -0.00547589 
0.832417 1.57272 0.0131767 
0.824597 1.56618 -0.00637712 
0.824544 1.57774 -0.00939551 
0.851529 1.572 0.00542526 
0.817552 1.56911 0.00671016 
0.84351 1.57172 -0.00799127 
0.836785 1.57252 0.0131456 
0.821304 1.56235 -0.00356301 
0.821242 1.57394 -0.00660617 
0.852401 1.56606 0.00417246 
0.85244 1.57732 0.00136456 
0.819502 1.56402 0.010552 
0.819578 1.57564 0.00749457 
0.839553 1.56229 -0.0067294 
0.839465 1.57369 -0.00963472 
0.840942 1.5623 0.0149928 
0.841043 1.57368 0.0120965 
0.818711 1.56926 -0.00309476 
0.852208 1.57149 3.63536e-05 
0.822388 1.57126 0.010752 
0.835231 1.56289 -0.00736077 
0.835142 1.57433 -0.0102989 
0.844832 1.56477 0.0129692 
0.844936 1.57611 0.0101028 
0.817092 1.56394 0.000931405 
0.817083 1.57559 -0.00214356 
0.850946 1.56541 -0.00111348 
0.850934 1.57669 -0.00393227 
0.825912 1.56787 0.0132197 
0.826044 1.57941 0.0102103 
0.830888 1.56213 -0.00696197 
0.830796 1.57362 -0.00993287 
0.848116 1.56837 0.0101325 
0.816456 1.56995 0.00215105 
0.848667 1.57002 -0.00466942 
0.82995 1.56564 0.0147571 
0.830076 1.57714 0.0117779 
0.82668 1.57159 -0.0085475 
0.850589 1.57286 0.00665536 
0.816864 1.5643 0.00646648 
0.816906 1.57594 0.00338951 
0.845608 1.56244 -0.00475482 
0.845538 1.57377 -0.00761417 
0.83427 1.56472 0.0152817 
0.834393 1.57618 0.012335 
0.823031 1.56836 -0.0062157 
0.852034 1.56671 0.00555361 
0.852091 1.57797 0.00274283 
0.818317 1.57056 0.0074746 
0.841825 1.56506 -0.00688179 
0.841759 1.57644 -0.00976995 
0.838621 1.56516 0.014773 
0.838744 1.57657 0.0118593 
0.820055 1.56412 -0.00306918 
0.820013 1.57573 -0.00612177 
0.852458 1.57212 0.00142753 
0.820665 1.56576 0.0110808 
0.82076 1.57736 0.00803204 
0.837625 1.56642 -0.0080808 
0.83756 1.57784 -0.0110008 
0.842747 1.56693 0.0132726 
0.842872 1.57829 0.0103904 
0.817867 1.57074 -0.00236011 
0.851778 1.56623 0.000147492 
0.851784 1.57749 -0.00266497 
0.823905 1.57338 0.0109687 
0.833261 1.56644 -0.00826988 
0.833194 1.57791 -0.0112229 
0.846399 1.56991 0.0108799 
0.81668 1.56525 0.00181523 
0.81669 1.5769 -0.00126286 
0.850043 1.5712 -0.00366473 
0.827681 1.57047 0.0130483 
0.828989 1.5651 -0.00742641 
0.828918 1.57662 -0.0104117 
0.849283 1.56263 0.0105763 
0.849349 1.57392 0.00774399 
0.816516 1.57122 0.00307302 
0.847419 1.56416 -0.0041356 
0.847369 1.57547 -0.00698121 
0.831872 1.5688 0.0141547 
0.825056 1.5625 -0.00559003 
0.824979 1.57405 -0.00860493 
0.851337 1.56745 0.00686904 
0.851411 1.57872 0.00405288 
0.817375 1.56564 0.00731575 
0.817436 1.57729 0.00424258 
0.843972 1.56743 -0.0067335 
0.843928 1.57878 -0.00960536 
0.836237 1.56846 0.0142319 
0.821601 1.57036 -0.00590165 
0.852369 1.57274 0.00282947 
0.819271 1.57212 0.00814907 
0.839976 1.56952 -0.00847374 
0.840521 1.56948 0.0132866 
0.818976 1.56575 -0.00245709 
0.818953 1.57738 -0.00551781 
0.852286 1.56692 0.00149765 
0.852309 1.57818 -0.00131097 
0.821991 1.56765 0.0114794 
0.822105 1.57924 0.00844068 
0.835672 1.57031 -0.00924355 
0.844468 1.57179 0.0113861 
0.817216 1.57214 -0.00154791 
0.851131 1.57215 -0.00249923 
0.825444 1.56415 0.0140378 
0.825551 1.5757 0.0110247 
0.831316 1.56974 -0.00898593 
0.847752 1.56393 0.0114964 
0.847837 1.57524 0.00865232 
0.816474 1.56652 0.00272932 
0.816502 1.57817 -0.000350348 
0.848996 1.56556 -0.00329005 
0.848966 1.57685 -0.00612367 
0.829537 1.5733 0.0126945 
0.827163 1.56784 -0.00770505 
0.827112 1.57937 -0.0107041 
0.850325 1.56834 0.00807638 
0.816784 1.5725 0.0039774 
0.845955 1.56941 -0.00630721 
0.833835 1.5722 0.0133597 
0.823451 1.56473 -0.00546738 
0.823393 1.5763 -0.00849439 
0.851911 1.56214 0.00701041 
0.851943 1.5734 0.00419851 
0.818084 1.56707 0.00809922 
0.818164 1.57871 0.00503135 
0.842238 1.5722 -0.00855226 
0.838196 1.57245 0.0129911 
0.820324 1.57219 -0.00544868 
0.852459 1.56754 0.00289415 
0.852499 1.5788 8.67984e-05 
0.820333 1.5622 0.0117667 
0.820403 1.57381 0.00871536 
0.838164 1.56233 -0.00696866 
0.838074 1.57374 -0.00988451 
0.842262 1.56267 0.0145082 
0.842362 1.57403 0.0116221 
0.818078 1.56727 -0.00174411 
0.818074 1.5789 -0.00481157 
0.851908 1.57293 -0.00121293 
0.823466 1.56973 0.0117332 
0.833807 1.56248 -0.00726543 
0.833715 1.57394 -0.0102143 
0.845979 1.56553 0.012202 
0.846083 1.57686 0.00934446 
0.816765 1.57346 -0.000678092 
0.850307 1.56669 -0.00225296 
0.850295 1.57797 -0.00507659 
0.827181 1.5667 0.0139094 
0.827309 1.57823 0.0109094 
0.829417 1.57279 -0.00951056 
0.849019 1.56945 0.0091349 
0.816475 1.56778 0.00365239 
0.816522 1.57943 0.000572714 
0.847732 1.57105 -0.00563057 
0.831338 1.56489 0.0151216 
0.831461 1.57637 0.0121528 
0.825429 1.57035 -0.00780458 
0.85114 1.5629 0.00830939 
0.851189 1.57418 0.00549149 
0.817219 1.56218 0.00791745 
0.817256 1.57383 0.00484303 
0.844437 1.56312 -0.00546665 
0.844367 1.57447 -0.00833492 
0.835697 1.56441 0.0153073 
0.835818 1.57585 0.0123714 
0.821978 1.56677 -0.00518907 
0.821941 1.57836 -0.00822718 
0.852292 1.56816 0.00429343 
0.85235 1.57942 0.00148475 
0.818984 1.5686 0.00879728 
0.840491 1.56535 -0.00730241 
0.840424 1.57673 -0.0102007 
0.840003 1.56529 0.0144666 
0.840124 1.57668 0.0115634 
0.819261 1.56224 -0.00181362 
0.819214 1.57387 -0.00487218 
0.852359 1.56234 0.00296047 
0.852357 1.5736 0.000152298 
0.821612 1.56405 0.0121984 
0.821702 1.57565 0.00915665 
0.836209 1.56627 -0.00817723 
0.836142 1.57771 -0.011108 
0.844 1.56747 0.0126607 
0.844124 1.57882 0.00978814 
0.817371 1.56868 -0.00094889 
0.851324 1.5676 -0.00106224 
0.851331 1.57888 -0.00387812 
0.825074 1.57199 0.0118292 
0.831847 1.56584 -0.00802799 
0.831777 1.57732 -0.0109917 
0.847446 1.57081 0.0100062 
0.816514 1.56309 0.00330805 
0.816518 1.57474 0.000228634 
0.849267 1.57238 -0.00473558 
0.829011 1.56947 0.0136004 
0.82766 1.56408 -0.00685229 
0.827585 1.57561 -0.00984758 
0.850058 1.56383 0.00949265 
0.850125 1.57511 0.00666639 
0.816683 1.56906 0.00456304 
0.846371 1.56504 -0.00499208 
0.846321 1.57636 -0.00784567 
0.833287 1.56823 0.0143732 
0.823806 1.57265 -0.00773377 
0.85179 1.56884 0.00565187 
0.817872 1.56359 0.00871882 
0.817928 1.57523 0.00564924 
0.84272 1.56794 -0.00732485 
0.842674 1.57931 -0.0102062 
0.837653 1.56834 0.0141122 
0.820655 1.56864 -0.00476839 
0.852454 1.56295 0.00436091 
0.852469 1.57421 0.00155337 
0.820065 1.57026 0.00939145 
0.838595 1.56962 -0.00875743 
0.841855 1.56979 0.0128441 
0.81831 1.56378 -0.00112337 
0.818282 1.57542 -0.00418911 
0.852027 1.56836 0.000241736 
0.823044 1.56608 0.0124886 
0.823154 1.57766 0.00945767 
0.834246 1.56997 -0.00919447 
0.845638 1.57249 0.0106551 
0.816862 1.57002 -9.11525e-05 
0.850567 1.56217 -0.00083622 
0.85053 1.57345 -0.00365787 
0.826696 1.56293 0.0147601 
0.826799 1.57447 0.0117562 
0.829929 1.56895 -0.00859858 
0.848686 1.56498 0.0105198 
0.848771 1.57628 0.00768304 
0.816455 1.56435 0.00423099 
0.816478 1.576 0.00115109 
0.848092 1.56661 -0.00427281 
0.848062 1.57792 -0.0071133 
0.830913 1.57249 0.0131044 
0.825894 1.56664 -0.00699439 
0.82584 1.57819 -0.010003 
0.850963 1.56964 0.00692643 
0.817097 1.57037 0.00544004 
0.844807 1.57014 -0.00705554 
0.83526 1.57182 0.0134315 
0.822374 1.56317 -0.00446828 
0.822312 1.57475 -0.00750339 
0.85221 1.56358 0.00575614 
0.852242 1.57484 0.00294663 
0.818718 1.5651 0.00943943 
0.818792 1.57672 0.00637618 
0.840918 1.57254 -0.00901512 
0.839586 1.57251 0.012729 
0.819495 1.57035 -0.00422033 
0.852399 1.56901 0.00161683 
0.821316 1.57206 0.00986453 
0.836754 1.56222 -0.00709999 
0.836662 1.57365 -0.0100265 
0.843534 1.56317 0.0139263 
0.843633 1.57452 0.0110499 
0.817547 1.56522 -0.000346262 
0.817538 1.57686 -0.00341777 
0.851513 1.56306 0.000378431 
0.851494 1.57432 -0.00243607 
0.824614 1.5683 0.012624 
0.832295 1.57341 -0.0100186 
0.847054 1.5664 0.011353 
0.847158 1.57771 0.00850378 
0.816556 1.57131 0.000808568 
0.849566 1.5679 -0.00334152 
0.849555 1.57919 -0.00617078 
0.828498 1.56566 0.0144954 
0.828622 1.57717 0.0115053 
0.828071 1.57182 -0.00898049 
0.849828 1.57061 0.00807538 
0.816604 1.56562 0.0051467 
0.816646 1.57727 0.00206788 
0.846712 1.57197 -0.00651936 
0.832748 1.56428 0.0153757 
0.832868 1.57574 0.0124175 
0.824235 1.56899 -0.00696388 
0.851632 1.56428 0.00710259 
0.851682 1.57554 0.00428857 
0.817712 1.57175 0.00626256 
0.843204 1.56368 -0.00608789 
0.843133 1.57504 -0.00896553 
0.837118 1.56424 0.0152226 
0.837237 1.57566 0.0122974 
0.821005 1.56507 -0.00408073 
0.820962 1.57668 -0.00712617 
0.852434 1.56963 0.0030198 
0.819747 1.56672 0.0100605 
0.819841 1.57833 0.00700497 
0.839121 1.56549 -0.00761972 
0.839052 1.57689 -0.0105284 
0.841351 1.56556 0.0140565 
0.841471 1.57693 0.0111636 
0.81851 1.57192 -0.00356148 
0.85214 1.56379 0.00169873 
0.852139 1.57505 -0.00111105 
0.822639 1.56245 0.013235 
0.822725 1.57403 0.0102008 
0.834785 1.56597 -0.00816357 
0.834715 1.57742 -0.0111051 
0.845194 1.56814 0.0119576 
0.845318 1.57947 0.00909418 
0.81698 1.56657 0.000498218 
0.81699 1.57822 -0.00257756 
0.850761 1.56893 -0.00223443 
0.826304 1.57073 0.0125928 
0.830452 1.5651 -0.00767573 
0.830379 1.5766 -0.01065 
0.848411 1.57182 0.00905892 
0.816457 1.57257 0.00172918 
0.848451 1.56217 -0.00290818 
0.848396 1.57348 -0.0057459 
0.830378 1.56861 0.0140452 
0.826375 1.56292 -0.00617426 
0.826296 1.57446 -0.00917922 
0.850732 1.5651 0.0083574 
0.8508 1.57638 0.00553643 
0.81696 1.56692 0.00603386 
0.81702 1.57857 0.00295769 
