0.741111 1.5708 0.0782314 
0.741231 1.57288 0.0776226 
0.741354 1.57497 0.0770139 
0.741478 1.57705 0.0764053 
0.741605 1.57914 0.0757969 
0.818378 1.56823 -0.0935681 
0.942939 1.57237 0.0600277 
0.697922 1.57468 0.0109653 
0.920845 1.56505 -0.0683874 
0.920248 1.57559 -0.0707005 
0.843656 1.56939 0.0977703 
0.724419 1.57351 -0.0623277 
0.984502 1.56261 -0.00782526 
0.984423 1.57261 -0.00959581 
0.74669 1.57322 0.0804495 
0.811494 1.56635 -0.0926631 
0.810704 1.57801 -0.0958111 
0.948467 1.5708 0.0564624 
0.698545 1.56709 0.0187718 
0.913924 1.57185 -0.0731134 
0.850961 1.57038 0.0966016 
0.720611 1.56662 -0.056321 
0.720112 1.57945 -0.0601175 
0.98296 1.56421 -0.0127934 
0.982847 1.57422 -0.0145773 
0.752031 1.5676 0.0847763 
0.804716 1.56393 -0.0913441 
0.803916 1.57567 -0.0945399 
0.95375 1.56965 0.0526947 
0.699633 1.57265 0.022544 
0.907521 1.56755 -0.0752042 
0.906887 1.57822 -0.077628 
0.858312 1.57203 0.0949917 
0.716614 1.57244 -0.0538524 
0.980881 1.56562 -0.0176835 
0.980734 1.57565 -0.0194856 
0.757606 1.56227 0.0887738 
0.758338 1.57458 0.0852376 
0.797243 1.57283 -0.0928683 
0.958755 1.56889 0.0487384 
0.959219 1.57909 0.0467401 
0.700846 1.56511 0.0301774 
0.701102 1.57821 0.0262305 
0.901067 1.56266 -0.0769437 
0.900379 1.57339 -0.079417 
0.864898 1.56325 0.0957212 
0.865697 1.57431 0.0929518 
0.71344 1.56529 -0.0473168 
0.713007 1.57821 -0.0511667 
0.978288 1.56681 -0.0224763 
0.978106 1.57685 -0.0243012 
0.764113 1.5695 0.0889432 
0.790697 1.5695 -0.0908112 
0.963445 1.5685 0.0446063 
0.96387 1.57867 0.0426486 
0.70262 1.5707 0.0337444 
0.893841 1.56792 -0.0808241 
0.893163 1.57872 -0.0833579 
0.872296 1.56624 0.0932108 
0.8731 1.57723 0.090499 
0.710152 1.57096 -0.044402 
0.975209 1.56772 -0.0271544 
0.974991 1.5778 -0.0290064 
0.770084 1.56477 0.0923129 
0.770866 1.57691 0.0888645 
0.784286 1.56574 -0.0883831 
0.783522 1.57772 -0.0917236 
0.967784 1.56849 0.0403106 
0.968172 1.57862 0.0383909 
0.704449 1.56325 0.0411015 
0.704786 1.57629 0.0371818 
0.886562 1.57266 -0.0844015 
0.879693 1.56986 0.090308 
0.707622 1.5636 -0.0374059 
0.70726 1.57661 -0.0412997 
0.971673 1.56834 -0.0317018 
0.97142 1.57845 -0.0335848 
0.777003 1.57247 0.0919352 
0.777245 1.57361 -0.0889817 
0.971737 1.56881 0.0358636 
0.972089 1.57891 0.0339787 
0.706932 1.56889 0.0443714 
0.879975 1.56589 -0.0850031 
0.879247 1.57682 -0.0876448 
0.886321 1.56321 0.0896437 
0.887074 1.57406 0.0870393 
0.705047 1.56919 -0.034114 
0.967717 1.56863 -0.0361044 
0.967426 1.57877 -0.0380218 
0.783305 1.56842 0.0946566 
0.771129 1.56912 -0.0858923 
0.975268 1.56945 0.0312782 
0.709814 1.57456 0.0474707 
0.872636 1.56939 -0.0878249 
0.893657 1.56805 0.0859777 
0.89442 1.57883 0.083434 
0.702866 1.57477 -0.0306732 
0.963374 1.56857 -0.0403493 
0.963045 1.57874 -0.0423043 
0.789758 1.56478 0.0970183 
0.790577 1.57668 0.0937077 
0.765188 1.56426 -0.0824642 
0.764456 1.57648 -0.0859398 
0.978344 1.57039 0.0265685 
0.712608 1.56734 0.0542416 
0.865296 1.57228 -0.0902579 
0.90023 1.5627 0.0844996 
0.900939 1.57343 0.0820055 
0.701278 1.56724 -0.0231609 
0.958682 1.56813 -0.0444246 
0.958314 1.57835 -0.0464198 
0.797157 1.57341 0.095743 
0.758691 1.57136 -0.0822207 
0.980935 1.57159 0.0217503 
0.716214 1.57314 0.0569243 
0.858757 1.56339 -0.089477 
0.857972 1.57453 -0.0922798 
0.907426 1.56865 0.0801919 
0.908149 1.57931 0.0777596 
0.69979 1.57279 -0.0194708 
0.953677 1.5673 -0.0483183 
0.953269 1.57756 -0.050356 
0.803865 1.57061 0.097393 
0.753134 1.56591 -0.0781734 
0.75245 1.57829 -0.0817346 
0.982852 1.56301 0.0186292 
0.983012 1.57301 0.0168408 
0.719661 1.56616 0.0631963 
0.720216 1.57898 0.0593889 
0.851463 1.56492 -0.0910152 
0.850678 1.57615 -0.0938731 
0.913856 1.56447 0.0780239 
0.914529 1.57507 0.0756417 
0.698803 1.56521 -0.0117344 
0.698684 1.57835 -0.0156959 
0.948395 1.56607 -0.0520185 
0.947946 1.57638 -0.0541006 
0.810692 1.56831 0.0986434 
0.747104 1.57261 -0.0774009 
0.984426 1.56462 0.0136327 
0.984552 1.57461 0.011859 
0.723979 1.57214 0.0654017 
0.844215 1.56581 -0.0921139 
0.843428 1.57711 -0.0950256 
0.920829 1.57138 0.0731999 
0.697989 1.57075 -0.0078896 
0.942873 1.56442 -0.0555119 
0.942381 1.57477 -0.05764 
0.817627 1.56656 0.0994798 
0.81848 1.57812 0.0963659 
0.742003 1.56665 -0.0727442 
0.741368 1.57918 -0.0763851 
0.985447 1.56635 0.00858905 
0.98554 1.57634 0.00682504 
0.728058 1.56549 0.0711159 
0.728675 1.57819 0.0673694 
0.837027 1.56606 -0.0927669 
0.836236 1.57744 -0.0957313 
0.927021 1.56821 0.0704622 
0.927662 1.57869 0.0681919 
0.697581 1.56314 -3.41429e-05 
0.697549 1.5763 -0.00400537 
0.937142 1.56233 -0.0587839 
0.936606 1.57273 -0.0609592 
0.824661 1.56536 0.0998893 
0.825507 1.57685 0.0968253 
0.736514 1.57301 -0.071444 
0.985902 1.56816 0.00351968 
0.985962 1.57814 0.00176017 
0.733051 1.57171 0.0728056 
0.82991 1.56568 -0.0929736 
0.829114 1.57714 -0.0959895 
0.933078 1.56554 0.0674543 
0.933674 1.57597 0.0652332 
0.697427 1.56868 0.00386938 
0.930655 1.57024 -0.0640409 
0.831785 1.56476 0.0998612 
0.832626 1.57617 0.0968482 
0.731938 1.5666 -0.0661861 
0.731357 1.57927 -0.0698997 
0.985788 1.56998 -0.00155366 
0.737721 1.56546 0.0779258 
0.738393 1.57803 0.0742486 
0.822876 1.56469 -0.0927382 
0.822073 1.57623 -0.0958046 
0.938972 1.56333 0.0641989 
0.939525 1.5737 0.0620264 
0.697644 1.57423 0.00776683 
0.924556 1.56726 -0.0668654 
0.923988 1.57778 -0.0691491 
0.838987 1.56477 0.0993882 
0.839825 1.5761 0.0964274 
0.727061 1.57269 -0.0643629 
0.985104 1.57176 -0.00660908 
0.743329 1.57198 0.0790822 
0.815935 1.56312 -0.0920694 
0.815123 1.57473 -0.0951852 
0.945183 1.57188 0.0585909 
0.698093 1.56663 0.0156046 
0.918338 1.56378 -0.0694099 
0.917722 1.57435 -0.0717431 
0.846256 1.56541 0.0984673 
0.847093 1.57667 0.0955598 
0.723069 1.5659 -0.0585224 
0.722546 1.57869 -0.0623009 
0.98395 1.56345 -0.00984952 
0.983858 1.57345 -0.0116249 
0.748527 1.5662 0.0835911 
0.749252 1.57862 0.0799908 
0.808274 1.57268 -0.0941431 
0.950617 1.57048 0.0549438 
0.698972 1.57219 0.0194195 
0.911363 1.57039 -0.0740316 
0.853581 1.5667 0.0971006 
0.854418 1.57788 0.0942477 
0.718859 1.57177 -0.0561958 
0.98219 1.56497 -0.0147892 
0.982065 1.57499 -0.0165798 
0.75468 1.57307 0.0842102 
0.801535 1.5701 -0.0926921 
0.955793 1.56948 0.0511 
0.700005 1.56463 0.0271153 
0.70023 1.57774 0.023162 
0.904936 1.56586 -0.0759865 
0.904281 1.57655 -0.0784304 
0.860947 1.56863 0.0952959 
0.715493 1.56468 -0.0498108 
0.715033 1.57758 -0.0536454 
0.979902 1.5663 -0.019643 
0.979742 1.57634 -0.0214538 
0.760334 1.56783 0.0881 
0.794916 1.56703 -0.090847 
0.794145 1.57889 -0.0941126 
0.960675 1.56887 0.0470727 
0.961125 1.57906 0.0450911 
0.701564 1.57021 0.0307528 
0.897758 1.57147 -0.0800714 
0.868339 1.5712 0.093067 
0.711984 1.57039 -0.0470214 
0.977111 1.56739 -0.0243925 
0.976916 1.57745 -0.0262278 
0.766194 1.56292 0.0916564 
0.766955 1.57511 0.0881805 
0.788427 1.5635 -0.0886226 
0.787643 1.57543 -0.0919338 
0.965229 1.56864 0.0428745 
0.96564 1.57879 0.0409325 
0.703206 1.56273 0.0382025 
0.703512 1.57579 0.0342734 
0.891213 1.56575 -0.0813183 
0.890514 1.57658 -0.0838719 
0.874961 1.56343 0.0931254 
0.875742 1.57439 0.0904329 
0.709261 1.56308 -0.0401535 
0.708871 1.57607 -0.0440349 
0.973845 1.56819 -0.0290207 
0.973614 1.57828 -0.0308847 
0.772992 1.57048 0.0914407 
0.781281 1.57154 -0.0893889 
0.969417 1.56876 0.0385175 
0.969792 1.57887 0.0366122 
0.705467 1.56835 0.0415696 
0.883915 1.57023 -0.0847432 
0.882351 1.56731 0.0900507 
0.88314 1.5782 0.0874173 
0.706467 1.56869 -0.0369648 
0.970136 1.56868 -0.0335125 
0.969869 1.5788 -0.0354089 
0.779202 1.56622 0.0943565 
0.780012 1.57824 0.090972 
0.775072 1.56725 -0.0864903 
0.774335 1.57935 -0.0898959 
0.973205 1.56921 0.0340142 
0.973544 1.5793 0.0321424 
0.708126 1.574 0.0447777 
0.877339 1.56318 -0.0851614 
0.876588 1.57414 -0.0878224 
0.889717 1.57177 0.0866208 
0.704067 1.57428 -0.0336151 
0.96602 1.56883 -0.0378542 
0.965715 1.57898 -0.0397864 
0.78557 1.56236 0.0969188 
0.786368 1.57431 0.0935786 
0.76903 1.56258 -0.0832484 
0.768277 1.57475 -0.0866967 
0.976558 1.56998 0.0293779 
0.710724 1.56672 0.0516819 
0.869996 1.56641 -0.0878087 
0.86925 1.57745 -0.0905276 
0.896298 1.56603 0.0853901 
0.89704 1.57679 0.0828664 
0.702294 1.56678 -0.0261892 
0.961533 1.56862 -0.0420335 
0.96119 1.57881 -0.0440044 
0.79287 1.57079 0.0958212 
0.762401 1.5698 -0.0831611 
0.979443 1.57102 0.0246233 
0.714107 1.57248 0.0544951 
0.86266 1.56902 -0.0900583 
0.903549 1.57164 0.0812812 
0.700593 1.57233 -0.0225631 
0.95671 1.56803 -0.0460384 
0.956328 1.57826 -0.0480505 
0.799507 1.56774 0.0976866 
0.800356 1.57951 0.0944448 
0.756723 1.56452 -0.079295 
0.756018 1.57685 -0.0828307 
0.98165 1.5623 0.0215664 
0.981831 1.57232 0.0197668 
0.717359 1.56542 0.0609222 
0.717889 1.57828 0.057098 
0.855345 1.57099 -0.0918897 
0.910015 1.5671 0.0793232 
0.910719 1.57773 0.0769112 
0.699428 1.56476 -0.0148822 
0.699276 1.57789 -0.0188389 
0.95159 1.56705 -0.0498571 
0.951167 1.57732 -0.0519126 
0.806267 1.56517 0.0991607 
0.807106 1.57687 0.0959661 
0.75054 1.57132 -0.0786776 
0.983548 1.56381 0.0166083 
0.983696 1.57381 0.0148264 
0.72146 1.57135 0.0632736 
0.848067 1.57232 -0.0932873 
0.916414 1.56314 0.0770232 
0.917069 1.57372 0.0746612 
0.698407 1.5703 -0.0110732 
0.946207 1.56565 -0.0534772 
0.945743 1.57597 -0.0555777 
0.813142 1.56311 0.100229 
0.813971 1.57473 0.0970826 
0.745296 1.5655 -0.0742001 
0.74464 1.57799 -0.0778174 
0.984902 1.56548 0.0115906 
0.985017 1.57547 0.00982147 
0.725354 1.5646 0.0691577 
0.725946 1.57734 0.0653917 
0.84084 1.573 -0.0942414 
0.923328 1.57024 0.0720988 
0.697827 1.56269 -0.00324198 
0.697761 1.57585 -0.00721126 
0.940597 1.56383 -0.0568849 
0.940089 1.5742 -0.0590319 
0.820943 1.57315 0.0977804 
0.739632 1.57196 -0.0730549 
0.985698 1.56725 0.00653427 
0.985779 1.57723 0.00477273 
0.730144 1.57074 0.0710022 
0.833676 1.57304 -0.0947483 
0.929469 1.56728 0.0692512 
0.930093 1.57773 0.0670009 
0.697468 1.56824 0.000654244 
0.934239 1.57198 -0.0622593 
0.82801 1.57214 0.0980473 
0.734892 1.56567 -0.0679734 
0.734288 1.57829 -0.0716657 
0.985925 1.56907 0.00146072 
0.985973 1.57905 -0.000298452 
0.734643 1.56437 0.0763007 
0.735293 1.57698 0.0726015 
0.826587 1.57246 -0.0948092 
0.935464 1.56479 0.0661427 
0.936044 1.57519 0.0639414 
0.697481 1.57378 0.00455782 
0.928224 1.5693 -0.0652417 
0.835164 1.57173 0.097874 
0.729819 1.57182 -0.0663032 
0.985582 1.57088 -0.00360815 
0.740068 1.5708 0.077615 
0.819584 1.57128 -0.0944305 
0.941283 1.56275 0.062795 
0.94182 1.57311 0.0606418 
0.697758 1.56618 0.0124176 
0.697865 1.57933 0.00844742 
0.922074 1.56612 -0.0679581 
0.921488 1.57666 -0.0702618 
0.842393 1.57194 0.0972546 
0.725648 1.56514 -0.0606321 
0.7251 1.57789 -0.0643917 
0.984743 1.56263 -0.00688191 
0.984672 1.57263 -0.00865048 
0.745116 1.56488 0.0823055 
0.745819 1.57735 0.0786811 
0.812677 1.56953 -0.0936221 
0.947392 1.57145 0.0571208 
0.69843 1.57173 0.016267 
0.915815 1.56243 -0.0703848 
0.915181 1.57303 -0.0727379 
0.849686 1.57279 0.0961883 
0.721226 1.57106 -0.0584508 
0.983309 1.56426 -0.0118638 
0.983205 1.57426 -0.0136447 
0.751108 1.57164 0.0830826 
0.805874 1.56724 -0.0923966 
0.805094 1.57897 -0.0955846 
0.952726 1.57022 0.0533942 
0.699285 1.56416 0.0240158 
0.699478 1.57728 0.0200571 
0.90879 1.56884 -0.0748976 
0.908169 1.5795 -0.0773117 
0.856218 1.56313 0.097514 
0.857029 1.57429 0.0946794 
0.717671 1.56405 -0.0522217 
0.717184 1.57692 -0.0560402 
0.981336 1.56571 -0.0167718 
0.981197 1.57574 -0.01857 
0.756634 1.56624 0.0871558 
0.757388 1.57855 0.0836128 
0.799187 1.56443 -0.0907684 
0.798395 1.57624 -0.0940035 
0.957788 1.56938 0.0494763 
0.700631 1.56973 0.0277157 
0.902342 1.56408 -0.0767119 
0.901668 1.57479 -0.0791757 
0.863595 1.56535 0.0955165 
0.864409 1.57643 0.0927382 
0.713943 1.5698 -0.0495634 
0.978843 1.56695 -0.0215865 
0.97867 1.57699 -0.0234066 
0.763118 1.5734 0.0873949 
0.791818 1.57303 -0.0920337 
0.962543 1.56892 0.04538 
0.962978 1.57909 0.0434147 
0.702087 1.56222 0.0352491 
0.702363 1.5753 0.0313117 
0.895132 1.56946 -0.0806639 
0.870992 1.5682 0.0931013 
0.871811 1.5792 0.0903804 
0.711027 1.56254 -0.0428308 
0.710608 1.5755 -0.046699 
0.975857 1.56793 -0.0262899 
0.975649 1.578 -0.0281364 
0.769047 1.56858 0.0908424 
0.785376 1.56936 -0.0896898 
0.966954 1.56883 0.0411176 
0.967352 1.57896 0.0391908 
0.704128 1.56783 0.0387057 
0.888585 1.56347 -0.0817458 
0.887864 1.57432 -0.084319 
0.878392 1.57167 0.0902893 
0.708012 1.56817 -0.0397523 
0.97241 1.56861 -0.0308659 
0.972165 1.57871 -0.0327426 
0.77516 1.56412 0.0939497 
0.77595 1.5762 0.0905368 
0.77908 1.56528 -0.0869854 
0.778322 1.57733 -0.0903626 
0.970987 1.56908 0.0367012 
0.971348 1.57919 0.0348099 
0.706566 1.57346 0.0420154 
0.88127 1.5677 -0.0850135 
0.880557 1.57862 -0.087646 
0.885013 1.56488 0.0897198 
0.885779 1.57574 0.087106 
0.705392 1.57378 -0.0365015 
0.968533 1.56897 -0.0353 
0.968252 1.5791 -0.0372105 
0.782216 1.57205 0.0933396 
0.772169 1.57293 -0.0873526 
0.974604 1.56966 0.0321437 
0.708969 1.56613 0.0490455 
0.709402 1.57911 0.0451594 
0.873935 1.57134 -0.0879243 
